000002
000003
000005
000007
000011
000013
000017
000019
000023
000029
000031
000037
000041
000043
000047
000053
000059
000101
000103
000107
000109
000113
000127
000131
000137
000139
000149
000151
000157
000211
000223
000227
000229
000233
000239
000241
000251
000257
000307
000311
000313
000317
000331
000337
000347
000349
000353
000359
000401
000409
000419
000421
000431
000433
000439
000443
000449
000457
000503
000509
000521
000523
000541
000547
000557
000601
000607
000613
000617
000619
000631
000641
000643
000647
000653
000659
000701
000709
000719
000727
000733
000739
000743
000751
000757
000809
000811
000821
000823
000827
000829
000839
000853
000857
000859
000907
000911
000919
000929
000937
000941
000947
000953
001009
001013
001019
001021
001031
001033
001039
001049
001051
001103
001109
001117
001123
001129
001151
001153
001201
001213
001217
001223
001229
001231
001237
001249
001259
001301
001303
001307
001319
001321
001327
001409
001423
001427
001429
001433
001439
001447
001451
001453
001459
001511
001523
001531
001543
001549
001553
001559
001601
001607
001609
001613
001619
001621
001627
001637
001657
001709
001721
001723
001733
001741
001747
001753
001759
001801
001811
001823
001831
001847
001901
001907
001913
001931
001933
001949
001951
002003
002011
002017
002027
002029
002039
002053
002111
002113
002129
002131
002137
002141
002143
002153
002203
002207
002213
002221
002237
002239
002243
002251
002309
002311
002333
002339
002341
002347
002351
002357
002411
002417
002423
002437
002441
002447
002459
002503
002521
002531
002539
002543
002549
002551
002557
002609
002617
002621
002633
002647
002657
002659
002707
002711
002713
002719
002729
002731
002741
002749
002753
002801
002803
002819
002833
002837
002843
002851
002857
002903
002909
002917
002927
002939
002953
002957
003001
003011
003019
003023
003037
003041
003049
003109
003119
003121
003137
003203
003209
003217
003221
003229
003251
003253
003257
003259
003301
003307
003313
003319
003323
003329
003331
003343
003347
003359
003407
003413
003433
003449
003457
003511
003517
003527
003529
003533
003539
003541
003547
003557
003559
003607
003613
003617
003623
003631
003637
003643
003659
003701
003709
003719
003727
003733
003739
003803
003821
003823
003833
003847
003851
003853
003907
003911
003917
003919
003923
003929
003931
003943
003947
004001
004003
004007
004013
004019
004021
004027
004049
004051
004057
004111
004127
004129
004133
004139
004153
004157
004159
004201
004211
004217
004219
004229
004231
004241
004243
004253
004259
004327
004337
004339
004349
004357
004409
004421
004423
004441
004447
004451
004457
004507
004513
004517
004519
004523
004547
004549
004603
004621
004637
004639
004643
004649
004651
004657
004703
004721
004723
004729
004733
004751
004759
004801
004813
004817
004831
004903
004909
004919
004931
004933
004937
004943
004951
004957
005003
005009
005011
005021
005023
005039
005051
005059
005101
005107
005113
005119
005147
005153
005209
005227
005231
005233
005237
005303
005309
005323
005333
005347
005351
005407
005413
005417
005419
005431
005437
005441
005443
005449
005501
005503
005507
005519
005521
005527
005531
005557
005623
005639
005641
005647
005651
005653
005657
005659
005701
005711
005717
005737
005741
005743
005749
005801
005807
005813
005821
005827
005839
005843
005849
005851
005857
005903
005923
005927
005939
005953
010007
010009
010037
010039
010103
010111
010133
010139
010141
010151
010159
010211
010223
010243
010247
010253
010259
010301
010303
010313
010321
010331
010333
010337
010343
010357
010427
010429
010433
010453
010457
010459
010501
010513
010529
010531
010559
010601
010607
010613
010627
010631
010639
010651
010657
010709
010711
010723
010729
010733
010739
010753
010831
010837
010847
010853
010859
010903
010909
010937
010939
010949
010957
011003
011027
011047
011057
011059
011113
011117
011119
011131
011149
011159
011213
011239
011243
011251
011257
011311
011317
011321
011329
011351
011353
011411
011423
011437
011443
011447
011503
011519
011527
011549
011551
011617
011621
011633
011657
011701
011717
011719
011731
011743
011801
011807
011813
011821
011827
011831
011833
011839
011903
011909
011923
011927
011933
011939
011941
011953
011959
012007
012011
012037
012041
012043
012049
012101
012107
012109
012113
012119
012143
012149
012157
012203
012211
012227
012239
012241
012251
012253
012301
012323
012329
012343
012347
012401
012409
012413
012421
012433
012437
012451
012457
012503
012511
012517
012527
012539
012541
012547
012553
012601
012611
012613
012619
012637
012641
012647
012653
012659
012703
012713
012721
012739
012743
012757
012809
012821
012823
012829
012841
012853
012907
012911
012917
012919
012923
012941
012953
012959
013001
013003
013007
013009
013033
013037
013043
013049
013103
013109
013121
013127
013147
013151
013159
013217
013219
013229
013241
013249
013259
013309
013313
013327
013331
013337
013339
013411
013417
013421
013441
013451
013457
013513
013523
013537
013553
013613
013619
013627
013633
013649
013709
013711
013721
013723
013729
013751
013757
013759
013807
013829
013831
013841
013859
013901
013903
013907
013913
013921
013931
013933
014009
014011
014029
014033
014051
014057
014107
014143
014149
014153
014159
014207
014221
014243
014249
014251
014303
014321
014323
014327
014341
014347
014401
014407
014411
014419
014423
014431
014437
014447
014449
014503
014519
014533
014537
014543
014549
014551
014557
014621
014627
014629
014633
014639
014653
014657
014713
014717
014723
014731
014737
014741
014747
014753
014759
014813
014821
014827
014831
014843
014851
014923
014929
014939
014947
014951
014957
015013
015017
015031
015053
015101
015107
015121
015131
015137
015139
015149
015217
015227
015233
015241
015259
015307
015313
015319
015329
015331
015349
015359
015401
015413
015427
015439
015443
015451
015511
015527
015541
015551
015559
015601
015607
015619
015629
015641
015643
015647
015649
015727
015731
015733
015737
015739
015749
015803
015809
015817
015823
015859
015901
015907
015913
015919
015923
015937
015959
020011
020021
020023
020029
020047
020051
020101
020107
020113
020117
020123
020129
020143
020147
020149
020201
020219
020231
020233
020249
020323
020327
020333
020341
020347
020353
020357
020359
020407
020411
020431
020441
020443
020507
020509
020521
020533
020543
020549
020551
020611
020627
020639
020641
020707
020717
020719
020731
020743
020747
020749
020753
020759
020807
020809
020849
020857
020903
020921
020929
020939
020947
020959
021001
021011
021013
021017
021019
021023
021031
021059
021101
021107
021121
021139
021143
021149
021157
021211
021221
021227
021247
021313
021317
021319
021323
021341
021347
021401
021407
021419
021433
021503
021517
021521
021523
021529
021557
021559
021601
021611
021613
021617
021647
021649
021701
021713
021727
021737
021739
021751
021757
021803
021817
021821
021839
021841
021851
021859
021911
021929
021937
021943
022003
022013
022027
022031
022037
022039
022051
022109
022111
022123
022129
022133
022147
022153
022157
022159
022229
022247
022259
022303
022307
022343
022349
022409
022433
022441
022447
022453
022501
022511
022531
022541
022543
022549
022613
022619
022621
022637
022639
022643
022651
022709
022717
022721
022727
022739
022741
022751
022807
022811
022817
022853
022859
022901
022907
022921
022937
022943
023003
023011
023017
023021
023027
023029
023039
023041
023053
023057
023059
023117
023131
023143
023159
023201
023203
023209
023227
023251
023311
023321
023327
023333
023339
023357
023417
023431
023447
023459
023509
023531
023537
023539
023549
023557
023603
023609
023623
023627
023629
023633
023719
023741
023743
023747
023753
023801
023813
023819
023827
023831
023833
023857
023909
023911
023917
023929
023957
024001
024007
024019
024023
024029
024043
024049
024103
024107
024109
024113
024121
024133
024137
024151
024203
024223
024229
024239
024247
024251
024317
024329
024337
024359
024407
024413
024419
024421
024439
024443
024509
024517
024527
024533
024547
024551
024611
024623
024631
024659
024709
024733
024749
024809
024821
024841
024847
024851
024859
024907
024917
024919
024923
024943
024953
025013
025031
025033
025037
025057
025111
025117
025121
025127
025147
025153
025219
025229
025237
025243
025247
025253
025301
025303
025307
025309
025321
025339
025343
025349
025357
025409
025411
025423
025439
025447
025453
025457
025523
025537
025541
025601
025603
025609
025621
025633
025639
025643
025657
025703
025717
025733
025741
025747
025759
025801
025819
025841
025847
025849
025903
025913
025919
025931
025933
025939
025943
025951
030011
030013
030029
030047
030059
030103
030109
030113
030119
030133
030137
030139
030203
030211
030223
030241
030253
030259
030307
030313
030319
030323
030341
030347
030403
030427
030431
030449
030509
030517
030529
030539
030553
030557
030559
030631
030637
030643
030649
030703
030707
030713
030727
030757
030803
030809
030817
030829
030839
030841
030851
030853
030859
030911
030931
030937
030941
030949
031013
031019
031033
031039
031051
031121
031123
031139
031147
031151
031153
031159
031219
031223
031231
031237
031247
031249
031253
031259
031307
031319
031321
031327
031333
031337
031357
031511
031513
031517
031531
031541
031543
031547
031601
031607
031627
031643
031649
031657
031721
031723
031727
031729
031741
031751
031817
031847
031849
031859
031907
031957
032003
032009
032027
032029
032051
032057
032059
032117
032119
032141
032143
032159
032203
032213
032233
032237
032251
032257
032303
032309
032321
032323
032327
032341
032353
032359
032401
032411
032413
032423
032429
032441
032443
032503
032507
032531
032533
032537
032603
032609
032611
032621
032633
032647
032653
032707
032713
032717
032719
032749
032801
032803
032831
032833
032839
032843
032909
032911
032917
032933
032939
032941
032957
033013
033023
033029
033037
033049
033053
033107
033113
033119
033149
033151
033203
033211
033223
033247
033301
033311
033317
033329
033331
033343
033347
033349
033353
033359
033403
033409
033413
033427
033457
033503
033521
033529
033533
033547
033601
033613
033617
033619
033623
033629
033637
033641
033647
033703
033713
033721
033739
033749
033751
033757
033809
033811
033827
033829
033851
033857
033911
033923
033931
033937
033941
034019
034031
034033
034039
034057
034123
034127
034129
034141
034147
034157
034159
034211
034213
034217
034231
034253
034259
034301
034303
034313
034319
034327
034337
034351
034403
034421
034429
034439
034457
034501
034511
034513
034519
034537
034543
034549
034603
034607
034613
034631
034649
034651
034703
034721
034729
034739
034747
034757
034759
034807
034819
034841
034843
034847
034849
034913
034919
034939
034949
035023
035027
035051
035053
035059
035107
035111
035117
035129
035141
035149
035153
035159
035201
035221
035227
035251
035257
035311
035317
035323
035327
035339
035353
035401
035407
035419
035423
035437
035447
035449
035507
035509
035521
035527
035531
035533
035537
035543
035603
035617
035729
035731
035747
035753
035759
035801
035803
035809
035831
035837
035839
035851
035911
035923
035933
035951
040009
040013
040031
040037
040039
040111
040123
040127
040129
040151
040153
040213
040231
040237
040241
040253
040343
040351
040357
040423
040427
040429
040433
040459
040507
040519
040529
040531
040543
040559
040609
040627
040637
040639
040709
040739
040751
040759
040801
040813
040819
040823
040829
040841
040847
040849
040853
040903
040927
040933
040939
040949
041011
041017
041023
041039
041047
041051
041057
041113
041117
041131
041141
041143
041149
041201
041203
041213
041221
041227
041231
041233
041243
041257
041333
041341
041351
041357
041411
041413
041443
041453
041507
041513
041519
041521
041539
041543
041549
041603
041609
041611
041617
041621
041627
041641
041647
041651
041659
041719
041729
041737
041759
041801
041809
041813
041843
041849
041851
041903
041911
041927
041941
041947
041953
041957
041959
042013
042017
042019
042023
042043
042101
042131
042139
042157
042209
042221
042223
042227
042239
042257
042307
042323
042331
042337
042349
042359
042403
042407
042409
042433
042437
042443
042451
042457
042509
042533
042557
042611
042641
042643
042649
042701
042703
042709
042719
042727
042737
042743
042751
042821
042829
042839
042841
042853
042859
042901
042923
042929
042937
042943
042953
043003
043013
043019
043037
043049
043051
043103
043117
043133
043151
043159
043201
043207
043223
043237
043313
043319
043321
043331
043403
043411
043427
043441
043451
043457
043517
043541
043543
043607
043609
043613
043627
043633
043649
043651
043711
043717
043721
043753
043759
043801
043853
043913
043933
043943
043951
044017
044021
044027
044029
044041
044053
044059
044101
044111
044119
044123
044129
044131
044159
044201
044203
044207
044221
044249
044257
044351
044357
044417
044449
044453
044501
044507
044519
044531
044533
044537
044543
044549
044617
044621
044623
044633
044641
044647
044651
044657
044701
044711
044729
044741
044753
044809
044819
044839
044843
044851
044909
044917
044927
044939
044953
044959
045007
045013
045053
045119
045121
045127
045131
045137
045139
045233
045247
045259
045307
045317
045319
045329
045337
045341
045343
045403
045413
045427
045433
045439
045503
045523
045533
045541
045553
045557
045613
045631
045641
045659
045707
045737
045751
045757
045817
045821
045823
045827
045833
045841
045853
045943
045949
045953
045959
050021
050023
050033
050047
050051
050053
050101
050111
050119
050123
050129
050131
050147
050153
050159
050207
050221
050227
050231
050311
050321
050329
050333
050341
050359
050411
050417
050423
050441
050459
050503
050513
050527
050539
050543
050549
050551
050627
050647
050651
050707
050723
050741
050753
050821
050833
050839
050849
050857
050909
050923
050929
050951
050957
051001
051031
051043
051047
051059
051109
051131
051133
051137
051151
051157
051203
051217
051229
051239
051241
051257
051307
051329
051341
051343
051347
051349
051407
051413
051419
051421
051427
051431
051437
051439
051449
051503
051511
051517
051521
051539
051551
051607
051613
051631
051637
051647
051659
051713
051719
051721
051749
051803
051817
051827
051829
051839
051853
051859
051907
051913
051929
051941
051949
052009
052021
052027
052051
052057
052103
052121
052127
052147
052153
052201
052223
052237
052249
052253
052259
052301
052313
052321
052433
052453
052457
052501
052511
052517
052529
052541
052543
052553
052609
052627
052631
052639
052709
052711
052721
052727
052733
052747
052757
052807
052813
052817
052837
052859
052901
052903
052919
052937
052951
052957
053003
053017
053047
053051
053101
053113
053117
053129
053147
053149
053201
053231
053233
053239
053309
053323
053327
053353
053359
053401
053407
053411
053419
053437
053441
053453
053503
053507
053527
053549
053551
053609
053611
053617
053623
053629
053633
053639
053653
053657
053717
053719
053731
053759
053813
053819
053831
053849
053857
053917
053923
053927
053939
053951
053959
054001
054011
054013
054037
054049
054059
054101
054121
054133
054139
054151
054217
054251
054311
054319
054323
054331
054347
054401
054403
054409
054413
054419
054421
054437
054443
054449
054503
054517
054521
054539
054541
054547
054559
054601
054617
054623
054629
054631
054647
054709
054713
054721
054727
054751
054829
054833
054851
054907
054917
054919
054941
054949
054959
055001
055009
055021
055049
055051
055057
055103
055109
055117
055127
055147
055201
055207
055213
055217
055219
055229
055243
055249
055259
055313
055331
055333
055337
055339
055343
055351
055411
055439
055441
055457
055501
055511
055529
055541
055547
055603
055609
055619
055621
055631
055633
055639
055711
055717
055721
055733
055807
055813
055817
055819
055823
055829
055837
055843
055849
055901
055903
055921
055927
055931
055933
055949
060013
060017
060029
060037
060041
060101
060103
060107
060127
060133
060139
060149
060209
060217
060223
060251
060257
060259
060317
060331
060337
060343
060353
060413
060427
060443
060449
060457
060509
060521
060527
060539
060601
060607
060611
060617
060623
060631
060637
060647
060649
060659
060703
060719
060727
060733
060737
060757
060811
060821
060859
060901
060913
060917
060919
060923
060937
060943
060953
061001
061007
061027
061031
061043
061051
061057
061121
061129
061141
061151
061153
061211
061223
061231
061253
061331
061333
061339
061343
061357
061403
061409
061417
061441
061507
061511
061519
061543
061547
061553
061559
061603
061609
061613
061627
061631
061637
061643
061651
061657
061703
061717
061723
061729
061751
061757
061813
061819
061837
061843
061909
061927
061933
061949
062003
062011
062017
062039
062047
062053
062057
062119
062129
062131
062137
062141
062143
062201
062207
062213
062219
062233
062303
062311
062323
062327
062347
062351
062401
062417
062423
062459
062501
062507
062533
062539
062549
062603
062617
062627
062633
062639
062653
062659
062701
062723
062731
062743
062753
062801
062819
062827
062851
062903
062921
062927
062929
062939
063029
063031
063059
063103
063113
063127
063131
063149
063211
063241
063247
063311
063313
063317
063331
063337
063347
063353
063409
063419
063421
063439
063443
063521
063527
063533
063541
063559
063601
063607
063611
063617
063629
063647
063649
063659
063703
063709
063719
063727
063737
063743
063803
063809
063823
063839
063841
063853
063857
063901
063907
063913
063929
063949
064007
064013
064019
064033
064037
064109
064123
064151
064153
064157
064217
064223
064231
064237
064301
064303
064319
064327
064333
064403
064433
064439
064451
064453
064513
064553
064601
064609
064613
064621
064627
064633
064709
064717
064747
064811
064817
064849
064853
064901
064919
064921
064927
064937
064951
065003
065011
065027
065029
065033
065053
065101
065111
065119
065123
065129
065141
065147
065203
065213
065239
065257
065309
065323
065327
065353
065357
065407
065413
065419
065423
065437
065447
065449
065519
065521
065537
065539
065543
065551
065557
065609
065617
065629
065633
065647
065651
065657
065701
065707
065713
065717
065719
065729
065731
065809
065827
065831
065837
065839
065843
065851
065921
065927
065929
065951
065957
070001
070003
070009
070019
070039
070051
070111
070117
070121
070123
070139
070141
070157
070201
070207
070223
070229
070237
070241
070249
070309
070313
070321
070327
070351
070423
070429
070439
070451
070457
070459
070501
070507
070529
070537
070549
070607
070619
070621
070627
070639
070657
070709
070717
070729
070753
070823
070841
070843
070849
070853
070901
070913
070919
070921
070937
070949
070951
070957
071011
071023
071039
071059
071119
071129
071143
071147
071153
071209
071233
071237
071249
071257
071317
071327
071329
071333
071339
071341
071347
071353
071359
071411
071413
071419
071429
071437
071443
071453
071503
071527
071537
071549
071551
071633
071647
071707
071711
071713
071719
071741
071807
071809
071821
071837
071843
071849
071909
071917
071933
071941
071947
072019
072031
072043
072047
072053
072101
072103
072109
072139
072211
072221
072223
072227
072229
072251
072253
072307
072313
072337
072341
072353
072421
072431
072503
072533
072547
072551
072559
072613
072617
072623
072643
072647
072649
072701
072707
072719
072727
072733
072739
072817
072823
072859
072901
072907
072911
072923
072931
072937
072949
072953
072959
073009
073013
073019
073037
073039
073043
073121
073127
073133
073141
073237
073243
073259
073303
073309
073327
073331
073351
073417
073421
073433
073453
073459
073517
073523
073529
073547
073553
073607
073609
073613
073637
073643
073651
073709
073721
073727
073751
073757
073819
073823
073847
073849
073859
073907
073939
073943
073951
074017
074021
074027
074047
074051
074101
074131
074143
074149
074159
074201
074203
074209
074219
074231
074257
074311
074317
074323
074353
074357
074411
074413
074419
074441
074449
074453
074507
074509
074521
074527
074531
074551
074609
074611
074623
074653
074707
074713
074717
074719
074729
074731
074747
074759
074821
074827
074831
074843
074857
074903
074923
074929
074933
074941
074959
075011
075013
075017
075029
075037
075041
075109
075133
075149
075209
075211
075217
075223
075227
075239
075253
075307
075323
075329
075337
075347
075353
075401
075403
075407
075431
075437
075503
075511
075521
075527
075533
075539
075541
075553
075557
075611
075617
075619
075629
075641
075653
075659
075703
075707
075709
075721
075731
075743
075821
075833
075853
075913
075931
075937
075941
080021
080039
080051
080107
080111
080141
080147
080149
080153
080207
080209
080221
080231
080233
080239
080251
080309
080317
080329
080341
080347
080407
080429
080447
080449
080513
080527
080537
080557
080603
080611
080621
080627
080629
080651
080657
080701
080713
080737
080747
080749
080803
080809
080819
080831
080833
080849
080909
080911
080917
080923
080929
080933
080953
081001
081013
081017
081019
081023
081031
081041
081043
081047
081049
081101
081119
081131
081157
081203
081223
081233
081239
081307
081331
081343
081349
081353
081359
081401
081409
081421
081439
081457
081509
081517
081527
081533
081547
081551
081553
081559
081611
081619
081629
081637
081647
081649
081701
081703
081707
081727
081737
081749
081817
081839
081847
081853
081901
081919
081929
081931
081937
081943
081953
082003
082007
082009
082013
082021
082031
082037
082039
082051
082129
082139
082141
082153
082207
082217
082219
082223
082231
082237
082241
082301
082307
082339
082349
082351
082421
082457
082507
082529
082531
082549
082559
082601
082609
082613
082619
082633
082651
082657
082721
082723
082727
082729
082757
082759
082811
082813
082837
082847
082903
082913
082939
083003
083009
083023
083047
083059
083101
083117
083137
083203
083207
083219
083221
083227
083231
083233
083243
083257
083311
083339
083341
083357
083401
083407
083417
083423
083431
083437
083443
083449
083459
083537
083557
083609
083617
083621
083639
083641
083653
083701
083717
083719
083737
083813
083833
083843
083857
083903
083911
083921
083933
083939
084011
084017
084047
084053
084059
084121
084127
084131
084137
084143
084211
084221
084223
084229
084239
084247
084307
084313
084317
084319
084347
084349
084401
084407
084421
084431
084437
084443
084449
084457
084503
084509
084521
084523
084533
084551
084559
084629
084631
084649
084653
084659
084701
084713
084719
084731
084737
084751
084809
084811
084827
084857
084859
084913
084919
084947
085009
085021
085027
085037
085049
085103
085109
085121
085133
085147
085159
085201
085213
085223
085229
085237
085243
085247
085259
085303
085313
085331
085333
085411
085427
085429
085439
085447
085451
085453
085513
085517
085523
085531
085549
085601
085607
085619
085621
085627
085639
085643
085703
085711
085717
085733
085751
085817
085819
085829
085831
085837
085843
085847
085853
085903
085909
085931
085933
090001
090007
090011
090017
090019
090023
090031
090053
090059
090107
090121
090127
090149
090203
090217
090227
090239
090247
090313
090353
090359
090401
090403
090407
090437
090439
090511
090523
090527
090529
090533
090547
090617
090619
090631
090641
090647
090659
090703
090709
090731
090749
090803
090821
090823
090833
090841
090847
090901
090907
090911
090917
090931
090947
091009
091019
091033
091121
091127
091129
091139
091141
091151
091153
091159
091229
091237
091243
091249
091253
091303
091309
091331
091411
091423
091433
091453
091457
091459
091513
091529
091541
091621
091631
091639
091703
091711
091733
091753
091757
091801
091807
091811
091813
091823
091837
091841
091909
091921
091939
091943
091951
091957
092003
092009
092033
092041
092051
092107
092111
092119
092143
092153
092203
092219
092221
092227
092233
092237
092243
092251
092311
092317
092333
092347
092353
092357
092401
092413
092419
092431
092459
092503
092507
092551
092557
092623
092627
092639
092641
092647
092657
092707
092717
092723
092737
092753
092801
092809
092821
092831
092849
092857
092921
092927
092941
092951
092957
092959
093001
093047
093053
093059
093103
093113
093131
093133
093139
093151
093229
093239
093241
093251
093253
093257
093307
093319
093323
093329
093337
093407
093419
093427
093503
093523
093529
093553
093557
093559
093601
093607
093629
093637
093701
093703
093719
093739
093809
093811
093827
093851
093901
093911
093913
093923
093937
093941
093949
094007
094009
094033
094049
094057
094109
094111
094117
094121
094151
094153
094201
094207
094219
094229
094253
094307
094309
094321
094327
094331
094343
094349
094351
094421
094427
094433
094439
094441
094447
094513
094529
094531
094541
094543
094547
094559
094603
094613
094621
094649
094651
094709
094723
094727
094747
094811
094819
094823
094837
094841
094847
094849
094903
094907
094933
094949
094951
095003
095009
095021
095027
095101
095107
095111
095131
095143
095153
095203
095213
095219
095231
095233
095239
095257
095311
095317
095327
095339
095401
095413
095419
095429
095441
095443
095507
095527
095531
095539
095549
095603
095617
095621
095629
095633
095651
095701
095707
095713
095717
095723
095731
095737
095747
095801
095803
095813
095819
095857
095911
095917
095923
095929
095947
095957
095959
100003
100019
100043
100049
100057
100103
100109
100129
100151
100153
100207
100213
100237
100313
100333
100343
100357
100403
100411
100417
100447
100459
100501
100511
100517
100519
100523
100537
100547
100549
100559
100609
100613
100621
100649
100703
100733
100741
100747
100801
100811
100823
100829
100847
100853
100907
100913
100927
100931
100937
100943
100957
101009
101021
101027
101051
101107
101111
101113
101117
101119
101141
101149
101159
101203
101207
101209
101221
101323
101333
101341
101347
101359
101411
101419
101429
101449
101501
101503
101513
101527
101531
101533
101537
101603
101611
101627
101641
101653
101701
101719
101723
101737
101741
101747
101749
101807
101833
101837
101839
101917
101921
101929
101939
101957
102001
102013
102019
102023
102031
102043
102059
102101
102103
102107
102121
102139
102149
102203
102217
102229
102233
102241
102251
102253
102259
102301
102317
102329
102337
102359
102407
102409
102433
102437
102451
102503
102523
102533
102539
102547
102551
102559
102607
102611
102643
102647
102653
102701
102811
102829
102841
102859
102911
102913
102929
102931
102953
103001
103007
103043
103049
103123
103141
103217
103231
103237
103307
103319
103333
103349
103357
103409
103421
103423
103451
103457
103511
103529
103549
103553
103613
103619
103643
103651
103657
103703
103723
103801
103811
103813
103837
103841
103843
103903
103913
103919
103951
104003
104009
104021
104033
104047
104053
104059
104107
104113
104119
104123
104147
104149
104207
104231
104233
104239
104243
104309
104311
104323
104327
104347
104417
104459
104513
104527
104537
104543
104549
104551
104623
104639
104651
104659
104701
104707
104711
104717
104723
104729
104743
104759
104801
104803
104827
104831
104849
104851
104911
104917
104933
104947
104953
104959
105019
105023
105031
105037
105107
105137
105143
105211
105227
105229
105239
105251
105253
105319
105323
105331
105337
105341
105359
105401
105407
105437
105449
105503
105509
105517
105527
105529
105533
105541
105557
105601
105607
105613
105619
105649
105653
105701
105727
105733
105751
105817
105829
105907
105913
105929
105943
105953
110017
110023
110039
110051
110059
110119
110129
110221
110233
110237
110251
110311
110321
110323
110339
110359
110419
110431
110437
110441
110459
110501
110503
110527
110533
110543
110557
110603
110609
110623
110629
110641
110647
110651
110711
110729
110731
110749
110753
110807
110813
110819
110821
110849
110909
110917
110921
110923
110927
110933
110939
110947
110951
111029
111031
111043
111049
111053
111103
111109
111119
111121
111127
111143
111149
111211
111217
111227
111229
111253
111301
111317
111323
111337
111341
111347
111409
111427
111431
111439
111443
111509
111521
111533
111539
111611
111623
111637
111641
111653
111659
111721
111731
111733
111751
111821
111827
111829
111833
111847
111857
111913
111919
111949
111953
111959
112019
112031
112103
112111
112121
112129
112139
112153
112207
112213
112223
112237
112241
112247
112249
112253
112303
112327
112331
112337
112339
112349
112403
112429
112459
112501
112507
112543
112559
112601
112603
112621
112643
112657
112741
112757
112759
112807
112831
112843
112859
112901
112909
112913
112919
112921
112927
112939
112951
113011
113017
113021
113023
113027
113039
113041
113051
113111
113117
113123
113131
113143
113147
113149
113153
113159
113209
113213
113227
113233
113327
113329
113341
113357
113359
113417
113437
113453
113501
113513
113537
113539
113557
113621
113623
113647
113657
113717
113719
113723
113731
113749
113759
113809
113819
113837
113843
113903
113909
113921
113933
113947
113957
114001
114013
114031
114041
114043
114113
114143
114157
114203
114217
114221
114229
114259
114311
114319
114329
114343
114407
114419
114451
114547
114553
114601
114613
114617
114641
114643
114649
114659
114713
114743
114749
114757
114809
114827
114833
114847
114859
114901
114913
114941
115001
115013
115019
115021
115057
115117
115123
115127
115133
115151
115153
115201
115211
115223
115237
115249
115259
115301
115303
115309
115319
115321
115327
115331
115337
115343
115421
115429
115459
115513
115523
115547
115553
115601
115603
115613
115631
115637
115657
115727
115733
115741
115751
115757
115807
115811
115823
115831
115837
115849
115853
115859
115901
115903
115931
115933
120011
120017
120041
120047
120049
120103
120121
120157
120209
120223
120233
120247
120319
120331
120349
120401
120413
120427
120431
120503
120511
120539
120551
120557
120607
120619
120623
120641
120647
120709
120713
120721
120737
120739
120749
120811
120817
120823
120829
120833
120847
120851
120907
120917
120919
120929
120937
120941
120943
120947
121001
121007
121013
121019
121021
121039
121123
121139
121151
121157
121229
121259
121309
121313
121321
121327
121333
121343
121349
121351
121357
121403
121421
121439
121441
121447
121453
121501
121507
121523
121531
121547
121553
121559
121607
121609
121621
121631
121633
121637
121711
121721
121727
121843
121853
121909
121921
121931
121937
121949
121951
122011
122021
122027
122029
122033
122039
122041
122051
122053
122117
122131
122147
122149
122201
122203
122207
122209
122219
122231
122251
122321
122323
122327
122347
122401
122443
122449
122453
122501
122503
122509
122527
122533
122557
122609
122611
122651
122653
122701
122719
122741
122743
122753
122819
122827
122833
122839
122849
122921
122929
122939
122953
122957
123001
123007
123017
123031
123049
123059
123113
123121
123127
123143
123203
123209
123217
123229
123239
123259
123307
123311
123323
123341
123401
123407
123419
123427
123433
123439
123449
123457
123503
123517
123527
123547
123551
123553
123601
123619
123631
123637
123653
123701
123707
123719
123727
123731
123733
123737
123757
123803
123817
123821
123829
123833
123853
123911
123923
123931
123941
123953
124001
124021
124121
124123
124133
124139
124147
124153
124213
124231
124247
124249
124301
124303
124309
124337
124339
124343
124349
124351
124427
124429
124433
124447
124459
124513
124529
124541
124543
124601
124633
124643
124703
124717
124721
124739
124753
124759
124819
124823
124847
124853
124907
124909
124919
124951
125003
125017
125029
125053
125101
125107
125113
125117
125119
125131
125141
125149
125201
125207
125219
125221
125231
125243
125303
125311
125329
125339
125353
125407
125423
125429
125441
125453
125507
125509
125527
125539
125551
125617
125621
125627
125639
125641
125651
125659
125707
125711
125717
125731
125737
125743
125753
125803
125813
125821
125921
125927
125929
125933
125941
125959
130003
130021
130027
130043
130051
130057
130121
130127
130147
130201
130211
130223
130241
130253
130259
130303
130307
130337
130343
130349
130409
130411
130423
130439
130447
130457
130513
130517
130523
130531
130547
130553
130619
130621
130631
130633
130639
130643
130649
130651
130657
130729
130807
130811
130817
130829
130841
130843
130859
130927
130957
131009
131011
131023
131041
131059
131101
131111
131113
131129
131143
131149
131203
131213
131221
131231
131249
131251
131303
131311
131317
131321
131357
131413
131431
131437
131441
131447
131449
131501
131507
131519
131543
131611
131617
131627
131639
131641
131701
131707
131711
131713
131731
131743
131749
131759
131837
131839
131849
131909
131927
131933
131939
131941
131947
131959
132001
132019
132047
132049
132059
132103
132109
132113
132137
132151
132157
132229
132233
132241
132247
132257
132313
132329
132331
132347
132403
132409
132421
132437
132439
132511
132523
132527
132529
132533
132541
132547
132607
132611
132619
132623
132631
132637
132647
132701
132707
132709
132721
132739
132749
132751
132757
132817
132833
132851
132857
132859
132911
132929
132947
132949
132953
133013
133033
133039
133051
133103
133109
133117
133121
133153
133157
133201
133213
133241
133253
133303
133319
133321
133327
133337
133349
133351
133403
133417
133439
133447
133451
133519
133541
133543
133559
133631
133633
133649
133657
133709
133711
133717
133723
133733
133801
133811
133813
133831
133843
133853
133919
133949
134033
134039
134047
134053
134059
134129
134153
134207
134213
134219
134227
134243
134257
134327
134333
134339
134341
134353
134359
134401
134417
134437
134443
134503
134507
134513
134609
134639
134707
134731
134741
134753
134807
134837
134839
134851
134857
134909
134917
134921
134923
134947
134951
135007
135017
135019
135029
135043
135049
135059
135101
135119
135131
135151
135209
135211
135221
135241
135257
135301
135319
135329
135347
135349
135353
135403
135409
135427
135431
135433
135449
135511
135533
135559
135601
135607
135613
135617
135623
135637
135647
135649
135701
135719
135721
135727
135731
135743
135757
135829
135841
135851
135859
135911
135913
135929
135937
140009
140053
140057
140111
140123
140143
140159
140207
140221
140227
140237
140249
140317
140321
140333
140339
140351
140401
140407
140411
140417
140419
140423
140443
140449
140453
140521
140527
140533
140549
140551
140557
140603
140611
140617
140627
140629
140639
140659
140717
140729
140731
140741
140759
140813
140827
140831
140837
140839
140909
140929
140939
141023
141041
141101
141107
141121
141131
141157
141209
141221
141223
141233
141241
141257
141301
141307
141311
141319
141353
141359
141403
141413
141439
141443
141509
141511
141529
141539
141551
141601
141613
141619
141623
141629
141637
141649
141653
141707
141709
141719
141731
141803
141811
141829
141833
141851
141853
141907
141917
141931
141937
141941
141959
142007
142019
142031
142039
142049
142057
142111
142123
142151
142157
142159
142211
142217
142223
142231
142237
142319
142327
142357
142403
142421
142427
142433
142453
142501
142529
142537
142543
142547
142553
142559
142601
142607
142609
142619
142657
142711
142733
142757
142759
142811
142837
142841
142903
142907
142939
142949
143053
143107
143111
143113
143137
143141
143159
143239
143243
143249
143257
143329
143333
143357
143401
143413
143419
143443
143501
143503
143509
143513
143519
143527
143537
143551
143609
143617
143629
143651
143653
143711
143719
143729
143743
143807
143813
143821
143827
143831
143833
143909
143947
143953
144013
144031
144037
144103
144139
144203
144223
144241
144247
144253
144259
144307
144311
144323
144341
144349
144407
144409
144413
144427
144439
144451
144511
144539
144541
144611
144629
144659
144701
144709
144719
144731
144737
144751
144757
144817
144829
144839
144847
144917
144931
144941
145007
145009
145021
145031
145037
145043
145109
145121
145133
145139
145207
145213
145219
145253
145259
145303
145307
145349
145417
145423
145433
145441
145451
145459
145501
145511
145513
145517
145531
145543
145547
145549
145601
145603
145633
145637
145643
145703
145709
145721
145723
145753
145757
145759
145807
145819
145823
145829
145903
145931
145933
145949
150001
150011
150041
150053
150107
150131
150151
150203
150209
150211
150217
150221
150223
150239
150247
150301
150323
150329
150343
150401
150407
150413
150427
150431
150439
150503
150517
150523
150533
150551
150559
150607
150611
150617
150649
150659
150707
150721
150743
150827
150833
150847
150901
150907
150919
150929
150959
151007
151009
151013
151027
151049
151051
151057
151121
151141
151153
151157
151201
151213
151237
151241
151243
151247
151253
151303
151337
151339
151343
151357
151423
151429
151433
151451
151507
151517
151523
151531
151537
151549
151553
151603
151607
151609
151631
151637
151643
151651
151703
151717
151729
151733
151813
151817
151841
151847
151849
151901
151903
151909
151937
151939
152003
152017
152027
152029
152039
152041
152111
152123
152147
152203
152213
152219
152231
152239
152249
152311
152407
152417
152419
152423
152429
152441
152443
152459
152501
152519
152531
152533
152539
152617
152623
152629
152639
152641
152657
152717
152723
152729
152753
152809
152819
152821
152833
152837
152839
152843
152851
152857
152909
152939
152941
152947
152953
152959
153001
153059
153107
153113
153133
153137
153151
153247
153259
153313
153319
153337
153343
153353
153359
153407
153409
153421
153427
153437
153443
153449
153457
153509
153511
153521
153523
153529
153533
153557
153607
153611
153623
153641
153649
153701
153719
153733
153739
153743
153749
153757
153817
153841
153911
153913
153929
153941
153947
153949
153953
154001
154027
154043
154057
154111
154127
154153
154157
154159
154211
154213
154229
154243
154247
154303
154313
154321
154333
154339
154351
154409
154417
154423
154439
154459
154501
154523
154543
154613
154619
154621
154643
154723
154727
154733
154747
154753
154807
154823
154841
154849
154927
154933
154937
154943
155003
155009
155017
155027
155047
155119
155137
155153
155201
155203
155209
155219
155231
155251
155303
155317
155327
155333
155413
155423
155443
155453
155501
155509
155521
155537
155539
155557
155609
155621
155627
155653
155657
155707
155717
155719
155723
155731
155741
155747
155801
155809
155821
155833
155849
155851
155921
160001
160009
160019
160031
160033
160049
160117
160141
160159
160201
160207
160217
160231
160243
160253
160309
160313
160319
160343
160357
160403
160409
160423
160441
160453
160507
160541
160553
160603
160619
160621
160627
160637
160639
160649
160651
160709
160711
160723
160739
160751
160753
160757
160807
160813
160817
160829
160841
160903
160907
160933
161009
161017
161033
161039
161047
161053
161059
161123
161137
161141
161149
161159
161201
161221
161233
161237
161303
161309
161323
161333
161339
161341
161407
161411
161453
161459
161503
161507
161521
161527
161531
161543
161611
161627
161639
161641
161659
161717
161729
161731
161741
161743
161753
161807
161831
161839
161911
161921
161923
161947
161957
162007
162011
162017
162053
162059
162109
162119
162143
162209
162221
162229
162251
162257
162343
162359
162413
162419
162439
162451
162457
162517
162523
162527
162529
162553
162557
162601
162611
162623
162629
162641
162649
162703
162709
162713
162727
162731
162739
162749
162751
162821
162823
162829
162839
162847
162853
162859
162901
162907
162917
162937
162947
163003
163019
163021
163027
163109
163117
163127
163129
163147
163151
163211
163223
163243
163249
163259
163307
163309
163321
163327
163337
163351
163403
163409
163411
163417
163433
163517
163543
163601
163613
163621
163627
163633
163637
163643
163729
163733
163741
163753
163811
163819
163841
163847
163853
163859
163901
163909
163927
164011
164023
164039
164051
164057
164113
164117
164147
164149
164201
164209
164231
164233
164239
164249
164251
164309
164321
164341
164357
164413
164419
164429
164431
164443
164447
164449
164503
164513
164531
164617
164621
164623
164627
164653
164701
164707
164729
164743
164809
164821
164831
164837
164839
164911
164953
165001
165037
165041
165047
165049
165059
165103
165133
165203
165211
165229
165233
165247
165311
165313
165317
165331
165343
165349
165437
165443
165449
165457
165511
165523
165527
165533
165541
165551
165553
165559
165601
165611
165617
165653
165701
165703
165707
165709
165713
165719
165721
165749
165811
165817
165829
165833
165857
165901
165931
165941
165947
170003
170021
170029
170047
170057
170101
170111
170123
170141
170207
170213
170227
170231
170239
170243
170249
170327
170341
170347
170351
170353
170413
170441
170447
170503
170509
170537
170539
170551
170557
170603
170609
170627
170633
170641
170647
170701
170707
170711
170741
170749
170759
170801
170809
170813
170827
170837
170843
170851
170857
170921
170927
170953
170957
171007
171023
171029
171043
171047
171049
171053
171103
171131
171203
171233
171251
171253
171317
171329
171341
171401
171403
171427
171439
171449
171517
171529
171539
171541
171553
171559
171617
171629
171637
171641
171653
171659
171707
171713
171719
171733
171757
171803
171811
171823
171827
171851
171917
171923
171929
171937
171947
172001
172009
172021
172027
172031
172049
172127
172147
172153
172157
172213
172217
172219
172223
172243
172259
172307
172313
172321
172331
172343
172351
172357
172411
172421
172423
172427
172433
172439
172441
172507
172517
172519
172541
172553
172603
172607
172619
172633
172643
172649
172657
172709
172717
172721
172741
172751
172759
172801
172807
172829
172849
172853
172859
172933
173021
173023
173039
173053
173059
173137
173141
173149
173207
173209
173219
173249
173309
173347
173357
173359
173429
173431
173501
173531
173539
173543
173549
173617
173629
173647
173651
173659
173707
173713
173729
173741
173743
173807
173819
173827
173839
173851
173909
173917
173923
173933
174007
174017
174019
174047
174049
174101
174121
174137
174143
174149
174157
174221
174241
174257
174259
174311
174329
174331
174337
174347
174407
174413
174431
174443
174457
174527
174533
174613
174617
174631
174637
174649
174653
174659
174703
174721
174737
174749
174821
174829
174851
174859
174901
174907
174917
174929
174931
174943
174959
175003
175013
175039
175103
175129
175141
175211
175229
175303
175309
175327
175333
175349
175403
175411
175433
175447
175453
175519
175523
175543
175601
175621
175631
175633
175649
175709
175723
175727
175753
175757
175759
175811
175829
175837
175843
175853
175859
175909
175919
175937
175939
175949
180001
180007
180023
180043
180053
180137
180211
180221
180233
180239
180241
180247
180259
180307
180311
180317
180331
180337
180347
180413
180419
180437
180503
180511
180533
180539
180541
180547
180617
180623
180629
180647
180701
180731
180749
180751
180811
180847
180907
180949
180959
181001
181003
181019
181031
181039
181123
181141
181157
181201
181211
181213
181219
181243
181253
181301
181303
181409
181421
181439
181457
181459
181501
181513
181523
181537
181549
181553
181603
181607
181609
181619
181639
181711
181717
181721
181729
181739
181751
181757
181759
181813
181837
181903
181913
181919
181927
181931
181943
181957
182009
182011
182027
182029
182041
182047
182057
182059
182101
182107
182111
182123
182129
182131
182141
182159
182201
182209
182233
182239
182243
182309
182333
182339
182341
182353
182417
182423
182431
182443
182453
182503
182509
182519
182537
182549
182603
182617
182627
182639
182641
182653
182657
182659
182701
182711
182713
182747
182803
182813
182821
182839
182851
182857
182921
182927
182929
182933
182953
182957
183023
183037
183041
183047
183059
183119
183151
183203
183247
183259
183301
183307
183317
183319
183329
183343
183349
183437
183439
183451
183503
183509
183511
183523
183527
183611
183637
183707
183709
183713
183809
183823
183829
183907
183917
183919
183943
183949
183959
184003
184007
184013
184031
184039
184043
184057
184111
184117
184133
184153
184157
184211
184231
184241
184259
184309
184321
184333
184337
184351
184409
184417
184441
184447
184511
184517
184523
184553
184559
184607
184609
184627
184631
184633
184649
184651
184703
184711
184721
184727
184733
184753
184823
184829
184831
184837
184843
184859
184901
184903
184913
184949
184957
185021
185027
185051
185057
185123
185131
185137
185149
185153
185221
185233
185243
185303
185309
185323
185327
185359
185401
185429
185441
185519
185527
185531
185533
185539
185543
185551
185557
185621
185641
185651
185707
185711
185723
185737
185747
185749
185753
185813
185819
185821
185831
185833
185849
185903
185917
185923
185947
185951
185957
185959
190027
190031
190051
190121
190129
190147
190159
190207
190243
190249
190301
190313
190321
190331
190339
190357
190403
190409
190507
190523
190529
190537
190543
190607
190613
190633
190639
190649
190657
190709
190711
190717
190753
190759
190807
190811
190823
190829
190837
190843
190901
190909
190913
190921
191021
191027
191033
191039
191047
191057
191119
191123
191137
191141
191143
191227
191231
191237
191249
191251
191339
191341
191353
191413
191441
191447
191449
191453
191459
191507
191509
191519
191531
191533
191537
191551
191621
191627
191657
191707
191717
191747
191749
191801
191803
191827
191831
191833
191837
191903
191911
191929
191953
192007
192013
192029
192037
192043
192047
192053
192103
192113
192121
192133
192149
192229
192233
192239
192251
192259
192307
192317
192319
192323
192341
192343
192347
192407
192431
192529
192539
192547
192553
192557
192601
192611
192613
192617
192629
192631
192637
192737
192743
192749
192757
192811
192817
192833
192847
192853
192859
192917
192923
192931
192949
193003
193009
193013
193031
193043
193051
193057
193133
193139
193147
193153
193201
193243
193247
193301
193327
193337
193357
193423
193433
193441
193447
193451
193507
193513
193541
193549
193559
193601
193603
193607
193619
193649
193703
193723
193727
193741
193751
193757
193811
193813
193841
193847
193859
193937
193939
193943
193951
193957
194003
194017
194027
194057
194101
194113
194119
194141
194149
194203
194239
194309
194323
194353
194413
194431
194443
194507
194521
194527
194543
194609
194647
194653
194659
194707
194713
194717
194723
194729
194749
194809
194813
194819
194827
194839
194911
194917
194933
195023
195029
195043
195047
195049
195053
195103
195121
195127
195131
195137
195157
195203
195229
195241
195253
195259
195311
195319
195329
195341
195343
195353
195359
195401
195407
195413
195427
195443
195457
195511
195527
195539
195541
195659
195709
195731
195733
195737
195739
195743
195751
195809
195817
195907
195913
195919
195929
195931
200003
200009
200017
200023
200029
200033
200041
200117
200131
200153
200159
200201
200227
200231
200237
200257
200323
200329
200341
200351
200357
200401
200407
200437
200443
200513
200609
200639
200657
200713
200723
200731
200807
200843
200903
200909
200927
200929
201007
201011
201031
201037
201049
201101
201107
201119
201121
201139
201151
201203
201209
201211
201233
201247
201251
201307
201329
201337
201359
201401
201403
201413
201437
201449
201451
201511
201517
201547
201557
201611
201623
201629
201653
201701
201709
201731
201743
201757
201809
201821
201823
201827
201829
201833
201847
201907
201911
201919
201923
201937
201947
201953
202001
202021
202031
202049
202109
202121
202127
202129
202201
202219
202231
202243
202309
202327
202339
202343
202357
202403
202409
202441
202519
202529
202549
202613
202621
202627
202637
202639
202717
202729
202733
202747
202751
202753
202757
202817
202823
202841
202859
202907
202921
202931
202933
202949
203011
203017
203023
203039
203051
203057
203117
203141
203207
203209
203213
203221
203227
203233
203249
203309
203311
203317
203321
203323
203339
203341
203351
203353
203417
203419
203429
203431
203449
203459
203531
203549
203617
203627
203641
203653
203657
203659
203713
203807
203809
203821
203843
203857
203909
203911
203921
203947
203953
204007
204013
204019
204023
204047
204059
204101
204107
204133
204137
204143
204151
204233
204251
204301
204311
204319
204329
204331
204353
204359
204427
204431
204437
204439
204443
204509
204511
204517
204521
204557
204601
204613
204623
204641
204707
204719
204733
204749
204751
204803
204821
204857
204859
204913
204917
204923
204931
204947
205019
205031
205033
205043
205103
205111
205129
205133
205141
205151
205157
205201
205211
205213
205223
205237
205253
205307
205319
205327
205339
205357
205417
205421
205423
205427
205433
205441
205453
205507
205519
205529
205537
205549
205553
205559
205603
205607
205619
205627
205633
205651
205657
205703
205721
205759
205817
205823
205837
205847
205913
205937
205949
205951
205957
210011
210019
210031
210037
210053
210101
210109
210113
210127
210131
210139
210143
210157
210209
210229
210233
210241
210247
210257
210317
210319
210323
210347
210359
210401
210403
210407
210421
210437
210523
210527
210533
210557
210601
210619
210631
210643
210659
210709
210713
210719
210731
210739
210803
210809
210811
210823
210827
210839
210853
210857
210901
210907
210911
210913
210923
210929
210943
211007
211039
211049
211051
211129
211151
211153
211213
211217
211219
211229
211231
211241
211247
211313
211319
211333
211339
211349
211403
211427
211433
211441
211457
211501
211507
211543
211559
211619
211639
211643
211657
211711
211723
211727
211741
211747
211801
211811
211817
211859
211927
211931
211933
211943
211949
212029
212039
212057
212117
212123
212131
212141
212203
212207
212209
212227
212239
212243
212353
212411
212419
212423
212437
212447
212453
212501
212507
212557
212627
212633
212651
212701
212801
212827
212837
212843
212851
212903
212909
212917
212923
213019
213023
213029
213043
213119
213131
213133
213139
213149
213203
213209
213217
213223
213229
213247
213253
213307
213319
213329
213337
213349
213359
213407
213449
213523
213533
213539
213553
213557
213611
213613
213623
213637
213641
213649
213659
213713
213721
213727
213737
213751
213821
213827
213833
213847
213859
213901
213919
213929
213943
213947
213949
213953
214003
214007
214009
214021
214031
214033
214043
214051
214129
214133
214141
214147
214211
214213
214219
214237
214243
214259
214309
214351
214433
214439
214451
214457
214507
214517
214519
214531
214541
214559
214603
214607
214631
214639
214651
214657
214723
214729
214733
214741
214759
214807
214811
214817
214831
214849
214853
214913
214939
214943
215051
215123
215141
215143
215153
215239
215249
215309
215317
215329
215351
215353
215359
215417
215443
215447
215459
215503
215507
215521
215531
215617
215653
215659
215723
215737
215753
215801
215827
215833
215843
215851
215857
215909
215921
215927
215939
215953
215959
220009
220013
220019
220021
220057
220123
220141
220147
220151
220217
220243
220301
220307
220327
220333
220351
220357
220403
220411
220421
220447
220511
220513
220529
220537
220543
220553
220559
220613
220709
220721
220747
220757
220807
220811
220841
220859
220901
220903
220907
220919
220931
220933
220939
221021
221047
221059
221101
221159
221201
221203
221209
221219
221227
221233
221239
221251
221303
221311
221317
221327
221401
221411
221413
221447
221453
221509
221537
221539
221549
221603
221621
221623
221653
221657
221659
221707
221713
221717
221719
221723
221729
221737
221747
221807
221813
221827
221831
221849
221909
221941
221951
221953
221957
222007
222011
222023
222029
222041
222043
222059
222107
222109
222113
222127
222137
222149
222151
222247
222311
222317
222323
222329
222337
222347
222349
222403
222419
222437
222511
222527
222533
222553
222557
222601
222613
222619
222643
222647
222659
222707
222713
222731
222823
222839
222841
222857
222913
222919
222931
222941
222947
222953
223007
223009
223019
223037
223049
223051
223103
223129
223133
223151
223207
223211
223217
223219
223229
223241
223243
223247
223253
223259
223303
223313
223319
223331
223337
223339
223403
223423
223429
223439
223441
223507
223529
223543
223547
223549
223621
223633
223637
223711
223747
223753
223757
223759
223823
223829
223831
223837
223841
223843
223849
223903
223919
223921
223939
224011
224027
224033
224041
224047
224057
224101
224113
224129
224131
224149
224153
224201
224209
224221
224233
224239
224251
224303
224309
224317
224327
224351
224359
224401
224423
224429
224443
224449
224501
224513
224527
224603
224611
224617
224629
224633
224711
224717
224729
224737
224743
224759
224813
224831
224909
224911
224921
224929
224947
224951
225023
225037
225109
225119
225133
225143
225149
225157
225217
225221
225223
225227
225241
225257
225307
225341
225343
225347
225349
225353
225427
225431
225457
225503
225509
225523
225527
225529
225601
225611
225613
225619
225629
225637
225721
225733
225749
225751
225809
225821
225829
225839
225859
225919
225931
225941
225943
225949
230003
230017
230047
230059
230101
230107
230117
230123
230137
230143
230149
230203
230213
230221
230227
230233
230239
230257
230303
230309
230311
230327
230339
230341
230353
230357
230431
230449
230453
230501
230507
230539
230551
230611
230647
230653
230719
230729
230743
230807
230819
230827
230833
230849
230929
230933
230939
230941
230959
231001
231017
231019
231031
231041
231053
231107
231109
231131
231223
231241
231317
231323
231331
231347
231349
231359
231409
231419
231431
231433
231443
231503
231529
231533
231547
231551
231559
231607
231611
231613
231631
231643
231701
231709
231719
231809
231821
231823
231827
231839
231841
231859
231901
231919
231923
231943
231947
232003
232007
232013
232049
232051
232103
232109
232117
232129
232153
232207
232217
232259
232303
232307
232333
232357
232409
232411
232417
232433
232439
232451
232457
232459
232513
232523
232549
232607
232621
232633
232643
232709
232711
232741
232751
232753
232801
232811
232819
232823
232847
232853
232901
232907
232919
232937
233021
233113
233117
233141
233143
233159
233201
233221
233231
233239
233251
233323
233327
233329
233341
233347
233353
233357
233407
233417
233419
233423
233437
233509
233549
233551
233557
233609
233617
233621
233641
233713
233743
233747
233759
233837
233851
233911
233917
233921
233923
233939
233941
234007
234029
234043
234103
234121
234131
234139
234149
234203
234211
234217
234239
234259
234317
234319
234323
234331
234341
234343
234431
234457
234511
234527
234529
234539
234541
234547
234613
234629
234653
234659
234713
234721
234727
234733
234743
234749
234803
234809
234811
234833
234847
234851
234907
234917
234931
234947
234959
235003
235007
235009
235013
235043
235051
235057
235111
235117
235159
235211
235231
235241
235243
235307
235309
235337
235349
235439
235441
235447
235513
235519
235523
235537
235541
235553
235559
235601
235607
235621
235723
235747
235751
235811
235813
235849
235901
235919
235927
235951
