(0, 1, 1, [(1,)])
(1, 2, 1, [(1, 2)])
(2, 3, 1, [(1, 2, 3)])
(2, 4, 1, [(1, 2, 4)])
(3, 5, 2, [(1, 2, 3, 5), (1, 2, 4, 5)])
(3, 6, 2, [(1, 2, 3, 6), (1, 2, 4, 6)])
(3, 8, 1, [(1, 2, 4, 8)])
(4, 7, 5, [(1, 2, 3, 4, 7), ..., (1, 2, 4, 6, 7)])
(4, 9, 3, [(1, 2, 3, 6, 9), ..., (1, 2, 4, 8, 9)])
(4, 10, 4, [(1, 2, 3, 5, 10), ..., (1, 2, 4, 8, 10)])
(4, 12, 3, [(1, 2, 3, 6, 12), ..., (1, 2, 4, 8, 12)])
(4, 16, 1, [(1, 2, 4, 8, 16)])
(5, 11, 15, [(1, 2, 3, 4, 7, 11), ..., (1, 2, 4, 8, 10, 11)])
(5, 13, 10, [(1, 2, 3, 5, 8, 13), ..., (1, 2, 4, 8, 12, 13)])
(5, 14, 14, [(1, 2, 3, 4, 7, 14), ..., (1, 2, 4, 8, 12, 14)])
(5, 15, 4, [(1, 2, 3, 5, 10, 15), ..., (1, 2, 4, 5, 10, 15)])
(5, 17, 2, [(1, 2, 4, 8, 9, 17), (1, 2, 4, 8, 16, 17)])
(5, 18, 7, [(1, 2, 3, 6, 9, 18), ..., (1, 2, 4, 8, 16, 18)])
(5, 20, 6, [(1, 2, 3, 5, 10, 20), ..., (1, 2, 4, 8, 16, 20)])
(5, 24, 4, [(1, 2, 3, 6, 12, 24), ..., (1, 2, 4, 8, 16, 24)])
(5, 32, 1, [(1, 2, 4, 8, 16, 32)])
(6, 19, 33, [(1, 2, 3, 4, 8, 11, 19), ..., (1, 2, 4, 8, 16, 18, 19)])
(6, 21, 29, [(1, 2, 3, 4, 7, 14, 21), ..., (1, 2, 4, 8, 16, 20, 21)])
(6, 22, 40, [(1, 2, 3, 4, 7, 11, 22), ..., (1, 2, 4, 8, 16, 20, 22)])
(6, 23, 4, [(1, 2, 3, 5, 10, 13, 23), ..., (1, 2, 4, 5, 9, 18, 23)])
(6, 25, 14, [(1, 2, 3, 5, 10, 15, 25), ..., (1, 2, 4, 8, 16, 24, 25)])
(6, 26, 24, [(1, 2, 3, 5, 8, 13, 26), ..., (1, 2, 4, 8, 16, 24, 26)])
(6, 27, 5, [(1, 2, 3, 6, 9, 18, 27), ..., (1, 2, 4, 8, 9, 18, 27)])
(6, 28, 23, [(1, 2, 3, 4, 7, 14, 28), ..., (1, 2, 4, 8, 16, 24, 28)])
(6, 30, 12, [(1, 2, 3, 5, 10, 15, 30), ..., (1, 2, 4, 8, 10, 20, 30)])
(6, 33, 2, [(1, 2, 4, 8, 16, 17, 33), (1, 2, 4, 8, 16, 32, 33)])
(6, 34, 4, [(1, 2, 4, 8, 9, 17, 34), ..., (1, 2, 4, 8, 16, 32, 34)])
(6, 36, 12, [(1, 2, 3, 6, 9, 18, 36), ..., (1, 2, 4, 8, 16, 32, 36)])
(6, 40, 8, [(1, 2, 3, 5, 10, 20, 40), ..., (1, 2, 4, 8, 16, 32, 40)])
(6, 48, 5, [(1, 2, 3, 6, 12, 24, 48), ..., (1, 2, 4, 8, 16, 32, 48)])
(6, 64, 1, [(1, 2, 4, 8, 16, 32, 64)])
(7, 29, 132, [(1, 2, 3, 4, 7, 11, 18, 29), ..., (1, 2, 4, 8, 16, 24, 28, 29)])
(7, 31, 77, [(1, 2, 3, 4, 7, 14, 17, 31), ..., (1, 2, 4, 8, 10, 20, 30, 31)])
(7, 35, 43, [(1, 2, 3, 4, 7, 14, 21, 35), ..., (1, 2, 4, 8, 16, 32, 34, 35)])
(7, 37, 39, [(1, 2, 3, 5, 8, 16, 21, 37), ..., (1, 2, 4, 8, 16, 32, 36, 37)])
(7, 38, 92, [(1, 2, 3, 4, 8, 11, 19, 38), ..., (1, 2, 4, 8, 16, 32, 36, 38)])
(7, 39, 20, [(1, 2, 3, 5, 8, 13, 26, 39), ..., (1, 2, 4, 8, 12, 13, 26, 39)])
(7, 41, 23, [(1, 2, 3, 5, 10, 20, 21, 41), ..., (1, 2, 4, 8, 16, 32, 40, 41)])
(7, 42, 84, [(1, 2, 3, 4, 7, 14, 21, 42), ..., (1, 2, 4, 8, 16, 32, 40, 42)])
(7, 43, 4, [(1, 2, 3, 5, 10, 20, 23, 43), ..., (1, 2, 4, 8, 9, 17, 34, 43)])
(7, 44, 69, [(1, 2, 3, 4, 7, 11, 22, 44), ..., (1, 2, 4, 8, 16, 32, 40, 44)])
(7, 45, 14, [(1, 2, 3, 5, 10, 15, 30, 45), ..., (1, 2, 4, 8, 9, 18, 36, 45)])
(7, 46, 8, [(1, 2, 3, 5, 10, 13, 23, 46), ..., (1, 2, 4, 8, 10, 18, 36, 46)])
(7, 49, 12, [(1, 2, 3, 6, 12, 24, 25, 49), ..., (1, 2, 4, 8, 16, 32, 48, 49)])
(7, 50, 36, [(1, 2, 3, 5, 10, 15, 25, 50), ..., (1, 2, 4, 8, 16, 32, 48, 50)])
(7, 51, 4, [(1, 2, 3, 6, 12, 24, 27, 51), ..., (1, 2, 4, 8, 16, 17, 34, 51)])
(7, 52, 38, [(1, 2, 3, 5, 8, 13, 26, 52), ..., (1, 2, 4, 8, 16, 32, 48, 52)])
(7, 54, 16, [(1, 2, 3, 6, 9, 18, 27, 54), ..., (1, 2, 4, 8, 16, 18, 36, 54)])
(7, 56, 32, [(1, 2, 3, 4, 7, 14, 28, 56), ..., (1, 2, 4, 8, 16, 32, 48, 56)])
(7, 60, 24, [(1, 2, 3, 5, 10, 15, 30, 60), ..., (1, 2, 4, 8, 16, 20, 40, 60)])
(7, 65, 2, [(1, 2, 4, 8, 16, 32, 33, 65), (1, 2, 4, 8, 16, 32, 64, 65)])
(7, 66, 4, [(1, 2, 4, 8, 16, 17, 33, 66), ..., (1, 2, 4, 8, 16, 32, 64, 66)])
(7, 68, 6, [(1, 2, 4, 8, 9, 17, 34, 68), ..., (1, 2, 4, 8, 16, 32, 64, 68)])
(7, 72, 18, [(1, 2, 3, 6, 9, 18, 36, 72), ..., (1, 2, 4, 8, 16, 32, 64, 72)])
(7, 80, 10, [(1, 2, 3, 5, 10, 20, 40, 80), ..., (1, 2, 4, 8, 16, 32, 64, 80)])
(7, 96, 6, [(1, 2, 3, 6, 12, 24, 48, 96), ..., (1, 2, 4, 8, 16, 32, 64, 96)])
(7, 128, 1, [(1, 2, 4, 8, 16, 32, 64, 128)])
(8, 47, 220, [(1, 2, 3, 4, 7, 10, 20, 27, 47), ..., (1, 2, 4, 8, 12, 13, 26, 39, 47)])
(8, 53, 205, [(1, 2, 3, 5, 6, 12, 24, 29, 53), ..., (1, 2, 4, 8, 16, 32, 48, 52, 53)])
(8, 55, 156, [(1, 2, 3, 4, 7, 11, 22, 33, 55), ..., (1, 2, 4, 8, 16, 18, 36, 54, 55)])
(8, 57, 173, [(1, 2, 3, 4, 7, 14, 28, 29, 57), ..., (1, 2, 4, 8, 16, 32, 48, 56, 57)])
(8, 58, 352, [(1, 2, 3, 4, 7, 11, 18, 29, 58), ..., (1, 2, 4, 8, 16, 32, 48, 56, 58)])
(8, 59, 37, [(1, 2, 3, 4, 7, 14, 28, 31, 59), ..., (1, 2, 4, 8, 16, 17, 34, 51, 59)])
(8, 61, 91, [(1, 2, 3, 5, 7, 14, 28, 33, 61), ..., (1, 2, 4, 8, 16, 20, 40, 60, 61)])
(8, 62, 233, [(1, 2, 3, 4, 7, 14, 17, 31, 62), ..., (1, 2, 4, 8, 16, 20, 40, 60, 62)])
(8, 63, 87, [(1, 2, 3, 4, 7, 14, 21, 42, 63), ..., (1, 2, 4, 8, 16, 20, 21, 42, 63)])
(8, 67, 23, [(1, 2, 3, 4, 8, 16, 32, 35, 67), ..., (1, 2, 4, 8, 16, 32, 64, 66, 67)])
(8, 69, 29, [(1, 2, 3, 5, 8, 16, 32, 37, 69), ..., (1, 2, 4, 8, 16, 32, 64, 68, 69)])
(8, 70, 134, [(1, 2, 3, 4, 7, 14, 21, 35, 70), ..., (1, 2, 4, 8, 16, 32, 64, 68, 70)])
(8, 73, 49, [(1, 2, 3, 6, 9, 18, 36, 37, 73), ..., (1, 2, 4, 8, 16, 32, 64, 72, 73)])
(8, 74, 104, [(1, 2, 3, 5, 8, 16, 21, 37, 74), ..., (1, 2, 4, 8, 16, 32, 64, 72, 74)])
(8, 75, 32, [(1, 2, 3, 5, 10, 15, 25, 50, 75), ..., (1, 2, 4, 8, 16, 24, 25, 50, 75)])
(8, 76, 161, [(1, 2, 3, 4, 8, 11, 19, 38, 76), ..., (1, 2, 4, 8, 16, 32, 64, 72, 76)])
(8, 77, 4, [(1, 2, 4, 5, 9, 18, 36, 41, 77), ..., (1, 2, 4, 8, 9, 17, 34, 68, 77)])
(8, 78, 68, [(1, 2, 3, 5, 8, 13, 26, 39, 78), ..., (1, 2, 4, 8, 16, 24, 26, 52, 78)])
(8, 81, 36, [(1, 2, 3, 5, 10, 20, 40, 41, 81), ..., (1, 2, 4, 8, 16, 32, 64, 80, 81)])
(8, 82, 54, [(1, 2, 3, 5, 10, 20, 21, 41, 82), ..., (1, 2, 4, 8, 16, 32, 64, 80, 82)])
(8, 83, 4, [(1, 2, 3, 5, 10, 20, 40, 43, 83), ..., (1, 2, 4, 8, 16, 17, 33, 66, 83)])
(8, 84, 161, [(1, 2, 3, 4, 7, 14, 21, 42, 84), ..., (1, 2, 4, 8, 16, 32, 64, 80, 84)])
(8, 85, 8, [(1, 2, 3, 5, 10, 20, 40, 45, 85), ..., (1, 2, 4, 8, 16, 17, 34, 68, 85)])
(8, 86, 8, [(1, 2, 3, 5, 10, 20, 23, 43, 86), ..., (1, 2, 4, 8, 16, 18, 34, 68, 86)])
(8, 88, 98, [(1, 2, 3, 4, 7, 11, 22, 44, 88), ..., (1, 2, 4, 8, 16, 32, 64, 80, 88)])
(8, 90, 48, [(1, 2, 3, 5, 10, 15, 30, 45, 90), ..., (1, 2, 4, 8, 16, 18, 36, 72, 90)])
(8, 92, 12, [(1, 2, 3, 5, 10, 13, 23, 46, 92), ..., (1, 2, 4, 8, 16, 20, 36, 72, 92)])
(8, 97, 14, [(1, 2, 3, 6, 12, 24, 48, 49, 97), ..., (1, 2, 4, 8, 16, 32, 64, 96, 97)])
(8, 98, 28, [(1, 2, 3, 6, 12, 24, 25, 49, 98), ..., (1, 2, 4, 8, 16, 32, 64, 96, 98)])
(8, 99, 4, [(1, 2, 3, 6, 12, 24, 48, 51, 99), ..., (1, 2, 4, 8, 16, 32, 33, 66, 99)])
(8, 100, 62, [(1, 2, 3, 5, 10, 15, 25, 50, 100), ..., (1, 2, 4, 8, 16, 32, 64, 96, 100)])
(8, 102, 12, [(1, 2, 3, 6, 12, 24, 27, 51, 102), ..., (1, 2, 4, 8, 16, 32, 34, 68, 102)])
(8, 104, 52, [(1, 2, 3, 5, 8, 13, 26, 52, 104), ..., (1, 2, 4, 8, 16, 32, 64, 96, 104)])
(8, 108, 34, [(1, 2, 3, 6, 9, 18, 27, 54, 108), ..., (1, 2, 4, 8, 16, 32, 36, 72, 108)])
(8, 112, 41, [(1, 2, 3, 4, 7, 14, 28, 56, 112), ..., (1, 2, 4, 8, 16, 32, 64, 96, 112)])
(8, 120, 40, [(1, 2, 3, 5, 10, 15, 30, 60, 120), ..., (1, 2, 4, 8, 16, 32, 40, 80, 120)])
(8, 129, 2, [(1, 2, 4, 8, 16, 32, 64, 65, 129), (1, 2, 4, 8, 16, 32, 64, 128, 129)])
(8, 130, 4, [(1, 2, 4, 8, 16, 32, 33, 65, 130), ..., (1, 2, 4, 8, 16, 32, 64, 128, 130)])
(8, 132, 6, [(1, 2, 4, 8, 16, 17, 33, 66, 132), ..., (1, 2, 4, 8, 16, 32, 64, 128, 132)])
(8, 136, 8, [(1, 2, 4, 8, 9, 17, 34, 68, 136), ..., (1, 2, 4, 8, 16, 32, 64, 128, 136)])
(8, 144, 25, [(1, 2, 3, 6, 9, 18, 36, 72, 144), ..., (1, 2, 4, 8, 16, 32, 64, 128, 144)])
(8, 160, 12, [(1, 2, 3, 5, 10, 20, 40, 80, 160), ..., (1, 2, 4, 8, 16, 32, 64, 128, 160)])
(8, 192, 7, [(1, 2, 3, 6, 12, 24, 48, 96, 192), ..., (1, 2, 4, 8, 16, 32, 64, 128, 192)])
(8, 256, 1, [(1, 2, 4, 8, 16, 32, 64, 128, 256)])
(9, 71, 1258, [(1, 2, 3, 4, 7, 8, 16, 32, 39, 71), ..., (1, 2, 4, 8, 16, 32, 64, 68, 70, 71)])
(9, 79, 621, [(1, 2, 3, 4, 7, 9, 18, 36, 43, 79), ..., (1, 2, 4, 8, 16, 24, 26, 52, 78, 79)])
(9, 87, 507, [(1, 2, 3, 4, 7, 10, 20, 40, 47, 87), ..., (1, 2, 4, 8, 16, 24, 28, 29, 58, 87)])
(9, 89, 471, [(1, 2, 3, 4, 7, 11, 22, 44, 45, 89), ..., (1, 2, 4, 8, 16, 32, 64, 80, 88, 89)])
(9, 91, 359, [(1, 2, 3, 4, 7, 11, 22, 44, 47, 91), ..., (1, 2, 4, 8, 16, 24, 25, 50, 75, 91)])
(9, 93, 306, [(1, 2, 3, 4, 7, 14, 17, 31, 62, 93), ..., (1, 2, 4, 8, 16, 20, 36, 72, 92, 93)])
(9, 94, 643, [(1, 2, 3, 4, 7, 10, 20, 27, 47, 94), ..., (1, 2, 4, 8, 16, 24, 26, 52, 78, 94)])
(9, 95, 180, [(1, 2, 3, 4, 7, 11, 22, 44, 51, 95), ..., (1, 2, 4, 8, 16, 20, 21, 37, 74, 95)])
(9, 101, 270, [(1, 2, 3, 5, 6, 12, 24, 48, 53, 101), ..., (1, 2, 4, 8, 16, 32, 64, 96, 100, 101)])
(9, 103, 99, [(1, 2, 3, 5, 7, 12, 24, 48, 55, 103), ..., (1, 2, 4, 8, 16, 32, 34, 68, 102, 103)])
(9, 105, 332, [(1, 2, 3, 4, 7, 14, 21, 35, 70, 105), ..., (1, 2, 4, 8, 16, 32, 64, 96, 104, 105)])
(9, 106, 533, [(1, 2, 3, 5, 6, 12, 24, 29, 53, 106), ..., (1, 2, 4, 8, 16, 32, 64, 96, 104, 106)])
(9, 107, 30, [(1, 2, 3, 5, 8, 13, 26, 52, 55, 107), ..., (1, 2, 4, 8, 16, 32, 33, 66, 99, 107)])
(9, 109, 125, [(1, 2, 3, 5, 8, 13, 26, 52, 57, 109), ..., (1, 2, 4, 8, 16, 32, 36, 72, 108, 109)])
(9, 110, 531, [(1, 2, 3, 4, 7, 11, 22, 33, 55, 110), ..., (1, 2, 4, 8, 16, 32, 36, 72, 108, 110)])
(9, 111, 88, [(1, 2, 3, 5, 8, 16, 21, 37, 74, 111), ..., (1, 2, 4, 8, 16, 32, 36, 37, 74, 111)])
(9, 113, 135, [(1, 2, 3, 4, 7, 14, 28, 56, 57, 113), ..., (1, 2, 4, 8, 16, 32, 64, 96, 112, 113)])
(9, 114, 512, [(1, 2, 3, 4, 7, 14, 28, 29, 57, 114), ..., (1, 2, 4, 8, 16, 32, 64, 96, 112, 114)])
(9, 115, 41, [(1, 2, 3, 4, 7, 14, 28, 56, 59, 115), ..., (1, 2, 4, 8, 16, 32, 33, 66, 99, 115)])
(9, 116, 619, [(1, 2, 3, 4, 7, 11, 18, 29, 58, 116), ..., (1, 2, 4, 8, 16, 32, 64, 96, 112, 116)])
(9, 117, 86, [(1, 2, 3, 5, 7, 14, 28, 56, 61, 117), ..., (1, 2, 4, 8, 16, 17, 34, 50, 100, 117)])
(9, 118, 96, [(1, 2, 3, 4, 7, 14, 28, 31, 59, 118), ..., (1, 2, 4, 8, 16, 32, 34, 68, 102, 118)])
(9, 119, 20, [(1, 2, 3, 4, 7, 14, 28, 56, 63, 119), ..., (1, 2, 4, 8, 16, 17, 34, 68, 102, 119)])
(9, 121, 120, [(1, 2, 3, 5, 10, 15, 30, 60, 61, 121), ..., (1, 2, 4, 8, 16, 32, 40, 80, 120, 121)])
(9, 122, 259, [(1, 2, 3, 5, 7, 14, 28, 33, 61, 122), ..., (1, 2, 4, 8, 16, 32, 40, 80, 120, 122)])
(9, 123, 64, [(1, 2, 3, 5, 10, 15, 30, 60, 63, 123), ..., (1, 2, 4, 8, 16, 32, 40, 41, 82, 123)])
(9, 124, 419, [(1, 2, 3, 4, 7, 14, 17, 31, 62, 124), ..., (1, 2, 4, 8, 16, 32, 40, 80, 120, 124)])
(9, 125, 48, [(1, 2, 3, 5, 10, 15, 25, 50, 75, 125), ..., (1, 2, 4, 8, 16, 24, 25, 50, 100, 125)])
(9, 126, 310, [(1, 2, 3, 4, 7, 14, 21, 42, 63, 126), ..., (1, 2, 4, 8, 16, 32, 40, 42, 84, 126)])
(9, 131, 23, [(1, 2, 3, 4, 8, 16, 32, 64, 67, 131), ..., (1, 2, 4, 8, 16, 32, 64, 128, 130, 131)])
(9, 133, 21, [(1, 2, 3, 5, 8, 16, 32, 64, 69, 133), ..., (1, 2, 4, 8, 16, 32, 64, 128, 132, 133)])
(9, 134, 58, [(1, 2, 3, 4, 8, 16, 32, 35, 67, 134), ..., (1, 2, 4, 8, 16, 32, 64, 128, 132, 134)])
(9, 135, 32, [(1, 2, 3, 5, 10, 15, 30, 45, 90, 135), ..., (1, 2, 4, 8, 9, 18, 36, 45, 90, 135)])
(9, 137, 21, [(1, 2, 4, 8, 9, 16, 32, 64, 73, 137), ..., (1, 2, 4, 8, 16, 32, 64, 128, 136, 137)])
(9, 138, 74, [(1, 2, 3, 5, 8, 16, 32, 37, 69, 138), ..., (1, 2, 4, 8, 16, 32, 64, 128, 136, 138)])
(9, 140, 269, [(1, 2, 3, 4, 7, 14, 21, 35, 70, 140), ..., (1, 2, 4, 8, 16, 32, 64, 128, 136, 140)])
(9, 145, 67, [(1, 2, 3, 6, 9, 18, 36, 72, 73, 145), ..., (1, 2, 4, 8, 16, 32, 64, 128, 144, 145)])
(9, 146, 128, [(1, 2, 3, 6, 9, 18, 36, 37, 73, 146), ..., (1, 2, 4, 8, 16, 32, 64, 128, 144, 146)])
(9, 147, 24, [(1, 2, 3, 6, 9, 18, 36, 72, 75, 147), ..., (1, 2, 4, 8, 16, 32, 48, 49, 98, 147)])
(9, 148, 179, [(1, 2, 3, 5, 8, 16, 21, 37, 74, 148), ..., (1, 2, 4, 8, 16, 32, 64, 128, 144, 148)])
(9, 149, 4, [(1, 2, 4, 5, 9, 18, 36, 72, 77, 149), ..., (1, 2, 4, 8, 16, 17, 33, 66, 132, 149)])
(9, 150, 116, [(1, 2, 3, 5, 10, 15, 25, 50, 75, 150), ..., (1, 2, 4, 8, 16, 32, 48, 50, 100, 150)])
(9, 152, 234, [(1, 2, 3, 4, 8, 11, 19, 38, 76, 152), ..., (1, 2, 4, 8, 16, 32, 64, 128, 144, 152)])
(9, 153, 14, [(1, 2, 3, 6, 9, 18, 36, 72, 81, 153), ..., (1, 2, 4, 8, 16, 17, 34, 68, 136, 153)])
(9, 154, 8, [(1, 2, 4, 5, 9, 18, 36, 41, 77, 154), ..., (1, 2, 4, 8, 16, 18, 34, 68, 136, 154)])
(9, 156, 144, [(1, 2, 3, 5, 8, 13, 26, 39, 78, 156), ..., (1, 2, 4, 8, 16, 32, 48, 52, 104, 156)])
(9, 161, 29, [(1, 2, 3, 5, 10, 20, 40, 80, 81, 161), ..., (1, 2, 4, 8, 16, 32, 64, 128, 160, 161)])
(9, 162, 99, [(1, 2, 3, 5, 10, 20, 40, 41, 81, 162), ..., (1, 2, 4, 8, 16, 32, 64, 128, 160, 162)])
(9, 163, 4, [(1, 2, 3, 5, 10, 20, 40, 80, 83, 163), ..., (1, 2, 4, 8, 16, 32, 33, 65, 130, 163)])
(9, 164, 89, [(1, 2, 3, 5, 10, 20, 21, 41, 82, 164), ..., (1, 2, 4, 8, 16, 32, 64, 128, 160, 164)])
(9, 165, 8, [(1, 2, 3, 5, 10, 20, 40, 80, 85, 165), ..., (1, 2, 4, 8, 16, 32, 33, 66, 132, 165)])
(9, 166, 8, [(1, 2, 3, 5, 10, 20, 40, 43, 83, 166), ..., (1, 2, 4, 8, 16, 32, 34, 66, 132, 166)])
(9, 168, 256, [(1, 2, 3, 4, 7, 14, 21, 42, 84, 168), ..., (1, 2, 4, 8, 16, 32, 64, 128, 160, 168)])
(9, 170, 24, [(1, 2, 3, 5, 10, 20, 40, 45, 85, 170), ..., (1, 2, 4, 8, 16, 32, 34, 68, 136, 170)])
(9, 172, 12, [(1, 2, 3, 5, 10, 20, 23, 43, 86, 172), ..., (1, 2, 4, 8, 16, 32, 36, 68, 136, 172)])
(9, 176, 127, [(1, 2, 3, 4, 7, 11, 22, 44, 88, 176), ..., (1, 2, 4, 8, 16, 32, 64, 128, 160, 176)])
(9, 180, 108, [(1, 2, 3, 5, 10, 15, 30, 45, 90, 180), ..., (1, 2, 4, 8, 16, 32, 36, 72, 144, 180)])
(9, 184, 16, [(1, 2, 3, 5, 10, 13, 23, 46, 92, 184), ..., (1, 2, 4, 8, 16, 32, 40, 72, 144, 184)])
(9, 193, 16, [(1, 2, 3, 6, 12, 24, 48, 96, 97, 193), ..., (1, 2, 4, 8, 16, 32, 64, 128, 192, 193)])
(9, 194, 32, [(1, 2, 3, 6, 12, 24, 48, 49, 97, 194), ..., (1, 2, 4, 8, 16, 32, 64, 128, 192, 194)])
(9, 195, 4, [(1, 2, 3, 6, 12, 24, 48, 96, 99, 195), ..., (1, 2, 4, 8, 16, 32, 64, 65, 130, 195)])
(9, 196, 44, [(1, 2, 3, 6, 12, 24, 25, 49, 98, 196), ..., (1, 2, 4, 8, 16, 32, 64, 128, 192, 196)])
(9, 198, 12, [(1, 2, 3, 6, 12, 24, 48, 51, 99, 198), ..., (1, 2, 4, 8, 16, 32, 64, 66, 132, 198)])
(9, 200, 92, [(1, 2, 3, 5, 10, 15, 25, 50, 100, 200), ..., (1, 2, 4, 8, 16, 32, 64, 128, 192, 200)])
(9, 204, 24, [(1, 2, 3, 6, 12, 24, 27, 51, 102, 204), ..., (1, 2, 4, 8, 16, 32, 64, 68, 136, 204)])
(9, 208, 66, [(1, 2, 3, 5, 8, 13, 26, 52, 104, 208), ..., (1, 2, 4, 8, 16, 32, 64, 128, 192, 208)])
(9, 216, 60, [(1, 2, 3, 6, 9, 18, 27, 54, 108, 216), ..., (1, 2, 4, 8, 16, 32, 64, 72, 144, 216)])
(9, 224, 50, [(1, 2, 3, 4, 7, 14, 28, 56, 112, 224), ..., (1, 2, 4, 8, 16, 32, 64, 128, 192, 224)])
(9, 240, 60, [(1, 2, 3, 5, 10, 15, 30, 60, 120, 240), ..., (1, 2, 4, 8, 16, 32, 64, 80, 160, 240)])
(9, 257, 2, [(1, 2, 4, 8, 16, 32, 64, 128, 129, 257), (1, 2, 4, 8, 16, 32, 64, 128, 256, 257)])
(9, 258, 4, [(1, 2, 4, 8, 16, 32, 64, 65, 129, 258), ..., (1, 2, 4, 8, 16, 32, 64, 128, 256, 258)])
(9, 260, 6, [(1, 2, 4, 8, 16, 32, 33, 65, 130, 260), ..., (1, 2, 4, 8, 16, 32, 64, 128, 256, 260)])
(9, 264, 8, [(1, 2, 4, 8, 16, 17, 33, 66, 132, 264), ..., (1, 2, 4, 8, 16, 32, 64, 128, 256, 264)])
(9, 272, 10, [(1, 2, 4, 8, 9, 17, 34, 68, 136, 272), ..., (1, 2, 4, 8, 16, 32, 64, 128, 256, 272)])
(9, 288, 33, [(1, 2, 3, 6, 9, 18, 36, 72, 144, 288), ..., (1, 2, 4, 8, 16, 32, 64, 128, 256, 288)])
(9, 320, 14, [(1, 2, 3, 5, 10, 20, 40, 80, 160, 320), ..., (1, 2, 4, 8, 16, 32, 64, 128, 256, 320)])
(9, 384, 8, [(1, 2, 3, 6, 12, 24, 48, 96, 192, 384), ..., (1, 2, 4, 8, 16, 32, 64, 128, 256, 384)])
(9, 512, 1, [(1, 2, 4, 8, 16, 32, 64, 128, 256, 512)])
(10, 127, 2661, [(1, 2, 3, 4, 7, 8, 15, 30, 60, 67, 127), ..., (1, 2, 4, 8, 16, 32, 40, 42, 84, 126, 127)])
(10, 139, 916, [(1, 2, 3, 4, 7, 10, 17, 34, 68, 71, 139), ..., (1, 2, 4, 8, 16, 32, 64, 128, 136, 138, 139)])
(10, 141, 1786, [(1, 2, 3, 4, 7, 10, 20, 27, 47, 94, 141), ..., (1, 2, 4, 8, 16, 32, 64, 128, 136, 140, 141)])
(10, 142, 3903, [(1, 2, 3, 4, 7, 8, 16, 32, 39, 71, 142), ..., (1, 2, 4, 8, 16, 32, 64, 128, 136, 140, 142)])
(10, 143, 861, [(1, 2, 3, 4, 7, 10, 17, 34, 68, 75, 143), ..., (1, 2, 4, 8, 16, 32, 36, 37, 74, 111, 143)])
(10, 151, 705, [(1, 2, 3, 4, 7, 9, 18, 36, 72, 79, 151), ..., (1, 2, 4, 8, 16, 32, 48, 50, 100, 150, 151)])
(10, 155, 607, [(1, 2, 3, 4, 7, 11, 18, 36, 72, 83, 155), ..., (1, 2, 4, 8, 16, 32, 48, 49, 98, 147, 155)])
(10, 157, 684, [(1, 2, 3, 5, 7, 12, 19, 38, 76, 81, 157), ..., (1, 2, 4, 8, 16, 32, 48, 52, 104, 156, 157)])
(10, 158, 1906, [(1, 2, 3, 4, 7, 9, 18, 36, 43, 79, 158), ..., (1, 2, 4, 8, 16, 32, 48, 52, 104, 156, 158)])
(10, 159, 569, [(1, 2, 3, 4, 8, 16, 19, 35, 70, 89, 159), ..., (1, 2, 4, 8, 16, 32, 48, 52, 53, 106, 159)])
(10, 167, 176, [(1, 2, 3, 4, 7, 10, 20, 40, 80, 87, 167), ..., (1, 2, 4, 8, 16, 32, 34, 66, 132, 166, 167)])
(10, 169, 1034, [(1, 2, 3, 4, 7, 14, 21, 42, 84, 85, 169), ..., (1, 2, 4, 8, 16, 32, 64, 128, 160, 168, 169)])
(10, 171, 690, [(1, 2, 3, 4, 7, 14, 21, 42, 84, 87, 171), ..., (1, 2, 4, 8, 16, 32, 48, 56, 57, 114, 171)])
(10, 173, 205, [(1, 2, 3, 5, 7, 14, 21, 42, 84, 89, 173), ..., (1, 2, 4, 8, 16, 32, 36, 68, 136, 172, 173)])
(10, 174, 1686, [(1, 2, 3, 4, 7, 10, 20, 40, 47, 87, 174), ..., (1, 2, 4, 8, 16, 32, 48, 56, 58, 116, 174)])
(10, 175, 266, [(1, 2, 3, 4, 7, 14, 21, 35, 70, 105, 175), ..., (1, 2, 4, 8, 16, 32, 36, 37, 69, 138, 175)])
(10, 177, 462, [(1, 2, 3, 4, 7, 11, 22, 44, 88, 89, 177), ..., (1, 2, 4, 8, 16, 32, 64, 128, 160, 176, 177)])
(10, 178, 1210, [(1, 2, 3, 4, 7, 11, 22, 44, 45, 89, 178), ..., (1, 2, 4, 8, 16, 32, 64, 128, 160, 176, 178)])
(10, 179, 83, [(1, 2, 3, 4, 7, 11, 22, 44, 88, 91, 179), ..., (1, 2, 4, 8, 16, 32, 48, 49, 98, 147, 179)])
(10, 181, 439, [(1, 2, 3, 5, 6, 11, 22, 44, 88, 93, 181), ..., (1, 2, 4, 8, 16, 32, 36, 72, 144, 180, 181)])
(10, 182, 1289, [(1, 2, 3, 4, 7, 11, 22, 44, 47, 91, 182), ..., (1, 2, 4, 8, 16, 32, 48, 50, 100, 150, 182)])
(10, 183, 254, [(1, 2, 3, 4, 7, 11, 22, 44, 88, 95, 183), ..., (1, 2, 4, 8, 16, 32, 36, 37, 73, 146, 183)])
(10, 185, 263, [(1, 2, 3, 5, 8, 16, 21, 37, 74, 111, 185), ..., (1, 2, 4, 8, 16, 32, 40, 72, 144, 184, 185)])
(10, 186, 1011, [(1, 2, 3, 4, 7, 14, 17, 31, 62, 93, 186), ..., (1, 2, 4, 8, 16, 32, 40, 72, 144, 184, 186)])
(10, 187, 72, [(1, 2, 3, 4, 7, 11, 22, 44, 88, 99, 187), ..., (1, 2, 4, 8, 16, 32, 40, 41, 73, 146, 187)])
(10, 188, 1153, [(1, 2, 3, 4, 7, 10, 20, 27, 47, 94, 188), ..., (1, 2, 4, 8, 16, 32, 48, 52, 104, 156, 188)])
(10, 189, 267, [(1, 2, 3, 4, 7, 14, 21, 42, 63, 126, 189), ..., (1, 2, 4, 8, 16, 32, 33, 41, 74, 148, 189)])
(10, 190, 608, [(1, 2, 3, 4, 7, 11, 22, 44, 51, 95, 190), ..., (1, 2, 4, 8, 16, 32, 40, 42, 74, 148, 190)])
(10, 197, 209, [(1, 2, 3, 5, 6, 12, 24, 48, 96, 101, 197), ..., (1, 2, 4, 8, 16, 32, 64, 128, 192, 196, 197)])
(10, 199, 70, [(1, 2, 3, 5, 7, 12, 24, 48, 96, 103, 199), ..., (1, 2, 4, 8, 16, 32, 64, 66, 132, 198, 199)])
(10, 201, 312, [(1, 2, 3, 4, 8, 16, 32, 35, 67, 134, 201), ..., (1, 2, 4, 8, 16, 32, 64, 128, 192, 200, 201)])
(10, 202, 729, [(1, 2, 3, 5, 6, 12, 24, 48, 53, 101, 202), ..., (1, 2, 4, 8, 16, 32, 64, 128, 192, 200, 202)])
(10, 203, 57, [(1, 2, 3, 5, 10, 15, 25, 50, 100, 103, 203), ..., (1, 2, 4, 8, 16, 32, 64, 65, 130, 195, 203)])
(10, 205, 167, [(1, 2, 3, 5, 10, 15, 25, 50, 100, 105, 205), ..., (1, 2, 4, 8, 16, 32, 64, 68, 136, 204, 205)])
(10, 206, 295, [(1, 2, 3, 5, 7, 12, 24, 48, 55, 103, 206), ..., (1, 2, 4, 8, 16, 32, 64, 68, 136, 204, 206)])
(10, 207, 70, [(1, 2, 3, 5, 8, 16, 32, 37, 69, 138, 207), ..., (1, 2, 4, 8, 16, 32, 64, 68, 69, 138, 207)])
(10, 209, 180, [(1, 2, 3, 5, 8, 13, 26, 52, 104, 105, 209), ..., (1, 2, 4, 8, 16, 32, 64, 128, 192, 208, 209)])
(10, 210, 1075, [(1, 2, 3, 4, 7, 14, 21, 35, 70, 105, 210), ..., (1, 2, 4, 8, 16, 32, 64, 128, 192, 208, 210)])
(10, 211, 30, [(1, 2, 3, 5, 8, 13, 26, 52, 104, 107, 211), ..., (1, 2, 4, 8, 16, 32, 64, 65, 130, 195, 211)])
(10, 212, 937, [(1, 2, 3, 5, 6, 12, 24, 29, 53, 106, 212), ..., (1, 2, 4, 8, 16, 32, 64, 128, 192, 208, 212)])
(10, 213, 30, [(1, 2, 3, 5, 8, 13, 26, 52, 104, 109, 213), ..., (1, 2, 4, 8, 16, 32, 33, 49, 82, 164, 213)])
(10, 214, 88, [(1, 2, 3, 5, 8, 13, 26, 52, 55, 107, 214), ..., (1, 2, 4, 8, 16, 32, 64, 66, 132, 198, 214)])
(10, 215, 26, [(1, 2, 3, 5, 10, 15, 25, 50, 100, 115, 215), ..., (1, 2, 4, 8, 16, 17, 33, 66, 132, 198, 215)])
(10, 217, 192, [(1, 2, 3, 6, 9, 18, 27, 54, 108, 109, 217), ..., (1, 2, 4, 8, 16, 32, 64, 72, 144, 216, 217)])
(10, 218, 375, [(1, 2, 3, 5, 8, 13, 26, 52, 57, 109, 218), ..., (1, 2, 4, 8, 16, 32, 64, 72, 144, 216, 218)])
(10, 219, 98, [(1, 2, 3, 6, 9, 18, 27, 54, 108, 111, 219), ..., (1, 2, 4, 8, 16, 32, 64, 72, 73, 146, 219)])
(10, 220, 1096, [(1, 2, 3, 4, 7, 11, 22, 33, 55, 110, 220), ..., (1, 2, 4, 8, 16, 32, 64, 72, 144, 216, 220)])
(10, 221, 58, [(1, 2, 3, 5, 8, 13, 26, 52, 104, 117, 221), ..., (1, 2, 4, 8, 16, 24, 25, 49, 98, 196, 221)])
(10, 222, 310, [(1, 2, 3, 5, 8, 16, 21, 37, 74, 111, 222), ..., (1, 2, 4, 8, 16, 32, 64, 72, 74, 148, 222)])
(10, 225, 251, [(1, 2, 3, 4, 7, 14, 28, 56, 112, 113, 225), ..., (1, 2, 4, 8, 16, 32, 64, 128, 192, 224, 225)])
(10, 226, 320, [(1, 2, 3, 4, 7, 14, 28, 56, 57, 113, 226), ..., (1, 2, 4, 8, 16, 32, 64, 128, 192, 224, 226)])
(10, 227, 25, [(1, 2, 3, 4, 7, 14, 28, 56, 112, 115, 227), ..., (1, 2, 4, 8, 16, 32, 64, 65, 130, 195, 227)])
(10, 228, 1012, [(1, 2, 3, 4, 7, 14, 28, 29, 57, 114, 228), ..., (1, 2, 4, 8, 16, 32, 64, 128, 192, 224, 228)])
(10, 229, 16, [(1, 2, 3, 5, 7, 14, 28, 56, 112, 117, 229), ..., (1, 2, 4, 8, 16, 32, 33, 66, 98, 196, 229)])
(10, 230, 116, [(1, 2, 3, 4, 7, 14, 28, 56, 59, 115, 230), ..., (1, 2, 4, 8, 16, 32, 64, 66, 132, 198, 230)])
(10, 231, 28, [(1, 2, 3, 4, 7, 14, 28, 56, 112, 119, 231), ..., (1, 2, 4, 8, 16, 32, 33, 66, 132, 198, 231)])
(10, 232, 894, [(1, 2, 3, 4, 7, 11, 18, 29, 58, 116, 232), ..., (1, 2, 4, 8, 16, 32, 64, 128, 192, 224, 232)])
(10, 233, 4, [(1, 2, 4, 5, 9, 14, 28, 56, 112, 121, 233), ..., (1, 2, 4, 8, 16, 17, 33, 50, 100, 200, 233)])
(10, 234, 304, [(1, 2, 3, 5, 7, 14, 28, 56, 61, 117, 234), ..., (1, 2, 4, 8, 16, 32, 34, 68, 100, 200, 234)])
(10, 236, 159, [(1, 2, 3, 4, 7, 14, 28, 31, 59, 118, 236), ..., (1, 2, 4, 8, 16, 32, 64, 68, 136, 204, 236)])
(10, 238, 76, [(1, 2, 3, 4, 7, 14, 28, 56, 63, 119, 238), ..., (1, 2, 4, 8, 16, 32, 34, 68, 136, 204, 238)])
(10, 241, 165, [(1, 2, 3, 5, 10, 15, 30, 60, 120, 121, 241), ..., (1, 2, 4, 8, 16, 32, 64, 80, 160, 240, 241)])
(10, 242, 329, [(1, 2, 3, 5, 10, 15, 30, 60, 61, 121, 242), ..., (1, 2, 4, 8, 16, 32, 64, 80, 160, 240, 242)])
(10, 243, 93, [(1, 2, 3, 5, 10, 15, 30, 60, 120, 123, 243), ..., (1, 2, 4, 8, 16, 32, 64, 80, 81, 162, 243)])
(10, 244, 457, [(1, 2, 3, 5, 7, 14, 28, 33, 61, 122, 244), ..., (1, 2, 4, 8, 16, 32, 64, 80, 160, 240, 244)])
(10, 245, 48, [(1, 2, 3, 5, 10, 15, 30, 60, 120, 125, 245), ..., (1, 2, 4, 8, 16, 32, 48, 49, 98, 196, 245)])
(10, 246, 194, [(1, 2, 3, 5, 10, 15, 30, 60, 63, 123, 246), ..., (1, 2, 4, 8, 16, 32, 64, 80, 82, 164, 246)])
(10, 248, 609, [(1, 2, 3, 4, 7, 14, 17, 31, 62, 124, 248), ..., (1, 2, 4, 8, 16, 32, 64, 80, 160, 240, 248)])
(10, 249, 8, [(1, 2, 3, 5, 10, 20, 40, 43, 83, 166, 249), ..., (1, 2, 4, 8, 16, 17, 33, 66, 83, 166, 249)])
(10, 250, 168, [(1, 2, 3, 5, 10, 15, 25, 50, 75, 125, 250), ..., (1, 2, 4, 8, 16, 32, 48, 50, 100, 200, 250)])
(10, 252, 700, [(1, 2, 3, 4, 7, 14, 21, 42, 63, 126, 252), ..., (1, 2, 4, 8, 16, 32, 64, 80, 84, 168, 252)])
(10, 255, 24, [(1, 2, 3, 5, 10, 15, 30, 60, 120, 135, 255), ..., (1, 2, 4, 8, 16, 17, 34, 68, 85, 170, 255)])
(10, 259, 23, [(1, 2, 3, 4, 8, 16, 32, 64, 128, 131, 259), ..., (1, 2, 4, 8, 16, 32, 64, 128, 256, 258, 259)])
(10, 261, 21, [(1, 2, 3, 5, 8, 16, 32, 64, 128, 133, 261), ..., (1, 2, 4, 8, 16, 32, 64, 128, 256, 260, 261)])
(10, 262, 58, [(1, 2, 3, 4, 8, 16, 32, 64, 67, 131, 262), ..., (1, 2, 4, 8, 16, 32, 64, 128, 256, 260, 262)])
(10, 265, 21, [(1, 2, 4, 8, 9, 16, 32, 64, 128, 137, 265), ..., (1, 2, 4, 8, 16, 32, 64, 128, 256, 264, 265)])
(10, 266, 50, [(1, 2, 3, 5, 8, 16, 32, 64, 69, 133, 266), ..., (1, 2, 4, 8, 16, 32, 64, 128, 256, 264, 266)])
(10, 268, 101, [(1, 2, 3, 4, 8, 16, 32, 35, 67, 134, 268), ..., (1, 2, 4, 8, 16, 32, 64, 128, 256, 264, 268)])
(10, 270, 136, [(1, 2, 3, 5, 10, 15, 30, 45, 90, 135, 270), ..., (1, 2, 4, 8, 16, 18, 36, 72, 90, 180, 270)])
(10, 273, 25, [(1, 2, 4, 8, 9, 17, 34, 68, 136, 137, 273), ..., (1, 2, 4, 8, 16, 32, 64, 128, 256, 272, 273)])
(10, 274, 50, [(1, 2, 4, 8, 9, 16, 32, 64, 73, 137, 274), ..., (1, 2, 4, 8, 16, 32, 64, 128, 256, 272, 274)])
(10, 276, 135, [(1, 2, 3, 5, 8, 16, 32, 37, 69, 138, 276), ..., (1, 2, 4, 8, 16, 32, 64, 128, 256, 272, 276)])
(10, 280, 448, [(1, 2, 3, 4, 7, 14, 21, 35, 70, 140, 280), ..., (1, 2, 4, 8, 16, 32, 64, 128, 256, 272, 280)])
(10, 281, 4, [(1, 2, 4, 8, 9, 17, 34, 68, 136, 145, 281), ..., (1, 2, 4, 8, 16, 17, 33, 66, 132, 264, 281)])
(10, 289, 87, [(1, 2, 3, 6, 9, 18, 36, 72, 144, 145, 289), ..., (1, 2, 4, 8, 16, 32, 64, 128, 256, 288, 289)])
(10, 290, 168, [(1, 2, 3, 6, 9, 18, 36, 72, 73, 145, 290), ..., (1, 2, 4, 8, 16, 32, 64, 128, 256, 288, 290)])
(10, 291, 28, [(1, 2, 3, 6, 9, 18, 36, 72, 144, 147, 291), ..., (1, 2, 4, 8, 16, 32, 64, 96, 97, 194, 291)])
(10, 292, 217, [(1, 2, 3, 6, 9, 18, 36, 37, 73, 146, 292), ..., (1, 2, 4, 8, 16, 32, 64, 128, 256, 288, 292)])
(10, 293, 4, [(1, 2, 4, 5, 9, 18, 36, 72, 144, 149, 293), ..., (1, 2, 4, 8, 16, 32, 33, 65, 130, 260, 293)])
(10, 294, 80, [(1, 2, 3, 6, 9, 18, 36, 72, 75, 147, 294), ..., (1, 2, 4, 8, 16, 32, 64, 96, 98, 196, 294)])
(10, 296, 258, [(1, 2, 3, 5, 8, 16, 21, 37, 74, 148, 296), ..., (1, 2, 4, 8, 16, 32, 64, 128, 256, 288, 296)])
(10, 297, 14, [(1, 2, 3, 6, 9, 18, 36, 72, 144, 153, 297), ..., (1, 2, 4, 8, 16, 32, 33, 66, 132, 264, 297)])
(10, 298, 8, [(1, 2, 4, 5, 9, 18, 36, 72, 77, 149, 298), ..., (1, 2, 4, 8, 16, 32, 34, 66, 132, 264, 298)])
(10, 300, 264, [(1, 2, 3, 5, 10, 15, 25, 50, 75, 150, 300), ..., (1, 2, 4, 8, 16, 32, 64, 96, 100, 200, 300)])
(10, 304, 307, [(1, 2, 3, 4, 8, 11, 19, 38, 76, 152, 304), ..., (1, 2, 4, 8, 16, 32, 64, 128, 256, 288, 304)])
(10, 306, 48, [(1, 2, 3, 6, 9, 18, 36, 72, 81, 153, 306), ..., (1, 2, 4, 8, 16, 32, 34, 68, 136, 272, 306)])
(10, 308, 12, [(1, 2, 4, 5, 9, 18, 36, 41, 77, 154, 308), ..., (1, 2, 4, 8, 16, 32, 36, 68, 136, 272, 308)])
(10, 312, 248, [(1, 2, 3, 5, 8, 13, 26, 39, 78, 156, 312), ..., (1, 2, 4, 8, 16, 32, 64, 96, 104, 208, 312)])
(10, 321, 33, [(1, 2, 3, 5, 10, 20, 40, 80, 160, 161, 321), ..., (1, 2, 4, 8, 16, 32, 64, 128, 256, 320, 321)])
(10, 322, 66, [(1, 2, 3, 5, 10, 20, 40, 80, 81, 161, 322), ..., (1, 2, 4, 8, 16, 32, 64, 128, 256, 320, 322)])
(10, 323, 4, [(1, 2, 3, 5, 10, 20, 40, 80, 160, 163, 323), ..., (1, 2, 4, 8, 16, 32, 64, 65, 129, 258, 323)])
(10, 324, 194, [(1, 2, 3, 5, 10, 20, 40, 41, 81, 162, 324), ..., (1, 2, 4, 8, 16, 32, 64, 128, 256, 320, 324)])
(10, 325, 8, [(1, 2, 3, 5, 10, 20, 40, 80, 160, 165, 325), ..., (1, 2, 4, 8, 16, 32, 64, 65, 130, 260, 325)])
(10, 326, 8, [(1, 2, 3, 5, 10, 20, 40, 80, 83, 163, 326), ..., (1, 2, 4, 8, 16, 32, 64, 66, 130, 260, 326)])
(10, 328, 124, [(1, 2, 3, 5, 10, 20, 21, 41, 82, 164, 328), ..., (1, 2, 4, 8, 16, 32, 64, 128, 256, 320, 328)])
(10, 330, 24, [(1, 2, 3, 5, 10, 20, 40, 80, 85, 165, 330), ..., (1, 2, 4, 8, 16, 32, 64, 66, 132, 264, 330)])
(10, 332, 12, [(1, 2, 3, 5, 10, 20, 40, 43, 83, 166, 332), ..., (1, 2, 4, 8, 16, 32, 64, 68, 132, 264, 332)])
(10, 336, 369, [(1, 2, 3, 4, 7, 14, 21, 42, 84, 168, 336), ..., (1, 2, 4, 8, 16, 32, 64, 128, 256, 320, 336)])
(10, 340, 48, [(1, 2, 3, 5, 10, 20, 40, 45, 85, 170, 340), ..., (1, 2, 4, 8, 16, 32, 64, 68, 136, 272, 340)])
(10, 344, 16, [(1, 2, 3, 5, 10, 20, 23, 43, 86, 172, 344), ..., (1, 2, 4, 8, 16, 32, 64, 72, 136, 272, 344)])
(10, 352, 156, [(1, 2, 3, 4, 7, 11, 22, 44, 88, 176, 352), ..., (1, 2, 4, 8, 16, 32, 64, 128, 256, 320, 352)])
(10, 360, 200, [(1, 2, 3, 5, 10, 15, 30, 45, 90, 180, 360), ..., (1, 2, 4, 8, 16, 32, 64, 72, 144, 288, 360)])
(10, 368, 20, [(1, 2, 3, 5, 10, 13, 23, 46, 92, 184, 368), ..., (1, 2, 4, 8, 16, 32, 64, 80, 144, 288, 368)])
(10, 385, 18, [(1, 2, 3, 6, 12, 24, 48, 96, 192, 193, 385), ..., (1, 2, 4, 8, 16, 32, 64, 128, 256, 384, 385)])
(10, 386, 36, [(1, 2, 3, 6, 12, 24, 48, 96, 97, 193, 386), ..., (1, 2, 4, 8, 16, 32, 64, 128, 256, 384, 386)])
(10, 387, 4, [(1, 2, 3, 6, 12, 24, 48, 96, 192, 195, 387), ..., (1, 2, 4, 8, 16, 32, 64, 128, 129, 258, 387)])
(10, 388, 50, [(1, 2, 3, 6, 12, 24, 48, 49, 97, 194, 388), ..., (1, 2, 4, 8, 16, 32, 64, 128, 256, 384, 388)])
(10, 390, 12, [(1, 2, 3, 6, 12, 24, 48, 96, 99, 195, 390), ..., (1, 2, 4, 8, 16, 32, 64, 128, 130, 260, 390)])
(10, 392, 60, [(1, 2, 3, 6, 12, 24, 25, 49, 98, 196, 392), ..., (1, 2, 4, 8, 16, 32, 64, 128, 256, 384, 392)])
(10, 396, 24, [(1, 2, 3, 6, 12, 24, 48, 51, 99, 198, 396), ..., (1, 2, 4, 8, 16, 32, 64, 128, 132, 264, 396)])
(10, 400, 126, [(1, 2, 3, 5, 10, 15, 25, 50, 100, 200, 400), ..., (1, 2, 4, 8, 16, 32, 64, 128, 256, 384, 400)])
(10, 408, 40, [(1, 2, 3, 6, 12, 24, 27, 51, 102, 204, 408), ..., (1, 2, 4, 8, 16, 32, 64, 128, 136, 272, 408)])
(10, 416, 80, [(1, 2, 3, 5, 8, 13, 26, 52, 104, 208, 416), ..., (1, 2, 4, 8, 16, 32, 64, 128, 256, 384, 416)])
(10, 432, 95, [(1, 2, 3, 6, 9, 18, 27, 54, 108, 216, 432), ..., (1, 2, 4, 8, 16, 32, 64, 128, 144, 288, 432)])
(10, 448, 59, [(1, 2, 3, 4, 7, 14, 28, 56, 112, 224, 448), ..., (1, 2, 4, 8, 16, 32, 64, 128, 256, 384, 448)])
(10, 480, 84, [(1, 2, 3, 5, 10, 15, 30, 60, 120, 240, 480), ..., (1, 2, 4, 8, 16, 32, 64, 128, 160, 320, 480)])
(10, 513, 2, [(1, 2, 4, 8, 16, 32, 64, 128, 256, 257, 513), (1, 2, 4, 8, 16, 32, 64, 128, 256, 512, 513)])
(10, 514, 4, [(1, 2, 4, 8, 16, 32, 64, 128, 129, 257, 514), ..., (1, 2, 4, 8, 16, 32, 64, 128, 256, 512, 514)])
(10, 516, 6, [(1, 2, 4, 8, 16, 32, 64, 65, 129, 258, 516), ..., (1, 2, 4, 8, 16, 32, 64, 128, 256, 512, 516)])
(10, 520, 8, [(1, 2, 4, 8, 16, 32, 33, 65, 130, 260, 520), ..., (1, 2, 4, 8, 16, 32, 64, 128, 256, 512, 520)])
(10, 528, 10, [(1, 2, 4, 8, 16, 17, 33, 66, 132, 264, 528), ..., (1, 2, 4, 8, 16, 32, 64, 128, 256, 512, 528)])
