0:0:[]:[]
1:0:[1]:[[1]]
2:1:[1, 2]:[[1, 2]]
3:2:[1, 2, 3]:[[1, 2, 3]]
4:2:[1, 2, 4]:[[1, 2, 4]]
5:3:[1, 2, 3, 5]:[[1, 2, 3, 5], [1, 2, 3, 5], [1, 2, 3, 5]]
6:3:[1, 2, 3, 4, 6]:[[1, 2, 4, 6], [1, 2, 4, 6], [1, 2, 3, 6], [1, 2, 3, 6]]
7:4:[1, 2, 3, 4, 5, 7]:[[1, 2, 3, 5, 7], [1, 2, 3, 5, 7], [1, 2, 3, 5, 7], [1, 2, 3, 4, 7], [1, 2, 3, 4, 7], [1, 2, 3, 4, 7], [1, 2, 3, 4, 7], [1, 2, 3, 4, 7]]
0:0:[]:[]
1:0:[1]:[[1]]
2:1:[1, 2]:[[1, 2]]
3:2:[1, 2, 3]:[[1, 2, 3], [1, 2, 3]]
4:2:[1, 2, 4]:[[1, 2, 4]]
5:3:[1, 2, 3, 5]:[[1, 2, 3, 5], [1, 2, 3, 5], [1, 2, 3, 5]]
6:3:[1, 2, 3, 4, 6]:[[1, 2, 4, 6], [1, 2, 4, 6], [1, 2, 3, 6], [1, 2, 3, 6]]
7:4:[1, 2, 3, 4, 5, 7]:[[1, 2, 3, 5, 7], [1, 2, 3, 5, 7], [1, 2, 3, 5, 7], [1, 2, 3, 4, 7], [1, 2, 3, 4, 7], [1, 2, 3, 4, 7], [1, 2, 3, 4, 7], [1, 2, 3, 4, 7]]
0:0:[]:[]
1:0:[1]:[[1]]
2:1:[1, 2]:[[1, 2]]
3:2:[1, 2, 3]:[[1, 2, 3], [1, 2, 3]]
4:2:[1, 2, 4]:[[1, 2, 4]]
5:3:[1, 2, 3, 5]:[[1, 2, 3, 5], [1, 2, 3, 5], [1, 2, 3, 5]]
6:3:[1, 2, 3, 4, 6]:[[1, 2, 4, 6], [1, 2, 4, 6], [1, 2, 3, 6], [1, 2, 3, 6]]
7:4:[1, 2, 3, 4, 5, 7]:[[1, 2, 3, 5, 7], [1, 2, 3, 5, 7], [1, 2, 3, 5, 7], [1, 2, 3, 4, 7], [1, 2, 3, 4, 7], [1, 2, 3, 4, 7], [1, 2, 3, 4, 7], [1, 2, 3, 4, 7]]
0:0:[]:[]
1:0:[1]:[[1]]
2:1:[1, 2]:[[1, 2]]
3:2:[1, 2, 3]:[[1, 2, 3], [1, 2, 3]]
4:2:[1, 2, 4]:[[1, 2, 4]]
5:3:[1, 2, 3, 5]:[[1, 2, 3, 5], [1, 2, 3, 5], [1, 2, 3, 5]]
6:3:[1, 2, 3, 4, 6]:[[1, 2, 4, 6], [1, 2, 4, 6], [1, 2, 3, 6], [1, 2, 3, 6]]
7:4:[1, 2, 3, 4, 5, 7]:[[1, 2, 3, 5, 7], [1, 2, 3, 5, 7], [1, 2, 3, 5, 7], [1, 2, 3, 4, 7], [1, 2, 3, 4, 7], [1, 2, 3, 4, 7], [1, 2, 3, 4, 7], [1, 2, 3, 4, 7]]
0:0:[]:[]
1:0:[1]:[[1]]
2:1:[1, 2]:[[1, 2]]
3:2:[1, 2, 3]:[[1, 2, 3], [1, 2, 3]]
4:2:[1, 2, 4]:[[1, 2, 4]]
5:3:[1, 2, 3, 5]:[[1, 2, 3, 5], [1, 2, 3, 5], [1, 2, 3, 5]]
6:3:[1, 2, 3, 4, 6]:[[1, 2, 4, 6], [1, 2, 4, 6], [1, 2, 3, 6], [1, 2, 3, 6]]
7:4:[1, 2, 3, 4, 5, 7]:[[1, 2, 3, 5, 7], [1, 2, 3, 5, 7], [1, 2, 3, 5, 7], [1, 2, 3, 4, 7], [1, 2, 3, 4, 7], [1, 2, 3, 4, 7], [1, 2, 3, 4, 7], [1, 2, 3, 4, 7]]
0:0:[]:[]
1:0:[1]:[[1]]
2:1:[1, 2]:[[1, 2]]
3:2:[1, 2, 3]:[[1, 2, 3], [1, 2, 3]]
4:2:[1, 2, 4]:[[1, 2, 4]]
5:3:[1, 2, 3, 5]:[[1, 2, 3, 5], [1, 2, 3, 5], [1, 2, 3, 5]]
6:3:[1, 2, 3, 4, 6]:[[1, 2, 4, 6], [1, 2, 4, 6], [1, 2, 3, 6], [1, 2, 3, 6]]
7:4:[1, 2, 3, 4, 5, 7]:[[1, 2, 3, 5, 7], [1, 2, 3, 5, 7], [1, 2, 3, 5, 7], [1, 2, 3, 4, 7], [1, 2, 3, 4, 7], [1, 2, 3, 4, 7], [1, 2, 3, 4, 7], [1, 2, 3, 4, 7]]
0:0:[]:[]
1:0:[1]:[[1]]
2:1:[1, 2]:[[1, 2]]
3:2:[1, 2, 3]:[[1, 2, 3], [1, 2, 3]]
4:2:[1, 2, 4]:[[1, 2, 4]]
5:3:[1, 2, 3, 5]:[[1, 2, 3, 5], [1, 2, 3, 5], [1, 2, 3, 5]]
6:3:[1, 2, 3, 4, 6]:[[1, 2, 4, 6], [1, 2, 4, 6], [1, 2, 3, 6], [1, 2, 3, 6]]
7:4:[1, 2, 3, 4, 5, 7]:[[1, 2, 3, 5, 7], [1, 2, 3, 5, 7], [1, 2, 3, 5, 7], [1, 2, 3, 4, 7], [1, 2, 3, 4, 7], [1, 2, 3, 4, 7], [1, 2, 3, 4, 7], [1, 2, 3, 4, 7]]
0:0:[]:[]
1:0:[1]:[[1]]
2:1:[1, 2]:[[1, 2]]
3:2:[1, 2, 3]:[[1, 2, 3], [1, 2, 3]]
4:2:[1, 2, 4]:[[1, 2, 4]]
5:3:[1, 2, 3, 5]:[[1, 2, 3, 5], [1, 2, 3, 5], [1, 2, 3, 5]]
6:3:[1, 2, 3, 4, 6]:[[1, 2, 4, 6], [1, 2, 4, 6], [1, 2, 3, 6], [1, 2, 3, 6]]
7:4:[1, 2, 3, 4, 5, 7]:[[1, 2, 3, 5, 7], [1, 2, 3, 5, 7], [1, 2, 3, 5, 7], [1, 2, 3, 4, 7], [1, 2, 3, 4, 7], [1, 2, 3, 4, 7], [1, 2, 3, 4, 7], [1, 2, 3, 4, 7]]
0:0:[]:[]
1:0:[1]:[[1]]
2:1:[1, 2]:[[1, 2]]
0:0:[]:[]
1:0:[1]:[[1]]
2:1:[1, 2]:[[1, 2]]
3:2:[1, 2, 3]:[[1, 2, 3], [1, 2, 3]]
4:2:[1, 2, 4]:[[1, 2, 4]]
5:3:[1, 2, 3, 5]:[[1, 2, 3, 5], [1, 2, 3, 5], [1, 2, 3, 5]]
6:3:[1, 2, 3, 4, 6]:[[1, 2, 4, 6], [1, 2, 4, 6], [1, 2, 3, 6], [1, 2, 3, 6]]
7:4:[1, 2, 3, 4, 5, 7]:[[1, 2, 3, 5, 7], [1, 2, 3, 5, 7], [1, 2, 3, 5, 7], [1, 2, 3, 4, 7], [1, 2, 3, 4, 7], [1, 2, 3, 4, 7], [1, 2, 3, 4, 7], [1, 2, 3, 4, 7]]
0:0:[]:[]
1:0:[1]:[[1]]
0:0:[]:[]
1:0:[1]:[[1]]
2:1:[1, 2]:[[1, 2]]
3:2:[1, 2, 3]:[[1, 2, 3], [1, 2, 3]]
4:2:[1, 2, 4]:[[1, 2, 4]]
5:3:[1, 2, 3, 5]:[[1, 2, 3, 5], [1, 2, 3, 5], [1, 2, 3, 5]]
6:3:[1, 2, 3, 4, 6]:[[1, 2, 4, 6], [1, 2, 4, 6], [1, 2, 3, 6], [1, 2, 3, 6]]
7:4:[1, 2, 3, 4, 5, 7]:[[1, 2, 3, 5, 7], [1, 2, 3, 5, 7], [1, 2, 3, 5, 7], [1, 2, 3, 4, 7], [1, 2, 3, 4, 7], [1, 2, 3, 4, 7], [1, 2, 3, 4, 7], [1, 2, 3, 4, 7]]
0:0:[]:[]
1:0:[1]:[[1]]
2:1:[1, 2]:[[1, 2]]
3:2:[1, 2, 3]:[[1, 2, 3], [1, 2, 3]]
0:0:[]:[]
1:0:[1]:[[1]]
2:1:[1, 2]:[[1, 2]]
3:2:[1, 2, 3]:[[1, 2, 3], [1, 2, 3]]
4:2:[1, 2, 4]:[[1, 2, 4]]
0:0:[]:[]
1:0:[1]:[[1]]
2:1:[1, 2]:[[1, 2]]
3:2:[1, 2, 3]:[[1, 2, 3], [1, 2, 3]]
4:2:[1, 2, 4]:[[1, 2, 4]]
5:3:[1, 2, 3, 5]:[[1, 2, 3, 5], [1, 2, 3, 5]]
6:3:[1, 2, 3, 4, 6]:[[1, 2, 4, 6], [1, 2, 4, 6], [1, 2, 3, 6], [1, 2, 3, 6]]
7:4:[1, 2, 3, 4, 5, 7]:[[1, 2, 3, 5, 7], [1, 2, 3, 5, 7], [1, 2, 3, 4, 7], [1, 2, 3, 4, 7], [1, 2, 3, 4, 7], [1, 2, 3, 4, 7]]
0:0:[]:[]
1:0:[1]:[[1]]
0:0:[]:[]
1:0:[1]:[[1]]
2:1:[1, 2]:[[1, 2]]
3:2:[1, 2, 3]:[[1, 2, 3], [1, 2, 3]]
4:2:[1, 2, 4]:[[1, 2, 4]]
5:3:[1, 2, 3, 5]:[[1, 2, 3, 5], [1, 2, 3, 5]]
6:3:[1, 2, 3, 4, 6]:[[1, 2, 4, 6], [1, 2, 4, 6], [1, 2, 3, 6], [1, 2, 3, 6]]
7:4:[1, 2, 3, 4, 5, 7]:[[1, 2, 3, 5, 7], [1, 2, 3, 5, 7], [1, 2, 3, 4, 7], [1, 2, 3, 4, 7], [1, 2, 3, 4, 7], [1, 2, 3, 4, 7]]
0:0:[]:[]
1:0:[1]:[[1]]
2:1:[1, 2]:[[1, 2]]
3:2:[1, 2, 3]:[[1, 2, 3], [1, 2, 3]]
4:2:[1, 2, 4]:[[1, 2, 4]]
0:0:[]:[]
1:0:[1]:[[1]]
2:1:[1, 2]:[[1, 2]]
3:2:[1, 2, 3]:[[1, 2, 3], [1, 2, 3]]
4:2:[1, 2, 4]:[[1, 2, 4]]
0:0:[]:[]
1:0:[1]:[[1]]
2:1:[1, 2]:[[1, 2]]
3:2:[1, 2, 3]:[[1, 2, 3], [1, 2, 3]]
0:0:[]:[]
1:0:[1]:[[1]]
0:0:[]:[]
1:0:[1]:[[1]]
2:1:[1, 2]:[[1, 2]]
3:2:[1, 2, 3]:[[1, 2, 3], [1, 2, 3]]
0:0:[]:[]
1:0:[1]:[[1]]
2:1:[1, 2]:[[1, 2]]
3:2:[1, 2, 3]:[[1, 2, 3], [1, 2, 3]]
4:2:[1, 2, 4]:[[1, 2, 4]]
0:0:[]:[]
1:0:[1]:[[1]]
2:1:[1, 2]:[[1, 2]]
3:2:[1, 2, 3]:[[1, 2, 3], [1, 2, 3]]
4:2:[1, 2, 4]:[[1, 2, 4]]
5:3:[1, 2, 3, 5]:[[1, 2, 3, 5], [1, 2, 3, 5]]
0:0:[]:[]
1:0:[1]:[[1]]
2:1:[1, 2]:[[1, 2]]
3:2:[1, 2, 3]:[[1, 2, 3], [1, 2, 3]]
4:2:[1, 2, 4]:[[1, 2, 4]]
5:3:[1, 2, 3, 5]:[[1, 2, 3, 5], [1, 2, 3, 5]]
0:0:[]:[]
1:0:[1]:[[1]]
2:1:[1, 2]:[[1, 2]]
3:2:[1, 2, 3]:[[1, 2, 3], [1, 2, 3]]
4:2:[1, 2, 4]:[[1, 2, 4]]
5:3:[1, 2, 3, 5]:[[1, 2, 3, 5], [1, 2, 3, 5]]
0:0:[]:[]
1:0:[1]:[[1]]
2:1:[1, 2]:[[1, 2]]
3:2:[1, 2, 3]:[[1, 2, 3], [1, 2, 3]]
4:2:[1, 2, 4]:[[1, 2, 4]]
5:3:[1, 2, 3, 5]:[[1, 2, 3, 5], [1, 2, 3, 5]]
0:0:[]:[]
1:0:[1]:[[1]]
2:1:[1, 2]:[[1, 2]]
3:2:[1, 2, 3]:[[1, 2, 3], [1, 2, 3]]
4:2:[1, 2, 4]:[[1, 2, 4]]
5:3:[1, 2, 3, 5]:[[1, 2, 3, 5], [1, 2, 3, 5]]
0:0:[]:[]
1:0:[1]:[[1]]
2:1:[1, 2]:[[1, 2]]
3:2:[1, 2, 3]:[[1, 2, 3], [1, 2, 3]]
4:2:[1, 2, 4]:[[1, 2, 4]]
5:3:[1, 2, 3, 5]:[[1, 2, 3, 5], [1, 2, 3, 5]]
0:0:[]:[]
1:0:[1]:[[1]]
2:1:[1, 2]:[[1, 2]]
3:2:[1, 2, 3]:[[1, 2, 3], [1, 2, 3]]
4:2:[1, 2, 4]:[[1, 2, 4]]
5:3:[1, 2, 3, 4, 5]:[[1, 2, 4, 5], [1, 2, 4, 5], [1, 2, 3, 5], [1, 2, 3, 5]]
0:0:[]:[]
1:0:[1]:[[1]]
2:1:[1, 2]:[[1, 2]]
3:2:[1, 2, 3]:[[1, 2, 3]]
4:2:[1, 2, 4]:[[1, 2, 4]]
5:3:[1, 2, 3, 4, 5]:[[1, 2, 4, 5], [1, 2, 3, 5]]
0:0:[]:[]
1:0:[1]:[[1]]
2:1:[1, 2]:[[1, 2]]
3:2:[1, 2, 3]:[[1, 2, 3]]
4:2:[1, 2, 4]:[[1, 2, 4]]
5:3:[1, 2, 3, 4, 5]:[[1, 2, 4, 5], [1, 2, 3, 5]]
6:3:[1, 2, 3, 4, 6]:[[1, 2, 4, 6], [1, 2, 3, 6]]
7:4:[1, 2, 3, 4, 5, 6, 7]:[[1, 2, 4, 6, 7], [1, 2, 3, 6, 7], [1, 2, 4, 5, 7], [1, 2, 3, 5, 7], [1, 2, 3, 4, 7], [1, 2, 3, 4, 7], [1, 2, 3, 4, 7]]
0:0:[]:[]
1:0:[1]:[[1]]
2:1:[1, 2]:[[1, 2]]
3:2:[1, 2, 3]:[[1, 2, 3]]
4:2:[1, 2, 4]:[[1, 2, 4]]
5:3:[1, 2, 3, 4, 5]:[[1, 2, 4, 5], [1, 2, 3, 5]]
6:3:[1, 2, 3, 4, 6]:[[1, 2, 4, 6], [1, 2, 3, 6]]
7:4:[1, 2, 3, 4, 5, 6, 7]:[[1, 2, 4, 6, 7], [1, 2, 3, 6, 7], [1, 2, 4, 5, 7], [1, 2, 3, 5, 7], [1, 2, 3, 4, 7], [1, 2, 3, 4, 7], [1, 2, 3, 4, 7]]
