======================
64 12 18446744073709551616 4095 18446744073709551557 746 5659
----------------------
64 12 746 5659
1.010720863771376 1.0107109170592976 1.0107230794452655
64 12 746 5659 False False
64 12 745 5657
1.010720863771376 1.0107248913939004 1.0107199680783991
64 12 745 5657 True True
1.0107230794452655
~~~~~~~~~~~~~~~~~~~~~~
0 2
1 3
2 5
3 7
4 11
5 13
6 17
7 19
8 23
9 29
10 31
11 37
12 41
13 43
14 47
15 53
16 59
17 61
18 67
19 71
20 73
21 79
22 83
23 89
24 97
25 101
26 103
27 107
28 109
29 113
30 127
31 131
32 137
33 139
34 149
35 151
36 157
37 163
38 167
39 173
40 179
41 181
42 191
43 193
44 197
45 199
46 211
47 223
48 227
49 229
50 233
51 239
52 241
53 251
54 257
55 263
56 269
57 271
58 277
59 281
60 283
61 293
62 307
63 311
64 313
65 317
66 331
67 337
68 347
69 349
70 353
71 359
72 367
73 373
74 379
75 383
76 389
77 397
78 401
79 409
80 419
81 421
82 431
83 433
84 439
85 443
86 449
87 457
88 461
89 463
90 467
91 479
92 487
93 491
94 499
95 503
96 509
97 521
98 523
99 541
100 547
101 557
102 563
103 569
104 571
105 577
106 587
107 593
108 599
109 601
110 607
111 613
112 617
113 619
114 631
115 641
116 643
117 647
118 653
119 659
120 661
121 673
122 677
123 683
124 691
125 701
126 709
127 719
128 727
129 733
130 739
131 743
132 751
133 757
134 761
135 769
136 773
137 787
138 797
139 809
140 811
141 821
142 823
143 827
144 829
145 839
146 853
147 857
148 859
149 863
150 877
151 881
152 883
153 887
154 907
155 911
156 919
157 929
158 937
159 941
160 947
161 953
162 967
163 971
164 977
165 983
166 991
167 997
168 1009
169 1013
170 1019
171 1021
172 1031
173 1033
174 1039
175 1049
176 1051
177 1061
178 1063
179 1069
180 1087
181 1091
182 1093
183 1097
184 1103
185 1109
186 1117
187 1123
188 1129
189 1151
190 1153
191 1163
192 1171
193 1181
194 1187
195 1193
196 1201
197 1213
198 1217
199 1223
200 1229
201 1231
202 1237
203 1249
204 1259
205 1277
206 1279
207 1283
208 1289
209 1291
210 1297
211 1301
212 1303
213 1307
214 1319
215 1321
216 1327
217 1361
218 1367
219 1373
220 1381
221 1399
222 1409
223 1423
224 1427
225 1429
226 1433
227 1439
228 1447
229 1451
230 1453
231 1459
232 1471
233 1481
234 1483
235 1487
236 1489
237 1493
238 1499
239 1511
240 1523
241 1531
242 1543
243 1549
244 1553
245 1559
246 1567
247 1571
248 1579
249 1583
250 1597
251 1601
252 1607
253 1609
254 1613
255 1619
256 1621
257 1627
258 1637
259 1657
260 1663
261 1667
262 1669
263 1693
264 1697
265 1699
266 1709
267 1721
268 1723
269 1733
270 1741
271 1747
272 1753
273 1759
274 1777
275 1783
276 1787
277 1789
278 1801
279 1811
280 1823
281 1831
282 1847
283 1861
284 1867
285 1871
286 1873
287 1877
288 1879
289 1889
290 1901
291 1907
292 1913
293 1931
294 1933
295 1949
296 1951
297 1973
298 1979
299 1987
300 1993
301 1997
302 1999
303 2003
304 2011
305 2017
306 2027
307 2029
308 2039
309 2053
310 2063
311 2069
312 2081
313 2083
314 2087
315 2089
316 2099
317 2111
318 2113
319 2129
320 2131
321 2137
322 2141
323 2143
324 2153
325 2161
326 2179
327 2203
328 2207
329 2213
330 2221
331 2237
332 2239
333 2243
334 2251
335 2267
336 2269
337 2273
338 2281
339 2287
340 2293
341 2297
342 2309
343 2311
344 2333
345 2339
346 2341
347 2347
348 2351
349 2357
350 2371
351 2377
352 2381
353 2383
354 2389
355 2393
356 2399
357 2411
358 2417
359 2423
360 2437
361 2441
362 2447
363 2459
364 2467
365 2473
366 2477
367 2503
368 2521
369 2531
370 2539
371 2543
372 2549
373 2551
374 2557
375 2579
376 2591
377 2593
378 2609
379 2617
380 2621
381 2633
382 2647
383 2657
384 2659
385 2663
386 2671
387 2677
388 2683
389 2687
390 2689
391 2693
392 2699
393 2707
394 2711
395 2713
396 2719
397 2729
398 2731
399 2741
400 2749
401 2753
402 2767
403 2777
404 2789
405 2791
406 2797
407 2801
408 2803
409 2819
410 2833
411 2837
412 2843
413 2851
414 2857
415 2861
416 2879
417 2887
418 2897
419 2903
420 2909
421 2917
422 2927
423 2939
424 2953
425 2957
426 2963
427 2969
428 2971
429 2999
430 3001
431 3011
432 3019
433 3023
434 3037
435 3041
436 3049
437 3061
438 3067
439 3079
440 3083
441 3089
442 3109
443 3119
444 3121
445 3137
446 3163
447 3167
448 3169
449 3181
450 3187
451 3191
452 3203
453 3209
454 3217
455 3221
456 3229
457 3251
458 3253
459 3257
460 3259
461 3271
462 3299
463 3301
464 3307
465 3313
466 3319
467 3323
468 3329
469 3331
470 3343
471 3347
472 3359
473 3361
474 3371
475 3373
476 3389
477 3391
478 3407
479 3413
480 3433
481 3449
482 3457
483 3461
484 3463
485 3467
486 3469
487 3491
488 3499
489 3511
490 3517
491 3527
492 3529
493 3533
494 3539
495 3541
496 3547
497 3557
498 3559
499 3571
500 3581
501 3583
502 3593
503 3607
504 3613
505 3617
506 3623
507 3631
508 3637
509 3643
510 3659
511 3671
512 3673
513 3677
514 3691
515 3697
516 3701
517 3709
518 3719
519 3727
520 3733
521 3739
522 3761
523 3767
524 3769
525 3779
526 3793
527 3797
528 3803
529 3821
530 3823
531 3833
532 3847
533 3851
534 3853
535 3863
536 3877
537 3881
538 3889
539 3907
540 3911
541 3917
542 3919
543 3923
544 3929
545 3931
546 3943
547 3947
548 3967
549 3989
550 4001
551 4003
552 4007
553 4013
554 4019
555 4021
556 4027
557 4049
558 4051
559 4057
560 4073
561 4079
562 4091
563 4093
564 4099
565 4111
566 4127
567 4129
568 4133
569 4139
570 4153
571 4157
572 4159
573 4177
574 4201
575 4211
576 4217
577 4219
578 4229
579 4231
580 4241
581 4243
582 4253
583 4259
584 4261
585 4271
586 4273
587 4283
588 4289
589 4297
590 4327
591 4337
592 4339
593 4349
594 4357
595 4363
596 4373
597 4391
598 4397
599 4409
600 4421
601 4423
602 4441
603 4447
604 4451
605 4457
606 4463
607 4481
608 4483
609 4493
610 4507
611 4513
612 4517
613 4519
614 4523
615 4547
616 4549
617 4561
618 4567
619 4583
620 4591
621 4597
622 4603
623 4621
624 4637
625 4639
626 4643
627 4649
628 4651
629 4657
630 4663
631 4673
632 4679
633 4691
634 4703
635 4721
636 4723
637 4729
638 4733
639 4751
640 4759
641 4783
642 4787
643 4789
644 4793
645 4799
646 4801
647 4813
648 4817
649 4831
650 4861
651 4871
652 4877
653 4889
654 4903
655 4909
656 4919
657 4931
658 4933
659 4937
660 4943
661 4951
662 4957
663 4967
664 4969
665 4973
666 4987
667 4993
668 4999
669 5003
670 5009
671 5011
672 5021
673 5023
674 5039
675 5051
676 5059
677 5077
678 5081
679 5087
680 5099
681 5101
682 5107
683 5113
684 5119
685 5147
686 5153
687 5167
688 5171
689 5179
690 5189
691 5197
692 5209
693 5227
694 5231
695 5233
696 5237
697 5261
698 5273
699 5279
700 5281
701 5297
702 5303
703 5309
704 5323
705 5333
706 5347
707 5351
708 5381
709 5387
710 5393
711 5399
712 5407
713 5413
714 5417
715 5419
716 5431
717 5437
718 5441
719 5443
720 5449
721 5471
722 5477
723 5479
724 5483
725 5501
726 5503
727 5507
728 5519
729 5521
730 5527
731 5531
732 5557
733 5563
734 5569
735 5573
736 5581
737 5591
738 5623
739 5639
740 5641
741 5647
742 5651
743 5653
744 5657
745 5659
746 5717
747 5779
748 5843
749 5903
750 5981
751 6029
752 6101
753 6163
754 6229
755 6299
756 6361
757 6427
758 6491
759 6569
760 6637
761 6709
762 6781
763 6857
764 6917
765 7001
766 7079
767 7159
768 7229
769 7309
770 7393
771 7459
772 7547
773 7621
774 7703
775 7793
776 7877
777 7963
778 8039
779 8123
780 8219
781 8311
782 8389
783 8501
784 8581
785 8669
786 8761
787 8861
788 8951
789 9049
790 9151
791 9241
792 9341
793 9439
794 9547
795 9643
796 9749
797 9851
798 9967
799 10067
800 10177
801 10289
802 10391
803 10501
804 10613
805 10733
806 10847
807 10957
808 11083
809 11197
810 11321
811 11443
812 11551
813 11689
814 11813
815 11939
816 12071
817 12197
818 12329
819 12457
820 12589
821 12721
822 12853
823 13003
824 13147
825 13291
826 13421
827 13567
828 13711
829 13859
830 14011
831 14159
832 14321
833 14461
834 14621
835 14779
836 14939
837 15101
838 15259
839 15427
840 15583
841 15749
842 15923
843 16097
844 16267
845 16447
846 16619
847 16787
848 16979
849 17159
850 17341
851 17519
852 17713
853 17909
854 18097
855 18289
856 18493
857 18691
858 18899
859 19087
860 19289
861 19501
862 19709
863 19919
864 20129
865 20353
866 20563
867 20789
868 21013
869 21247
870 21467
871 21701
872 21929
873 22159
874 22397
875 22643
876 22877
877 23131
878 23371
879 23629
880 23879
881 24137
882 24391
883 24659
884 24923
885 25189
886 25463
887 25733
888 26003
889 26293
890 26573
891 26861
892 27143
893 27437
894 27733
895 28027
896 28319
897 28631
898 28933
899 29251
900 29567
901 29879
902 30197
903 30517
904 30851
905 31181
906 31513
907 31849
908 32191
909 32537
910 32887
911 33247
912 33599
913 33961
914 34319
915 34693
916 35059
917 35437
918 35809
919 36209
920 36587
921 36979
922 37379
923 37781
924 38183
925 38593
926 39019
927 39419
928 39847
929 40277
930 40709
931 41143
932 41593
933 42023
934 42487
935 42937
936 43399
937 43867
938 44351
939 44809
940 45289
941 45779
942 46271
943 46769
944 47269
945 47777
946 48281
947 48799
948 49331
949 49853
950 50387
951 50929
952 51473
953 52027
954 52583
955 53149
956 53719
957 54293
958 54877
959 55469
960 56053
961 56663
962 57269
963 57881
964 58511
965 59123
966 59771
967 60413
968 61051
969 61703
970 62383
971 63031
972 63719
973 64399
974 65089
975 65789
976 66491
977 67211
978 67927
979 68659
980 69389
981 70139
982 70891
983 71647
984 72421
985 73189
986 73973
987 74771
988 75571
989 76379
990 77201
991 78031
992 78857
993 79699
994 80567
995 81421
996 82301
997 83177
998 84067
999 84979
1000 85889
1001 86813
1002 87743
1003 88681
1004 89633
1005 90599
1006 91571
1007 92551
1008 93529
1009 94543
1010 95561
1011 96581
1012 97613
1013 98663
1014 99721
1015 100787
1016 101873
1017 102967
1018 104059
1019 105173
1020 106319
1021 107453
1022 108587
1023 109789
1024 110947
1025 112139
1026 113341
1027 114553
1028 115783
1029 117023
1030 118277
1031 119549
1032 120829
1033 122131
1034 123433
1035 124759
1036 126097
1037 127447
1038 128813
1039 130199
1040 131591
1041 133013
1042 134437
1043 135859
1044 137321
1045 138799
1046 140297
1047 141793
1048 143329
1049 144847
1050 146407
1051 147977
1052 149561
1053 151163
1054 152783
1055 154423
1056 156071
1057 157747
1058 159437
1059 161159
1060 162881
1061 164627
1062 166393
1063 168193
1064 169987
1065 171803
1066 173647
1067 175519
1068 177383
1069 179287
1070 181219
1071 183167
1072 185123
1073 187111
1074 189127
1075 191143
1076 193189
1077 195259
1078 197359
1079 199483
1080 201611
1081 203773
1082 205963
1083 208189
1084 210401
1085 212651
1086 214939
1087 217241
1088 219577
1089 221941
1090 224309
1091 226697
1092 229139
1093 231599
1094 234083
1095 236609
1096 239137
1097 241691
1098 244291
1099 246907
1100 249563
1101 252233
1102 254929
1103 257671
1104 260441
1105 263227
1106 266047
1107 268897
1108 271787
1109 274697
1110 277643
1111 280613
1112 283631
1113 286673
1114 289741
1115 292849
1116 295993
1117 299171
1118 302399
1119 305611
1120 308887
1121 312203
1122 315551
1123 318949
1124 322351
1125 325813
1126 329309
1127 332837
1128 336403
1129 340007
1130 343661
1131 347341
1132 351077
1133 354833
1134 358637
1135 362473
1136 366383
1137 370261
1138 374287
1139 378283
1140 382351
1141 386437
1142 390581
1143 394787
1144 399023
1145 403289
1146 407599
1147 411991
1148 416399
1149 420859
1150 425377
1151 429937
1152 434561
1153 439199
1154 443917
1155 448687
1156 453461
1157 458357
1158 463261
1159 468239
1160 473257
1161 478321
1162 483467
1163 488641
1164 493877
1165 499181
1166 504527
1167 509939
1168 515401
1169 520943
1170 526531
1171 532163
1172 537877
1173 543637
1174 549481
1175 555361
1176 561313
1177 567323
1178 573409
1179 579571
1180 585791
1181 592073
1182 598421
1183 604829
1184 611323
1185 617873
1186 624497
1187 631187
1188 637939
1189 644801
1190 651727
1191 658703
1192 665773
1193 672913
1194 680129
1195 687413
1196 694789
1197 702239
1198 709769
1199 717397
1200 725077
1201 732841
1202 740711
1203 748639
1204 756683
1205 764789
1206 772991
1207 781283
1208 789653
1209 798131
1210 806671
1211 815333
1212 824077
1213 832913
1214 841849
1215 850879
1216 860009
1217 869233
1218 878539
1219 887947
1220 897473
1221 907111
1222 916831
1223 926669
1224 936599
1225 946661
1226 956801
1227 967061
1228 977437
1229 987911
1230 998497
1231 1009207
1232 1020023
1233 1030957
1234 1042021
1235 1053197
1236 1064477
1237 1075909
1238 1087433
1239 1099103
1240 1110887
1241 1122811
1242 1134841
1243 1147009
1244 1159303
1245 1171747
1246 1184303
1247 1196999
1248 1209841
1249 1222811
1250 1235929
1251 1249187
1252 1262581
1253 1276117
1254 1289789
1255 1303633
1256 1317599
1257 1331719
1258 1346021
1259 1360451
1260 1375037
1261 1389769
1262 1404671
1263 1419749
1264 1434991
1265 1450367
1266 1465901
1267 1481611
1268 1497511
1269 1513573
1270 1529807
1271 1546211
1272 1562753
1273 1579541
1274 1596493
1275 1613597
1276 1630897
1277 1648391
1278 1666061
1279 1683949
1280 1701991
1281 1720231
1282 1738691
1283 1757339
1284 1776169
1285 1795223
1286 1814473
1287 1833919
1288 1853591
1289 1873471
1290 1893581
1291 1913867
1292 1934389
1293 1955131
1294 1976099
1295 1997293
1296 2018713
1297 2040361
1298 2062231
1299 2084333
1300 2106679
1301 2129279
1302 2152123
1303 2175191
1304 2198513
1305 2222093
1306 2245931
1307 2270003
1308 2294359
1309 2318951
1310 2343799
1311 2368937
1312 2394341
1313 2420017
1314 2445973
1315 2472203
1316 2498707
1317 2525507
1318 2552587
1319 2579963
1320 2607637
1321 2635583
1322 2663831
1323 2692411
1324 2721259
1325 2750453
1326 2779961
1327 2809769
1328 2839913
1329 2870353
1330 2901127
1331 2932231
1332 2963683
1333 2995459
1334 3027539
1335 3060047
1336 3092857
1337 3126023
1338 3159553
1339 3193423
1340 3227669
1341 3262277
1342 3297251
1343 3332611
1344 3368353
1345 3404473
1346 3440971
1347 3477869
1348 3515167
1349 3552859
1350 3590957
1351 3629459
1352 3668383
1353 3707719
1354 3747479
1355 3787657
1356 3828269
1357 3869329
1358 3910843
1359 3952759
1360 3995129
1361 4037981
1362 4081283
1363 4125053
1364 4169281
1365 4213999
1366 4259159
1367 4304851
1368 4351001
1369 4397663
1370 4444823
1371 4492487
1372 4540651
1373 4589329
1374 4638553
1375 4688287
1376 4738561
1377 4789381
1378 4840729
1379 4892639
1380 4945103
1381 4998131
1382 5051723
1383 5105897
1384 5160643
1385 5215997
1386 5271919
1387 5328451
1388 5385593
1389 5443363
1390 5501707
1391 5560703
1392 5620327
1393 5680613
1394 5741509
1395 5803079
1396 5865283
1397 5928199
1398 5991779
1399 6056023
1400 6120949
1401 6186581
1402 6252937
1403 6319981
1404 6387757
1405 6456253
1406 6525499
1407 6595453
1408 6666173
1409 6737659
1410 6809903
1411 6882937
1412 6956737
1413 7031333
1414 7106753
1415 7182943
1416 7259971
1417 7337809
1418 7416499
1419 7496029
1420 7576399
1421 7657613
1422 7739759
1423 7822741
1424 7906627
1425 7991407
1426 8077129
1427 8163713
1428 8251267
1429 8339743
1430 8429171
1431 8519551
1432 8610913
1433 8703241
1434 8796581
1435 8890919
1436 8986247
1437 9082613
1438 9180001
1439 9278429
1440 9377939
1441 9478487
1442 9580127
1443 9682853
1444 9786697
1445 9891613
1446 9997697
1447 10104893
1448 10213253
1449 10322773
1450 10433459
1451 10545341
1452 10658423
1453 10772701
1454 10888231
1455 11004979
1456 11122987
1457 11242261
1458 11362823
1459 11484661
1460 11607809
1461 11732257
1462 11858101
1463 11985247
1464 12113753
1465 12243661
1466 12374951
1467 12507667
1468 12641771
1469 12777341
1470 12914347
1471 13052833
1472 13192789
1473 13334249
1474 13477237
1475 13621757
1476 13767821
1477 13915453
1478 14064683
1479 14215471
1480 14367923
1481 14521979
1482 14677711
1483 14835103
1484 14994181
1485 15154961
1486 15317483
1487 15481727
1488 15647747
1489 15815533
1490 15985127
1491 16156523
1492 16329779
1493 16504867
1494 16681849
1495 16860743
1496 17041547
1497 17224267
1498 17408971
1499 17595659
1500 17784341
1501 17975039
1502 18167789
1503 18362587
1504 18559517
1505 18758527
1506 18959669
1507 19162973
1508 19368469
1509 19576153
1510 19786069
1511 19998229
1512 20212667
1513 20429417
1514 20648477
1515 20869907
1516 21093689
1517 21319889
1518 21548491
1519 21779561
1520 22013081
1521 22249153
1522 22487737
1523 22728869
1524 22972601
1525 23218939
1526 23467901
1527 23719583
1528 23973913
1529 24230977
1530 24490813
1531 24753427
1532 25018859
1533 25287137
1534 25558303
1535 25832357
1536 26109361
1537 26389361
1538 26672309
1539 26958319
1540 27247393
1541 27539573
1542 27834881
1543 28133353
1544 28435027
1545 28739941
1546 29048113
1547 29359609
1548 29674433
1549 29992637
1550 30314243
1551 30639313
1552 30967873
1553 31299923
1554 31635563
1555 31974799
1556 32317667
1557 32664217
1558 33014467
1559 33368483
1560 33726289
1561 34087951
1562 34453481
1563 34822927
1564 35196323
1565 35573743
1566 35955197
1567 36340751
1568 36730433
1569 37124299
1570 37522379
1571 37924729
1572 38331421
1573 38742443
1574 39157883
1575 39577781
1576 40002191
1577 40431119
1578 40864661
1579 41302837
1580 41745751
1581 42193399
1582 42645839
1583 43103129
1584 43565341
1585 44032487
1586 44504671
1587 44981869
1588 45464219
1589 45951739
1590 46444481
1591 46942513
1592 47445883
1593 47954653
1594 48468857
1595 48988603
1596 49513907
1597 50044853
1598 50581483
1599 51123869
1600 51672073
1601 52226177
1602 52786189
1603 53352217
1604 53924317
1605 54502577
1606 55086989
1607 55677697
1608 56274727
1609 56878163
1610 57488071
1611 58104517
1612 58727611
1613 59357317
1614 59993831
1615 60637133
1616 61287367
1617 61944557
1618 62608787
1619 63280159
1620 63958711
1621 64644529
1622 65337719
1623 66038341
1624 66746473
1625 67462201
1626 68185603
1627 68916761
1628 69655777
1629 70402687
1630 71157613
1631 71920627
1632 72691873
1633 73471337
1634 74259217
1635 75055457
1636 75860297
1637 76673749
1638 77495923
1639 78326881
1640 79166819
1641 80015737
1642 80873729
1643 81740977
1644 82617487
1645 83503393
1646 84398819
1647 85303811
1648 86218579
1649 87143087
1650 88077523
1651 89021971
1652 89976587
1653 90941399
1654 91916567
1655 92902213
1656 93898381
1657 94905269
1658 95922947
1659 96951529
1660 97991171
1661 99041909
1662 100103953
1663 101177383
1664 102262309
1665 103358887
1666 104467211
1667 105587429
1668 106719653
1669 107863999
1670 109020647
1671 110189671
1672 111371257
1673 112565491
1674 113772541
1675 114992551
1676 116225609
1677 117471911
1678 118731577
1679 120004747
1680 121291553
1681 122592179
1682 123906767
1683 125235421
1684 126578299
1685 127935601
1686 129307471
1687 130694051
1688 132095479
1689 133511971
1690 134943631
1691 136390637
1692 137853181
1693 139331383
1694 140825437
1695 142335521
1696 143861801
1697 145404439
1698 146963569
1699 148539529
1700 150132329
1701 151742209
1702 153369353
1703 155013941
1704 156676171
1705 158356249
1706 160054291
1707 161770561
1708 163505239
1709 165258521
1710 167030603
1711 168821683
1712 170631977
1713 172461673
1714 174310999
1715 176180131
1716 178069343
1717 179978789
1718 181908719
1719 183859349
1720 185830867
1721 187823557
1722 189837601
1723 191873249
1724 193930721
1725 196010239
1726 198112091
1727 200236457
1728 202383619
1729 204553771
1730 206747221
1731 208964201
1732 211204933
1733 213469691
1734 215758771
1735 218072357
1736 220410779
1737 222774281
1738 225163069
1739 227577509
1740 230017811
1741 232484339
1742 234977279
1743 237496967
1744 240043681
1745 242617681
1746 245219279
1747 247848791
1748 250506497
1749 253192697
1750 255907699
1751 258651829
1752 261425369
1753 264228647
1754 267061997
1755 269925727
1756 272820161
1757 275745647
1758 278702467
1759 281691019
1760 284711621
1761 287764619
1762 290850319
1763 293969131
1764 297121381
1765 300307433
1766 303527663
1767 306782423
1768 310072069
1769 313396999
1770 316757579
1771 320154203
1772 323587223
1773 327057103
1774 330564121
1775 334108823
1776 337691509
1777 341312579
1778 344972519
1779 348671689
1780 352410491
1781 356189429
1782 360008879
1783 363869273
1784 367771093
1785 371714713
1786 375700649
1787 379729313
1788 383801177
1789 387916723
1790 392076361
1791 396280637
1792 400529999
1793 404824897
1794 409165871
1795 413553379
1796 417987949
1797 422470091
1798 427000247
1799 431579009
1800 436206863
1801 440884343
1802 445611983
1803 450390319
1804 455219893
1805 460101233
1806 465034943
1807 470021557
1808 475061627
1809 480155761
1810 485304503
1811 490508471
1812 495768223
1813 501084383
1814 506457541
1815 511888331
1816 517377359
1817 522925237
1818 528532603
1819 534200089
1820 539928391
1821 545718059
1822 551569849
1823 557484359
1824 563462327
1825 569504359
1826 575611207
1827 581783539
1828 588022079
1829 594327457
1830 600700481
1831 607141837
1832 613652251
1833 620232497
1834 626883329
1835 633605437
1836 640399631
1837 647266693
1838 654207403
1839 661222501
1840 668312861
1841 675479183
1842 682722427
1843 690043279
1844 697442699
1845 704921423
1846 712480367
1847 720120343
1848 727842263
1849 735646963
1850 743535349
1851 751508357
1852 759566837
1853 767711729
1854 775943969
1855 784264471
1856 792674221
1857 801174109
1858 809765183
1859 818448347
1860 827224637
1861 836095021
1862 845060533
1863 854122153
1864 863281009
1865 872538049
1866 881894333
1867 891350963
1868 900908993
1869 910569497
1870 920333633
1871 930202439
1872 940177081
1873 950258663
1874 960448367
1875 970747319
1876 981156707
1877 991677751
1878 1002311581
1879 1013059451
1880 1023922567
1881 1034902153
1882 1045999501
1883 1057215853
1884 1068552449
1885 1080010621
1886 1091591647
1887 1103296891
1888 1115127623
1889 1127085241
1890 1139171057
1891 1151386487
1892 1163732893
1893 1176211661
1894 1188824309
1895 1201572161
1896 1214456707
1897 1227479413
1898 1240641769
1899 1253945269
1900 1267391443
1901 1280981771
1902 1294717843
1903 1308601207
1904 1322633447
1905 1336816157
1906 1351150961
1907 1365639433
1908 1380283301
1909 1395084181
1910 1410043721
1911 1425163777
1912 1440445939
1913 1455891953
1914 1471503599
1915 1487282651
1916 1503230879
1917 1519350167
1918 1535642267
1919 1552109089
1920 1568752481
1921 1585574321
1922 1602576583
1923 1619761133
1924 1637129957
1925 1654685027
1926 1672428349
1927 1690361927
1928 1708487813
1929 1726808063
1930 1745324767
1931 1764040021
1932 1782955969
1933 1802074727
1934 1821398533
1935 1840929539
1936 1860669953
1937 1880622083
1938 1900788143
1939 1921170451
1940 1941771313
1941 1962593081
1942 1983638119
1943 2004908833
1944 2026407619
1945 2048136953
1946 2070099287
1947 2092297099
1948 2114732957
1949 2137409447
1950 2160329057
1951 2183494487
1952 2206908211
1953 2230573073
1954 2254491667
1955 2278666801
1956 2303101103
1957 2327797429
1958 2352758599
1959 2377987399
1960 2403486773
1961 2429259551
1962 2455308679
1963 2481637157
1964 2508247933
1965 2535144097
1966 2562328651
1967 2589804689
1968 2617575403
1969 2645643857
1970 2674013291
1971 2702686969
1972 2731668077
1973 2760959959
1974 2790565957
1975 2820489421
1976 2850733759
1977 2881302401
1978 2912198831
1979 2943426581
1980 2974989179
1981 3006890213
1982 3039133337
1983 3071722207
1984 3104660527
1985 3137952053
1986 3171600557
1987 3205609903
1988 3239983883
1989 3274726517
1990 3309841643
1991 3345333353
1992 3381205631
1993 3417462571
1994 3454108279
1995 3491146961
1996 3528582809
1997 3566420063
1998 3604663093
1999 3643316207
2000 3682383751
2001 3721870241
2002 3761780173
2003 3802118011
2004 3842888429
2005 3884095987
2006 3925745497
2007 3967841587
2008 4010389073
2009 4053392767
2010 4096857641
2011 4140788557
2012 4185190573
2013 4230068683
2014 4275428063
2015 4321273819
2016 4367611181
2017 4414445417
2018 4461781861
2019 4509625907
2020 4557982993
2021 4606858637
2022 4656258323
2023 4706187737
2024 4756652543
2025 4807658519
2026 4859211433
2027 4911317179
2028 4963981577
2029 5017210753
2030 5071010701
2031 5125387571
2032 5180347507
2033 5235896717
2034 5292041723
2035 5348788729
2036 5406144167
2037 5464114703
2038 5522706857
2039 5581927243
2040 5641782697
2041 5702279987
2042 5763425981
2043 5825227657
2044 5887692029
2045 5950826213
2046 6014637407
2047 6079132847
2048 6144319861
2049 6210205951
2050 6276798433
2051 6344105003
2052 6412133381
2053 6480891199
2054 6550386307
2055 6620626637
2056 6691620149
2057 6763374889
2058 6835899107
2059 6909201023
2060 6983288903
2061 7058171269
2062 7133856547
2063 7210353509
2064 7287670699
2065 7365816979
2066 7444801183
2067 7524632389
2068 7605319661
2069 7686872093
2070 7769299033
2071 7852609841
2072 7936813999
2073 8021921081
2074 8107940783
2075 8194882879
2076 8282757269
2077 8371573921
2078 8461342961
2079 8552074627
2080 8643779191
2081 8736467147
2082 8830148941
2083 8924835341
2084 9020537041
2085 9117265009
2086 9215030177
2087 9313843661
2088 9413716733
2089 9514660781
2090 9616687243
2091 9719807743
2092 9824034029
2093 9929377933
2094 10035851429
2095 10143466657
2096 10252235843
2097 10362171377
2098 10473285763
2099 10585591661
2100 10699101811
2101 10813829113
2102 10929786671
2103 11046987599
2104 11165445373
2105 11285173327
2106 11406185159
2107 11528494547
2108 11652115529
2109 11777062147
2110 11903348459
2111 12030989011
2112 12159998261
2113 12290390897
2114 12422181719
2115 12555385771
2116 12690018179
2117 12826094243
2118 12963629461
2119 13102639507
2120 13243140151
2121 13385147383
2122 13528677361
2123 13673746447
2124 13820371111
2125 13968568063
2126 14118354121
2127 14269746349
2128 14422761973
2129 14577418411
2130 14733733207
2131 14891724203
2132 15051409363
2133 15212806811
2134 15375934961
2135 15540812333
2136 15707457691
2137 15875890039
2138 16046128433
2139 16218192359
2140 16392101329
2141 16567875127
2142 16745533747
2143 16925097451
2144 17106586621
2145 17290021897
2146 17475424171
2147 17662814539
2148 17852214293
2149 18043645031
2150 18237128447
2151 18432686627
2152 18630341789
2153 18830116433
2154 19032033263
2155 19236115267
2156 19442385653
2157 19650867917
2158 19861585721
2159 20074563079
2160 20289824221
2161 20507393639
2162 20727296027
2163 20949556477
2164 21174200209
2165 21401252867
2166 21630740227
2167 21862688329
2168 22097123689
2169 22334072909
2170 22573562933
2171 22815621053
2172 23060274763
2173 23307551933
2174 23557480649
2175 23810089379
2176 24065406889
2177 24323462143
2178 24584284537
2179 24847903793
2180 25114349839
2181 25383653011
2182 25655843933
2183 25930953583
2184 26209013273
2185 26490054587
2186 26774109589
2187 27061210459
2188 27351389959
2189 27644681107
2190 27941117213
2191 28240732031
2192 28543559677
2193 28849634503
2194 29158991417
2195 29471665607
2196 29787692573
2197 30107108441
2198 30429949337
2199 30756252097
2200 31086053821
2201 31419392051
2202 31756304693
2203 32096830081
2204 32441006929
2205 32788874431
2206 33140472109
2207 33495839983
2208 33855018583
2209 34218048653
2210 34584971503
2211 34955828917
2212 35330663033
2213 35709516569
2214 36092432521
2215 36479454533
2216 36870626623
2217 37265993291
2218 37665599507
2219 38069490703
2220 38477712929
2221 38890312459
2222 39307336357
2223 39728832049
2224 40154847451
2225 40585431109
2226 41020631893
2227 41460499391
2228 41905083629
2229 42354435161
2230 42808605149
2231 43267645181
2232 43731607613
2233 44200545121
2234 44674511087
2235 45153559391
2236 45637744601
2237 46127121811
2238 46621746569
2239 47121675253
2240 47626964701
2241 48137672491
2242 48653856499
2243 49175575711
2244 49702889329
2245 50235857341
2246 50774540423
2247 51318999869
2248 51869297569
2249 52425496159
2250 52987658923
2251 53555849801
2252 54130133441
2253 54710575181
2254 55297240997
2255 55890197729
2256 56489512747
2257 57095254261
2258 57707491243
2259 58326293227
2260 58951730707
2261 59583874789
2262 60222797413
2263 60868571261
2264 61521269801
2265 62180967263
2266 62847738703
2267 63521660003
2268 64202807803
2269 64891259627
2270 65587093739
2271 66290389391
2272 67001226463
2273 67719685939
2274 68445849529
2275 69179799797
2276 69921620297
2277 70671395387
2278 71429210399
2279 72195151471
2280 72969305789
2281 73751761441
2282 74542607467
2283 75341933767
2284 76149831323
2285 76966392029
2286 77791708723
2287 78625875413
2288 79468986931
2289 80321139187
2290 81182429177
2291 82052954777
2292 82932815089
2293 83822110289
2294 84720941477
2295 85629410869
2296 86547621851
2297 87475678819
2298 88413687457
2299 89361754477
2300 90319987663
2301 91288496063
2302 92267389861
2303 93256780417
2304 94256780281
2305 95267503229
2306 96289064233
2307 97321579519
2308 98365166561
2309 99419944061
2310 100486031963
2311 101563551721
2312 102652625741
2313 103753377997
2314 104865933721
2315 105990419467
2316 107126963171
2317 108275694083
2318 109436742937
2319 110610241831
2320 111796324229
2321 112995125119
2322 114206780837
2323 115431429199
2324 116669209603
2325 117920262793
2326 119184731177
2327 120462758503
2328 121754490181
2329 123060073289
2330 124379656231
2331 125713389157
2332 127061423809
2333 128423913557
2334 129801013399
2335 131192879971
2336 132599671627
2337 134021548457
2338 135458672137
2339 136911206269
2340 138379316003
2341 139863168407
2342 141362932273
2343 142878778219
2344 144410878699
2345 145959408047
2346 147524542379
2347 149106459751
2348 150705340199
2349 152321365517
2350 153954719617
2351 155605588309
2352 157274159381
2353 158960622703
2354 160665170089
2355 162387995461
2356 164129294837
2357 165889266353
2358 167668110089
2359 169466028569
2360 171283226207
2361 173119909877
2362 174976288447
2363 176852573089
2364 178748977213
2365 180665716723
2366 182603009569
2367 184561076123
2368 186540139249
2369 188540423983
2370 190562157937
2371 192605571079
2372 194670895927
2373 196758367391
2374 198868223003
2375 201000702757
2376 203156049269
2377 205334507717
2378 207536325949
2379 209761754467
2380 212011046437
2381 214284457711
2382 216582246997
2383 218904675631
2384 221252007859
2385 223624510721
2386 226022454107
2387 228446110877
2388 230895756629
2389 233371670171
2390 235874133149
2391 238403430211
2392 240959849161
2393 243543680749
2394 246155218961
2395 248794760953
2396 251462606953
2397 254159060437
2398 256884428233
2399 259639020383
2400 262423150267
2401 265237134497
2402 268081293343
2403 270955950371
2404 273861432511
2405 276798070453
2406 279766198177
2407 282766153301
2408 285798277241
2409 288862914829
2410 291960414871
2411 295091129591
2412 298255415203
2413 301453631711
2414 304686142963
2415 307953316691
2416 311255524589
2417 314593142273
2418 317966549521
2419 321376130111
2420 324822271867
2421 328305366929
2422 331825811431
2423 335384005973
2424 338980355297
2425 342615268607
2426 346289159317
2427 350002445503
2428 353755549547
2429 357548898401
2430 361382923639
2431 365258061439
2432 369174752647
2433 373133442859
2434 377134582399
2435 381178626527
2436 385266035197
2437 389397273493
2438 393572811413
2439 397793123927
2440 402058691207
2441 406369998481
2442 410727536243
2443 415131800267
2444 419583291541
2445 424082516503
2446 428629987001
2447 433226220409
2448 437871739603
2449 442567073051
2450 447312754939
2451 452109325183
2452 456957329363
2453 461857319113
2454 466809851843
2455 471815490967
2456 476874805937
2457 481988372377
2458 487156771987
2459 492380592763
2460 497660428997
2461 502996881259
2462 508390556809
2463 513842069119
2464 519352038461
2465 524921091637
2466 530549862211
2467 536238990523
2468 541989123827
2469 547800916259
2470 553675029007
2471 559612130339
2472 565612895671
2473 571678007671
2474 577808156363
2475 584004039121
2476 590266360841
2477 596595833947
2478 602993178449
2479 609459122197
2480 615994400797
2481 622599757687
2482 629275944347
2483 636023720273
2484 642843853189
2485 649737118879
2486 656704301639
2487 663746194021
2488 670863597193
2489 678057320851
2490 685328183377
2491 692677011919
2492 700104642551
2493 707611920289
2494 715199699099
2495 722868842273
2496 730620222307
2497 738454720999
2498 746373229643
2499 754376649077
2500 762465889817
2501 770641872131
2502 778905526127
2503 787257791941
2504 795699619837
2505 804231970049
2506 812855813377
2507 821572130801
2508 830381914079
2509 839286165283
2510 848285897521
2511 857382134593
2512 866575911347
2513 875868273677
2514 885260278757
2515 894752995067
2516 904347502523
2517 914044892623
2518 923846268629
2519 933752745613
2520 943765450417
2521 953885522353
2522 964114112579
2523 974452384811
2524 984901515109
2525 995462692349
2526 1006137117877
2527 1016926006133
2528 1027830584467
2529 1038852093479
2530 1049991786983
2531 1061250932353
2532 1072630810421
2533 1084132715819
2534 1095757957069
2535 1107507856673
2536 1119383751403
2537 1131386992301
2538 1143518944921
2539 1155780989401
2540 1168174520761
2541 1180700948957
2542 1193361699037
2543 1206158211361
2544 1219091941673
2545 1232164361413
2546 1245376957753
2547 1258731233821
2548 1272228708871
2549 1285870918369
2550 1299659414359
2551 1313595765529
2552 1327681557259
2553 1341918392131
2554 1356307889623
2555 1370851686859
2556 1385551438409
2557 1400408816557
2558 1415425511561
2559 1430603231749
2560 1445943703871
2561 1461448673089
2562 1477119903319
2563 1492959177373
2564 1508968297253
2565 1525149084169
2566 1541503378979
2567 1558033042147
2568 1574739954251
2569 1591626015901
2570 1608693148103
2571 1625943292549
2572 1643378411651
2573 1661000488909
2574 1678811529119
2575 1696813558511
2576 1715008625107
2577 1733398798843
2578 1751986171879
2579 1770772858787
2580 1789760996839
2581 1808952746191
2582 1828350290153
2583 1847955835589
2584 1867771612841
2585 1887799876241
2586 1908042904279
2587 1928502999919
2588 1949182490813
2589 1970083729507
2590 1991209093871
2591 2012560987169
2592 2034141838511
2593 2055954103039
2594 2078000262271
2595 2100282824141
2596 2122804323709
2597 2145567323131
2598 2168574411979
2599 2191828207687
2600 2215331355697
2601 2239086529811
2602 2263096432567
2603 2287363795399
2604 2311891379131
2605 2336681974019
2606 2361738400531
2607 2387063508971
2608 2412660180643
2609 2438531327411
2610 2464679892559
2611 2491108850849
2612 2517821209037
2613 2544820005841
2614 2572108312913
2615 2599689234691
2616 2627565908909
2617 2655741506893
2618 2684219234033
2619 2713002330163
2620 2742094069667
2621 2771497762153
2622 2801216752883
2623 2831254422691
2624 2861614188803
2625 2892299505089
2626 2923313862463
2627 2954660789251
2628 2986343851619
2629 3018366654013
2630 3050732839417
2631 3083446090031
2632 3116510127449
2633 3149928713093
2634 3183705648941
2635 3217844777533
2636 3252349982729
2637 3287225189971
2638 3322474366859
2639 3358101523451
2640 3394110712871
2641 3430506031639
2642 3467291620391
2643 3504471663919
2644 3542050391977
2645 3580032079727
2646 3618421048097
2647 3657221664521
2648 3696438342923
2649 3736075544963
2650 3776137779847
2651 3816629605259
2652 3857555627729
2653 3898920503201
2654 3940728937511
2655 3982985686937
2656 4025695558933
2657 4068863412221
2658 4112494157851
2659 4156592759419
2660 4201164233797
2661 4246213651637
2662 4291746137963
2663 4337766872753
2664 4384281091571
2665 4431294085997
2666 4478811204533
2667 4526837852897
2668 4575379494853
2669 4624441652687
2670 4674029907913
2671 4724149901903
2672 4774807336639
2673 4826007975053
2674 4877757641951
2675 4930062224657
2676 4982927673569
2677 5036360002889
2678 5090365291307
2679 5144949682727
2680 5200119386927
2681 5255880680231
2682 5312239906319
2683 5369203476859
2684 5426777872291
2685 5484969642571
2686 5543785407793
2687 5603231859151
2688 5663315759513
2689 5724043944349
2690 5785423322291
2691 5847460876219
2692 5910163663739
2693 5973538818257
2694 6037593549577
2695 6102335144861
2696 6167770969411
2697 6233908467503
2698 6300755163277
2699 6368318661461
2700 6436606648393
2701 6505626892859
2702 6575387246839
2703 6645895646671
2704 6717160113691
2705 6789188755231
2706 6861989765633
2707 6935571427039
2708 7009942110401
2709 7085110276591
2710 7161084476989
2711 7237873354729
2712 7315485645701
2713 7393930179479
2714 7473215880223
2715 7553351767811
2716 7634346958877
2717 7716210667871
2718 7798952207831
2719 7882580991913
2720 7967106534223
2721 8052538450501
2722 8138886460043
2723 8226160386109
2724 8314370157491
2725 8403525809243
2726 8493637484119
2727 8584715433631
2728 8676770019271
2729 8769811713499
2730 8863851101191
2731 8958898880747
2732 9054965865199
2733 9152062983559
2734 9250201282001
2735 9349391925271
2736 9449646197633
2737 9550975504507
2738 9653391373631
2739 9756905456237
2740 9861529528597
2741 9967275493111
2742 10074155380103
2743 10182181348639
2744 10291365688189
2745 10401720820003
2746 10513259298761
2747 10625993813401
2748 10739937189283
2749 10855102389017
2750 10971502514321
2751 11089150807411
2752 11208060652511
2753 11328245577289
2754 11449719254609
2755 11572495503799
2756 11696588292427
2757 11822011737989
2758 11948780109023
2759 12076907827409
2760 12206409469477
2761 12337299767983
2762 12469593613513
2763 12603306056513
2764 12738452308619
2765 12875047744739
2766 13013107904579
2767 13152648494459
2768 13293685389241
2769 13436234633729
2770 13580312445179
2771 13725935214377
2772 13873119508151
2773 14021882070799
2774 14172239826211
2775 14324209879789
2776 14477809520303
2777 14633056222021
2778 14789967646379
2779 14948561644439
2780 15108856258583
2781 15270869724581
2782 15434620473821
2783 15600127135357
2784 15767408537999
2785 15936483712381
2786 16107371893357
2787 16280092521787
2788 16454665247249
2789 16631109929957
2790 16809446642951
2791 16989695674811
2792 17171877531283
2793 17356012938239
2794 17542122843809
2795 17730228420647
2796 17920351068629
2797 18112512416809
2798 18306734326459
2799 18503038893037
2800 18701448449069
2801 18901985566531
2802 19104673059397
2803 19309533986389
2804 19516591653401
2805 19725869616191
2806 19937391683219
2807 20151181918169
2808 20367264642793
2809 20585664439643
2810 20806406154839
2811 21029514901037
2812 21255016060009
2813 21482935285781
2814 21713298507629
2815 21946131932471
2816 22181462048777
2817 22419315628537
2818 22659719731109
2819 22902701706013
2820 23148289195907
2821 23396510139913
2822 23647392776923
2823 23900965648367
2824 24157257601783
2825 24416297794267
2826 24678115695269
2827 24942741090439
2828 25210204084739
2829 25480535105999
2830 25753764908213
2831 26029924575349
2832 26309045524477
2833 26591159509807
2834 26876298625777
2835 27164495311157
2836 27455782352441
2837 27750192887827
2838 28047760410799
2839 28348518773951
2840 28652502192929
2841 28959745250239
2842 29270282899271
2843 29584150468193
2844 29901383664013
2845 30222018576499
2846 30546091682737
2847 30873639850577
2848 31204700343449
2849 31539310824319
2850 31877509359947
2851 32219334425309
2852 32564824908019
2853 32914020112651
2854 33266959765181
2855 33623684017613
2856 33984233452633
2857 34348649087783
2858 34716972380791
2859 35089245233683
2860 35465509998019
2861 35845809479377
2862 36230186942171
2863 36618686115071
2864 37011351195457
2865 37408226854697
2866 37809358243171
2867 38214790995383
2868 38624571235157
2869 39038745581093
2870 39457361151413
2871 39880465569713
2872 40308106970347
2873 40740334003673
2874 41177195841811
2875 41618742184177
2876 42065023263041
2877 42516089849357
2878 42971993258479
2879 43432785356143
2880 43898518564051
2881 44369245866139
2882 44845020814487
2883 45325897535411
2884 45811930735609
2885 46303175708441
2886 46799688340073
2887 47301525116227
2888 47808743127911
2889 48321400078663
2890 48839554290559
2891 49363264711331
2892 49892590920533
2893 50427593136671
2894 50968332224129
2895 51514869699731
2896 52067267740183
2897 52625589188639
2898 53189897562311
2899 53760257059633
2900 54336732567023
2901 54919389667151
2902 55508294645627
2903 56103514498991
2904 56705116942139
2905 57313170416027
2906 57927744095659
2907 58548907897693
2908 59176732488521
2909 59811289292303
2910 60452650499093
2911 61100889073067
2912 61756078760791
2913 62418294099569
2914 63087610426037
2915 63764103884659
2916 64447851436327
2917 65138930867407
2918 65837420798041
2919 66543400691771
2920 67256950863941
2921 67978152491309
2922 68707087621013
2923 69443839180003
2924 70188490984517
2925 70941127749473
2926 71701835098301
2927 72470699572417
2928 73247808641387
2929 74033250712649
2930 74827115141609
2931 75629492241973
2932 76440473295661
2933 77260150563643
2934 78088617296087
2935 78925967743109
2936 79772297165531
2937 80627701845569
2938 81492279097951
2939 82366127280893
2940 83249345807311
2941 84142035156181
2942 85044296883863
2943 85956233635729
2944 86877949157803
2945 87809548308661
2946 88751137071241
2947 89702822564893
2948 90664713057719
2949 91636917978709
2950 92619547930307
2951 93612714700961
2952 94616531277811
2953 95631111859523
2954 96656571869447
2955 97693027968467
2956 98740598068639
2957 99799401346193
2958 100869558255397
2959 101951190542221
2960 103044421257941
2961 104149374773489
2962 105266176793359
2963 106394954369981
2964 107535835918297
2965 108688951230059
2966 109854431488981
2967 111032409285191
2968 112223018630969
2969 113426394975367
2970 114642675219841
2971 115871997734029
2972 117114502371233
2973 118370330484331
2974 119639624942093
2975 120922530145141
2976 122219192042611
2977 123529758148609
2978 124854377559127
2979 126193200968749
2980 127546380688189
2981 128914070661281
2982 130296426482591
2983 131693605415189
2984 133105766408479
2985 134533070116273
2986 135975678915187
2987 137433756922807
2988 138907470016747
2989 140396985853283
2990 141902473886473
2991 143424105387457
2992 144962053463849
2993 146516493079717
2994 148087601075059
2995 149675556186229
2996 151280539066243
2997 152902732305149
2998 154542320451067
2999 156199490030917
3000 157874429571841
3001 159567329622511
3002 161278382774917
3003 163007783686213
3004 164755729100849
3005 166522417873099
3006 168308050989359
3007 170112831591377
3008 171936964999187
3009 173780658734497
3010 175644122544119
3011 177527568424273
3012 179431210644241
3013 181355265770891
3014 183299952693581
3015 185265492648641
3016 187252109244773
3017 189260028488513
3018 191289478809727
3019 193340691088091
3020 195413898678673
3021 197509337438893
3022 199627245755407
3023 201767864571107
3024 203931437412413
3025 206118210417173
3026 208328432362591
3027 210562354693517
3028 212820231551069
3029 215102319801571
3030 217408879065661
3031 219740171747989
3032 222096463066949
3033 224478021084953
3034 226885116738737
3035 229318023870479
3036 231777019258669
3037 234262382649769
3038 236774396789963
3039 239313347457329
3040 241879523494439
3041 244473216841019
3042 247094722567471
3043 249744338908087
3044 252422367295247
3045 255129112393451
3046 257864882134441
3047 260629987751737
3048 263424743816189
3049 266249468272001
3050 269104482472583
3051 271990111217179
3052 274906682788079
3053 277854528987593
3054 280833985176209
3055 283845390310189
3056 286889086980653
3057 289965421452341
3058 293074743702947
3059 296217407463073
3060 299393770256359
3061 302604193440233
3062 305849042246987
3063 309128685825251
3064 312443497282151
3065 315793853725729
3066 319180136307511
3067 322602730266469
3068 326062024972373
3069 329558413970213
3070 333092295025103
3071 336664070167277
3072 340274145738031
3073 343922932435963
3074 347610845363519
3075 351338304074393
3076 355105732621169
3077 358913559603509
3078 362762218217111
3079 366652146302807
3080 370583786396389
3081 374557585779053
3082 378573996528197
3083 382633475568859
3084 386736484725769
3085 390883490775887
3086 395074965501331
3087 399311385743239
3088 403593233455939
3089 407920995761827
3090 412295165006783
3091 416716238816089
3092 421184720151043
3093 425701117366339
3094 430265944267801
3095 434879720170769
3096 439542969959293
3097 444256224145819
3098 449020018931371
3099 453834896266883
3100 458701403914549
3101 463620095510413
3102 468591530627021
3103 473616274837291
3104 478694899778981
3105 483827983219333
3106 489016109121187
3107 494259867709319
3108 499559855537357
3109 504916675555961
3110 510330937181231
3111 515803256363999
3112 521334255660091
3113 526924564301081
3114 532574818265801
3115 538285660352563
3116 544057740252773
3117 549891714624319
3118 555788247166517
3119 561748008695623
3120 567771677221051
3121 573859938022699
3122 580013483728577
3123 586233014393947
3124 592519237580707
3125 598872868438171
3126 605294629783979
3127 611785252186993
3128 618345474049631
3129 624976041692489
3130 631677709438921
3131 638451239701063
3132 645297403066289
3133 652216978385183
3134 659210752859963
3135 666279522134033
3136 673424090382643
3137 680645270404171
3138 687943883712779
3139 695320760631713
3140 702776740387901
3141 710312671207319
3142 717929410411723
3143 725627824515599
3144 733408789325621
3145 741273190039411
3146 749221921346839
3147 757255887531631
3148 765376002573979
3149 773583190255061
3150 781878384261713
3151 790262528292689
3152 798736576166183
3153 807301491928241
3154 815958249962473
3155 824707835100829
3156 833551242735769
3157 842489478933281
3158 851523560547719
3159 860654515336997
3160 869883382079851
3161 879211210694027
3162 888639062355431
3163 898168009619273
3164 907799136541643
3165 917533538803129
3166 927372323833391
3167 937316610937193
3168 947367531421603
3169 957526228724927
3170 967793858546479
3171 978171588978301
3172 988660600638017
3173 999262086803069
3174 1009977253546507
3175 1020807319874213
3176 1031753517863533
3177 1042817092803439
3178 1053999303336523
3179 1065301421601449
3180 1076724733378453
3181 1088270538235117
3182 1099940149674547
3183 1111734895284553
3184 1123656116888749
3185 1135705170699371
3186 1147883427471139
3187 1160192272657819
3188 1172633106569297
3189 1185207344531257
3190 1197916417045717
3191 1210761769954483
3192 1223744864603017
3193 1236867178006879
3194 1250130203019871
3195 1263535448503817
3196 1277084439500011
3197 1290778717403089
3198 1304619840136069
3199 1318609382327693
3200 1332748935491713
3201 1347040108207553
3202 1361484526303793
3203 1376083833042871
3204 1390839689307941
3205 1405753773792023
3206 1420827783188773
3207 1436063432386049
3208 1451462454659947
3209 1467026601873073
3210 1482757644673301
3211 1498657372695169
3212 1514727594763847
3213 1530970139100431
3214 1547386853530351
3215 1563979605693311
3216 1580750283255911
3217 1597700794126399
3218 1614833066671589
3219 1632149049936359
3220 1649650713865309
3221 1667340049527037
3222 1685219069340371
3223 1703289807303619
3224 1721554319225641
3225 1740014682960011
3226 1758672998641373
3227 1777531388924041
3228 1796591999223907
3229 1815856997962303
3230 1835328576812743
3231 1855008950950037
3232 1874900359302713
3233 1895005064807479
3234 1915325354666617
3235 1935863540608241
3236 1956621959149349
3237 1977602971861681
3238 1998808965640129
3239 2020242352974617
3240 2041905572224253
3241 2063801087894983
3242 2085931390919671
3243 2108298998941871
3244 2130906456601913
3245 2153756335826477
3246 2176851236121271
3247 2200193784866723
3248 2223786637616833
3249 2247632478401351
3250 2271734020030957
3251 2296094004406259
3252 2320715202829313
3253 2345600416319113
3254 2370752475930227
3255 2396174243074679
3256 2421868609847837
3257 2447838499357187
3258 2474086866054959
3259 2500616696074163
3260 2527431007568329
3261 2554532851054867
3262 2581925309762269
3263 2609611499980637
3264 2637594571416227
3265 2665877707549891
3266 2694464125999297
3267 2723357078884829
3268 2752559853199511
3269 2782075771183217
3270 2811908190700387
3271 2842060505622059
3272 2872536146212081
3273 2903338579517353
3274 2934471309761977
3275 2965937878746397
3276 2997741866249939
3277 3029886890438173
3278 3062376608274509
3279 3095214715936313
3280 3128404949235481
3281 3161951084043049
3282 3195856936719329
3283 3230126364547387
3284 3264763266172783
3285 3299771582045909
3286 3335155294871431
3287 3370918430060653
3288 3407065056189679
3289 3443599285462381
3290 3480525274178033
3291 3517847223204317
3292 3555569378455033
3293 3593696031373373
3294 3632231519419927
3295 3671180226566261
3296 3710546583793639
3297 3750335069597003
3298 3790550210494673
3299 3831196581543007
3300 3872278806857369
3301 3913801560137519
3302 3955769565199889
3303 3998187596514703
3304 4041060479749127
3305 4084393092316679
3306 4128190363931279
3307 4172457277168879
3308 4217198868033913
3309 4262420226532331
3310 4308126497250547
3311 4354322879940853
3312 4401014630112797
3313 4448207059631243
3314 4495905537320609
3315 4544115489575729
3316 4592842400978929
3317 4642091814924233
3318 4691869334247871
3319 4742180621865821
3320 4793031401417887
3321 4844427457918973
3322 4896374638417033
3323 4948878852658567
3324 5001946073760611
3325 5055582338890469
3326 5109793749952523
3327 5164586474282161
3328 5219966745347819
3329 5275940863459831
3330 5332515196487249
3331 5389696180582237
3332 5447490320912459
3333 5505904192400923
3334 5564944440474077
3335 5624617781817773
3336 5684931005141467
3337 5745890971950419
3338 5807504617326473
3339 5869778950716773
3340 5932721056731503
3341 5996338095949433
3342 6060637305732979
3343 6125626001051341
3344 6191311575312593
3345 6257701501205039
3346 6324803331547201
3347 6392624700147067
3348 6461173322670511
3349 6530456997519131
3350 6600483606717409
3351 6671261116809413
3352 6742797579765073
3353 6815101133896241
3354 6888180004782551
3355 6962042506207123
3356 7036697041102483
3357 7112152102506481
3358 7188416274528473
3359 7265498233325887
3360 7343406748091273
3361 7422150682049977
3362 7501738993468297
3363 7582180736672879
3364 7663485063080621
3365 7745661222239599
3366 7828718562881837
3367 7912666533986239
3368 7997514685854049
3369 8083272671195159
3370 8169950246226151
3371 8257557271780291
3372 8346103714429373
3373 8435599647617669
3374 8526055252807541
3375 8617480820638037
3376 8709886752095911
3377 8803283559697829
3378 8897681868687683
3379 8993092418244307
3380 9089526062703767
3381 9186993772793951
3382 9285506636882737
3383 9385075862239607
3384 9485712776310233
3385 9587428828005601
3386 9690235589004133
3387 9794144755068361
3388 9899168147375449
3389 10005317713861793
3390 10112605530582631
3391 10221043803085649
3392 10330644867799699
3393 10441421193437933
3394 10553385382416697
3395 10666550172288809
3396 10780928437193207
3397 10896533189318899
3398 11013377580385913
3399 11131474903141111
3400 11250838592870479
3401 11371482228927757
3402 11493419536278937
3403 11616664387064201
3404 11741230802175673
3405 11867132952852647
3406 11994385162293607
3407 12123001907286001
3408 12252997819852903
3409 12384387688917799
3410 12517186461987083
3411 12651409246850149
3412 12787071313298647
3413 12924188094863467
3414 13062775190570267
3415 13202848366714343
3416 13344423558654467
3417 13487516872625189
3418 13632144587569721
3419 13778323156991567
3420 13926069210826543
3421 14075399557334497
3422 14226331185011623
3423 14378881264523179
3424 14533067150656687
3425 14688906384296581
3426 14846416694419441
3427 15005616000111227
3428 15166522412605589
3429 15329154237344303
3430 15493529976060119
3431 15659668328880943
3432 15827588196458131
3433 15997308682115633
3434 16168849094024413
3435 16342228947398203
3436 16517467966713877
3437 16694586087955619
3438 16873603460882561
3439 17054540451321437
3440 17237417643483439
3441 17422255842305761
3442 17609076075818561
3443 17797899597537271
3444 17988747888880553
3445 18181642661613817
3446 18376605860319781
3447 18573659664894277
3448 18772826493070283
3449 18974129002967659
3450 19177590095671207
3451 19383232917835799
3452 19591080864319849
3453 19801157580846601
3454 20013486966694223
3455 20228093177414867
3456 20445000627582521
3457 20664233993570581
3458 20885818216359211
3459 21109778504372599
3460 21336140336346959
3461 21564929464228919
3462 21796171916105401
3463 22029893999164481
3464 22266122302688293
3465 22504883701078001
3466 22746205356911159
3467 22990114724031601
3468 23236639550673167
3469 23485807882616059
3470 23737648066377523
3471 23992188752437111
3472 24249458898495283
3473 24509487772768547
3474 24772304957318719
3475 25037940351418369
3476 25306424174952461
3477 25577786971856081
3478 25852059613589353
3479 26129273302649617
3480 26409459576120977
3481 26692650309262247
3482 26978877719133169
3483 27268174368259529
3484 27560573168337731
3485 27856107383978851
3486 28154810636493113
3487 28456716907714633
3488 28761860543867501
3489 29070276259473049
3490 29381999141299171
3491 29697064652352067
3492 30015508635910429
3493 30337367319603347
3494 30662677319531671
3495 30991475644433519
3496 31323799699894817
3497 31659687292604387
3498 31999176634655207
3499 32342306347891733
3500 32689115468303279
3501 33039643450465361
3502 33393930172027907
3503 33752015938252223
3504 34113941486595979
3505 34479747991347881
3506 34849477068311879
3507 35223170779541309
3508 35600871638124479
3509 35982622613020771
3510 36368467133949227
3511 36758449096329101
3512 37152612866273777
3513 37551003285638081
3514 37953665677119341
3515 38360645849414167
3516 38771990102429093
3517 39187745232548501
3518 39607958537957947
3519 40032677824025251
3520 40461951408738961
3521 40895828128205377
3522 41334357342204041
3523 41777588939803477
3524 42225573345036709
3525 42678361522637363
3526 43136004983838367
3527 43598555792231437
3528 44066066569690367
3529 44538590502357547
3530 45016181346694427
3531 45498893435597531
3532 45986781684579139
3533 46479901598014943
3534 46978309275458579
3535 47482061418023567
3536 47991215334833959
3537 48505828949544283
3538 49025960806928737
3539 49551670079541887
3540 50083016574450389
3541 50620060740036761
3542 51162863672876327
3543 51711487124687881
3544 52265993509358719
3545 52826445910045343
3546 53392908086349737
3547 53965444481573431
3548 54544120230048419
3549 55129001164547347
3550 55720153823772943
3551 56317645459927651
3552 56921544046364771
3553 57531918285321061
3554 58148837615733167
3555 58772372221136479
3556 59402593037650459
3557 60039571762047959
3558 60683380859912093
3559 61334093573880229
3560 61991783931976357
3561 62656526756032639
3562 63328397670201973
3563 64007473109560907
3564 64693830328805437
3565 65387547411039739
3566 66088703276659379
3567 66797377692329591
3568 67513651280059861
3569 68237605526375881
3570 68969322791589893
3571 69708886319170289
3572 70456380245211761
3573 71211889608006943
3574 71975500357721123
3575 72747299366169739
3576 73527374436701657
3577 74315814314188163
3578 75112708695118781
3579 75918148237805689
3580 76732224572697049
3581 77555030312802047
3582 78386659064226221
3583 79227205436820871
3584 80076765054946279
3585 80935434568350317
3586 81803311663163873
3587 82680495073013753
3588 83567084590255601
3589 84463181077326169
3590 85368886478218099
3591 86284303830077869
3592 87209537274927239
3593 88144692071511137
3594 89089874607272401
3595 90045192410454947
3596 91010754162336473
3597 91986669709592731
3598 92973050076794137
3599 93970007479036223
3600 94977655334706103
3601 95996108278385213
3602 97025482173890741
3603 98065894127456473
3604 99117462501056179
3605 100180306925868121
3606 101254548315885301
3607 102340308881671019
3608 103437712144262189
3609 104546882949221597
3610 105667947480840977
3611 106801033276496197
3612 107946269241156559
3613 109103785662049457
3614 110273714223482807
3615 111456188021825761
3616 112651341580650241
3617 113859310866035263
3618 115080233302034963
3619 116314247786312377
3620 117561494705941271
3621 118822115953377253
3622 120096254942599853
3623 121384056625428241
3624 122685667508011337
3625 124001235667495169
3626 125330910768868801
3627 126674844081990847
3628 128033188498798679
3629 129406098550701923
3630 130793730426162989
3631 132196241988465313
3632 133613792793673321
3633 135046544108783033
3634 136494658930070059
3635 137958302001631633
3636 139437639834129001
3637 140932840723730743
3638 142444074771258217
3639 143971513901537807
3640 145515331882959173
3641 147075704347244311
3642 148652808809428129
3643 150246824688053563
3644 151857933325582391
3645 153486318009026461
3646 155132163990798529
3647 156795658509787799
3648 158476990812660967
3649 160176352175391809
3650 161893935925021337
3651 163629937461651989
3652 165384554280677177
3653 167157985995248687
3654 168950434358986309
3655 170762103288929879
3656 172593198888737677
3657 174443929472134213
3658 176314505586608173
3659 178205140037366041
3660 180116047911541403
3661 182047446602664101
3662 183999555835392223
3663 185972597690508689
3664 187966796630186401
3665 189982379523523963
3666 192019575672355303
3667 194078616837336109
3668 196159737264310139
3669 198263173710957743
3670 200389165473730837
3671 202537954415076047
3672 204709784990950501
3673 206904904278631717
3674 209123562004826501
3675 211366010574081157
3676 213632505097495919
3677 215923303421747461
3678 218238666158422967
3679 220578856713668573
3680 222944141318155111
3681 225334789057366139
3682 227751071902210427
3683 230193264739962197
3684 232661645405533859
3685 235156494713083709
3686 237678096487962139
3687 240226737599002123
3688 242802707991153067
3689 245406300718467841
3690 248037811977440783
3691 250697541140704583
3692 253385790791089139
3693 256102866756043399
3694 258849078142428679
3695 261624737371683659
3696 264430160215366979
3697 267265665831080639
3698 270131576798779099
3699 273028219157467229
3700 275955922442292137
3701 278915019722032363
3702 281905847636989501
3703 284928746437285829
3704 287984060021572807
3705 291072135976154297
3706 294193325614529659
3707 297347984017361131
3708 300536470072868803
3709 303759146517659897
3710 307016379977994811
3711 310308541011496721
3712 313636004149307383
3713 316999147938696011
3714 320398354986124069
3715 323834012000772631
3716 327306509838536057
3717 330816243546487313
3718 334363612407820507
3719 337949019987275591
3720 341572874177048747
3721 345235587243197009
3722 348937575872538637
3723 352679261220058217
3724 356461068956818531
3725 360283429318386677
3726 364146777153780473
3727 368051551974937849
3728 371998198006718389
3729 375987164237440097
3730 380018904469958209
3731 384093877373292347
3732 388212546534806207
3733 392375380512947773
3734 396582852890554391
3735 400835442328729901
3736 405133632621298939
3737 409477912749846221
3738 413868776939344201
3739 418306724714379751
3740 422792260955980823
3741 427325895959055209
3742 431908145490443491
3743 436539530847594829
3744 441220578917872417
3745 445951822238494927
3746 450733799057119093
3747 455567053393074949
3748 460452135099254477
3749 465389599924665859
3750 470380009577658491
3751 475423931789824463
3752 480521940380587271
3753 485674615322481391
3754 490882542807133109
3755 496146315311947961
3756 501466531667513723
3757 506843797125726211
3758 512278723428645469
3759 517771928878090043
3760 523324038405978113
3761 528935683645422583
3762 534607503002588357
3763 540340141729320059
3764 546134251996549583
3765 551990492968489261
3766 557909530877621623
3767 563892039100493149
3768 569938698234320629
3769 576050196174418367
3770 582227228192457481
3771 588470497015561973
3772 594780712906254709
3773 601158593743260181
3774 607604865103173137
3775 614120260343004299
3776 620705520683609477
3777 627361395294014663
3778 634088641376645123
3779 640888024253467373
3780 647760317453056519
3781 654706302798596003
3782 661726770496821371
3783 668822519227917827
3784 675994356236381389
3785 683243097422855323
3786 690569567436949913
3787 697974599771058947
3788 705459036855181429
3789 713023730152760077
3790 720669540257547623
3791 728397336991512169
3792 736207999503792119
3793 744102416370711289
3794 752081485696868347
3795 760146115217309291
3796 768297222400794347
3797 776535734554174993
3798 784862588927886971
3799 793278732822577409
3800 801785123696873483
3801 810382729276307233
3802 819072527663408141
3803 827855507448977281
3804 836732667824553217
3805 845705018696084821
3806 854773580798822791
3807 863939385813442571
3808 873203476483414039
3809 882566906733627613
3810 892030741790294581
3811 901596058302131201
3812 911263944462843149
3813 921035500134924191
3814 930911836974780797
3815 940894078559199517
3816 950983360513169657
3817 961180830639077869
3818 971487649047287051
3819 981904988288115323
3820 992434033485231361
3821 1003075982470478713
3822 1013832045920147563
3823 1024703447492705273
3824 1035691423968007033
3825 1046797225387996153
3826 1058022115198915201
3827 1069367370395040881
3828 1080834281663961599
3829 1092424153533410813
3830 1104138304519676521
3831 1115978067277601771
3832 1127944788752193413
3833 1140039830331856439
3834 1152264568003271843
3835 1164620392507935463
3836 1177108709500374529
3837 1189730939708060927
3838 1202488519093040713
3839 1215382899015295249
3840 1228415546397853201
3841 1241587943893676791
3842 1254901590054332681
3843 1268357999500475129
3844 1281958703094156799
3845 1295705248112984767
3846 1309599198426147859
3847 1323642134672327683
3848 1337835654439519757
3849 1352181372446783771
3850 1366680920727938531
3851 1381335948817232873
3852 1396148123937001213
3853 1411119131187336191
3854 1426250673737792009
3855 1441544473021145861
3856 1457002268929234943
3857 1472625820010895353
3858 1488416903672021233
3859 1504377316377772549
3860 1520508873856946689
3861 1536813411308546027
3862 1553292783610556899
3863 1569948865530970621
3864 1586783551941063947
3865 1603798758030968537
3866 1620996419527552517
3867 1638378492914637641
3868 1655946955655575571
3869 1673703806418215989
3870 1691651065302281453
3871 1709790774069186047
3872 1728124996374311929
3873 1746655818001783037
3874 1765385347101751301
3875 1784315714430231053
3876 1803449073591502087
3877 1822787601283114261
3878 1842333497543517947
3879 1862088986002350829
3880 1882056314133408251
3881 1902237753510324479
3882 1922635600064998883
3883 1943252174348791781
3884 1964089821796518593
3885 1985150912993280007
3886 2006437843944148457
3887 2027953036346748677
3888 2049698937866762233
3889 2071678022416384007
3890 2093892790435765549
3891 2116345769177476579
3892 2139039512994018601
3893 2161976603628415229
3894 2185159650507928309
3895 2208591291040913153
3896 2232274190916866587
3897 2256211044409684079
3898 2280404574684174571
3899 2304857534105859529
3900 2329572704554095647
3901 2354552897738551351
3902 2379800955519081979
3903 2405319750229031921
3904 2431112185002003949
3905 2457181194102133231
3906 2483529743257903133
3907 2510160829999537669
3908 2537077484000015903
3909 2564282767419742717
3910 2591779775254909937
3911 2619571635689600489
3912 2647661510451664373
3913 2676052595172409373
3914 2704748119750152211
3915 2733751348717665317
3916 2763065581613566459
3917 2792694153357687797
3918 2822640434630470633
3919 2852907832256432131
3920 2883499789591737817
3921 2914419786915936179
3922 2945671341827890183
3923 2977258009645952003
3924 3009183383812439081
3925 3041451096302432809
3926 3074064818036973559
3927 3107028259300679713
3928 3140345170163845649
3929 3174019340909068801
3930 3208054602462446101
3931 3242454826829400551
3932 3277223927535176137
3933 3312365860070061563
3934 3347884622339378183
3935 3383784255118305817
3936 3420068842511578123
3937 3456742512418106903
3938 3493809437000592883
3939 3531273833160168967
3940 3569139963016132639
3941 3607412134390825939
3942 3646094701299714551
3943 3685192064446712863
3944 3724708671724836373
3945 3764649018722211833
3946 3805017649233510923
3947 3845819155776878603
3948 3887058180116398603
3949 3928739413790156239
3950 3970867598643973637
3951 4013447527370863579
3952 4056484044056265769
3953 4099982044729133053
3954 4143946477918925323
3955 4188382345218578417
3956 4233294701853505051
3957 4278688657256701447
3958 4324569375650021909
3959 4370942076631678967
3960 4417812035770054127
3961 4465184585203867153
3962 4513065114248782873
3963 4561459070010528781
3964 4610371958004578303
3965 4659809342782486517
3966 4709776848564933653
3967 4760280159881567227
3968 4811325022217698331
3969 4862917242667932649
3970 4915062690596812849
3971 4967767298306542567
3972 5021037061711876097
3973 5074878041022234629
3974 5129296361431149587
3975 5184298213813087219
3976 5239889855427752953
3977 5296077610631946227
3978 5352867871599044611
3979 5410267099046210549
3980 5468281822969388041
3981 5526918643386190873
3982 5586184231086740473
3983 5646085328392571891
3984 5706628749923674129
3985 5767821383373742067
3986 5829670190293759993
3987 5892182206883976193
3988 5955364544794372093
3989 6019224391933720589
3990 6083769013287305173
3991 6149005751743430707
3992 6214942028928769049
3993 6281585346052691971
3994 6348943284760631281
3995 6417023507996604389
3996 6485833760874987523
3997 6555381871561636871
3998 6625675752164444117
3999 6696723399633473509
4000 6768532896670710751
4001 6841112412649605119
4002 6914470204544439293
4003 6988614617869689821
4004 7063554087629451241
4005 7139297139277031423
4006 7215852389684855753
4007 7293228548124754981
4008 7371434417258774531
4009 7450478894140605461
4010 7530370971227749387
4011 7611119737404545017
4012 7692734379016163327
4013 7775224180913679379
4014 7858598527510366211
4015 7942866903849305093
4016 8028038896682450939
4017 8114124195561259009
4018 8201132593939013611
4019 8289073990284978337
4020 8377958389210487801
4021 8467795902607120369
4022 8558596750797071353
4023 8650371263695858651
4024 8743129881987512317
4025 8836883158312339391
4026 8931641758467450899
4027 9027416462620148731
4028 9124218166534322167
4029 9222057882810004483
4030 9320946742136213479
4031 9420895994557229051
4032 9521917010752450583
4033 9624021283329974263
4034 9727220428134047719
4035 9831526185566537737
4036 9936950421922576379
4037 10043505130740516839
4038 10151202434166378479
4039 10260054584332916717
4040 10370073964753479643
4041 10481273091730810877
4042 10593664615780964351
4043 10707261323072481281
4044 10822076136881006581
4045 10938122119059492859
4046 11055412471524186137
4047 11173960537756518401
4048 11293779804321142781
4049 11414883902400215033
4050 11537286609344135203
4051 11661001850238928907
4052 11786043699490428931
4053 11912426382425436173
4054 12040164276910061561
4055 12169271914985414683
4056 12299763984520843321
4057 12431655330884874233
4058 12564960958634110997
4059 12699696033220204543
4060 12835875882715150313
4061 12973515999555070009
4062 13112632042302722011
4063 13253239837428869101
4064 13395355381112776703
4065 13538994841062012937
4066 13684174558351763461
4067 13830911049283850231
4068 13979221007265720319
4069 14129121304709556221
4070 14280628994951749567
4071 14433761314192979977
4072 14588535683459071993
4073 14744969710582892549
4074 14903081192207507447
4075 15062888115810791423
4076 15224408661751775273
4077 15387661205338927073
4078 15552664318920607733
4079 15719436773997938659
4080 15887997543360350173
4081 16058365803243984967
4082 16230560935513305091
4083 16404602529866035159
4084 16580510386061795317
4085 16758304516174583807
4086 16938005146869475313
4087 17119632721703673881
4088 17303207903452268587
4089 17488751576458934263
4090 17676284849011816451
4091 17865829055744913413
4092 18057405760065198073
4093 18251036756605771817
4094 18446744073709551557
