n=3:
perm<3>[0]=(5, 2, 3, 4, 6, 1, 0, 7) #flags_lens=('-1+0~1', (8, 5, 5))@@0@fi=0@li=0;i^o=8@[0, 1, 2, 3, 4, 5, 6, 7];i-o=5@[0, 3, 4, 6, 7];i+o=5@[2, 3, 5, 6, 7];cycle_lens=(1, 7)@0@((0, 5, 1, 2, 3, 4, 6), (7,));foyc=0
perm<3>[1]=(5, 2, 3, 4, 0, 7, 6, 1) #flags_lens=('-1+1~1', (8, 5, 5))@@0@fi=0@li=1;i^o=8@[0, 1, 2, 3, 4, 5, 6, 7];i-o=5@[0, 3, 4, 6, 7];i+o=5@[0, 3, 4, 5, 7];cycle_lens=(1, 7)@1@((0, 5, 7, 1, 2, 3, 4), (6,));foyc=0
perm<3>[2]=(1, 2, 7, 4, 6, 5, 0, 3) #flags_lens=('-1+0~1', (8, 5, 5))@@1@fi=1@li=2;i^o=8@[0, 1, 2, 3, 4, 5, 6, 7];i-o=5@[0, 3, 4, 6, 7];i+o=5@[1, 2, 3, 6, 7];cycle_lens=(1, 7)@2@((0, 1, 2, 7, 3, 4, 6), (5,));foyc=1
perm<3>[3]=(4, 2, 3, 5, 1, 7, 6, 0) #flags_lens=('-1+1~1', (8, 5, 5))@@1@fi=1@li=3;i^o=8@[0, 1, 2, 3, 4, 5, 6, 7];i-o=5@[0, 3, 4, 6, 7];i+o=5@[0, 3, 4, 5, 7];cycle_lens=(1, 7)@3@((0, 4, 1, 2, 3, 5, 7), (6,));foyc=1
perm<3>[4]=(6, 5, 3, 0, 1, 2, 4, 7) #flags_lens=('-1+0~1', (8, 5, 5))@@2@fi=2@li=4;i^o=8@[0, 1, 2, 3, 4, 5, 6, 7];i-o=5@[0, 2, 3, 4, 7];i+o=5@[2, 3, 5, 6, 7];cycle_lens=(1, 7)@4@((0, 6, 4, 1, 5, 2, 3), (7,));foyc=2
perm<3>[5]=(4, 7, 3, 0, 1, 2, 6, 5) #flags_lens=('-1+1~1', (8, 5, 5))@@2@fi=2@li=5;i^o=8@[0, 1, 2, 3, 4, 5, 6, 7];i-o=5@[0, 2, 3, 4, 7];i+o=5@[0, 3, 4, 5, 7];cycle_lens=(1, 7)@5@((0, 4, 1, 7, 5, 2, 3), (6,));foyc=2
perm<3>[6]=(5, 6, 3, 0, 2, 1, 4, 7) #flags_lens=('-1+0~1', (8, 5, 5))@@3@fi=3@li=6;i^o=8@[0, 1, 2, 3, 4, 5, 6, 7];i-o=5@[0, 2, 3, 4, 7];i+o=5@[2, 3, 5, 6, 7];cycle_lens=(1, 7)@6@((0, 5, 1, 6, 4, 2, 3), (7,));foyc=3
perm<3>[7]=(1, 6, 7, 0, 2, 5, 4, 3) #flags_lens=('-1+0~1', (8, 5, 5))@@4@fi=4@li=7;i^o=8@[0, 1, 2, 3, 4, 5, 6, 7];i-o=5@[0, 2, 3, 4, 7];i+o=5@[1, 2, 3, 6, 7];cycle_lens=(1, 7)@7@((0, 1, 6, 4, 2, 7, 3), (5,));foyc=4
perm<3>[8]=(1, 2, 4, 7, 6, 5, 3, 0) #flags_lens=('-1+0~1', (8, 5, 5))@@5@fi=5@li=8;i^o=8@[0, 1, 2, 3, 4, 5, 6, 7];i-o=5@[0, 3, 4, 6, 7];i+o=5@[1, 2, 3, 6, 7];cycle_lens=(1, 7)@8@((0, 1, 2, 4, 6, 3, 7), (5,));foyc=5
perm<3>[9]=(1, 2, 6, 5, 4, 7, 3, 0) #flags_lens=('-1+1~1', (8, 5, 5))@@3@fi=3@li=9;i^o=8@[0, 1, 2, 3, 4, 5, 6, 7];i-o=5@[0, 3, 4, 6, 7];i+o=5@[0, 1, 3, 4, 7];cycle_lens=(1, 7)@9@((0, 1, 2, 6, 3, 5, 7), (4,));foyc=3
perm<3>[10]=(1, 7, 6, 0, 4, 2, 3, 5) #flags_lens=('-1+1~1', (8, 5, 5))@@4@fi=4@li=10;i^o=8@[0, 1, 2, 3, 4, 5, 6, 7];i-o=5@[0, 2, 3, 4, 7];i+o=5@[0, 1, 3, 4, 7];cycle_lens=(1, 7)@10@((0, 1, 7, 5, 2, 6, 3), (4,));foyc=4
perm<3>[11]=(1, 6, 7, 0, 4, 3, 2, 5) #flags_lens=('-1+1~1', (8, 5, 5))@@5@fi=5@li=11;i^o=8@[0, 1, 2, 3, 4, 5, 6, 7];i-o=5@[0, 2, 3, 4, 7];i+o=5@[0, 1, 3, 4, 7];cycle_lens=(1, 7)@11@((0, 1, 6, 2, 7, 5, 3), (4,));foyc=5
perm<3>[12]=(3, 6, 4, 1, 5, 0, 2, 7) #flags_lens=('-1+1~1', (8, 7, 7))@@0@fi=6@li=0;i^o=8@[0, 1, 2, 3, 4, 5, 6, 7];i-o=7@[0, 2, 3, 4, 5, 6, 7];i+o=7@[0, 1, 3, 4, 5, 6, 7];cycle_lens=(1, 7)@12@((0, 3, 1, 6, 2, 4, 5), (7,));foyc=0
perm<3>[13]=(3, 6, 4, 1, 0, 5, 7, 2) #flags_lens=('-1+0~1', (8, 7, 7))@@0@fi=6@li=1;i^o=8@[0, 1, 2, 3, 4, 5, 6, 7];i-o=7@[0, 2, 3, 4, 5, 6, 7];i+o=7@[1, 2, 3, 4, 5, 6, 7];cycle_lens=(1, 7)@13@((0, 3, 1, 6, 7, 2, 4), (5,));foyc=0
perm<3>[14]=(7, 2, 4, 1, 0, 5, 3, 6) #flags_lens=('-1+0~1', (8, 7, 7))@@1@fi=7@li=2;i^o=8@[0, 1, 2, 3, 4, 5, 6, 7];i-o=7@[0, 1, 2, 3, 4, 6, 7];i+o=7@[1, 2, 3, 4, 5, 6, 7];cycle_lens=(1, 7)@14@((0, 7, 6, 3, 1, 2, 4), (5,));foyc=1
perm<3>[15]=(7, 2, 0, 5, 1, 4, 6, 3) #flags_lens=('-1+1~1', (8, 7, 7))@@1@fi=7@li=3;i^o=8@[0, 1, 2, 3, 4, 5, 6, 7];i-o=7@[0, 1, 2, 3, 4, 6, 7];i+o=7@[0, 1, 2, 3, 4, 5, 7];cycle_lens=(1, 7)@15@((0, 7, 3, 5, 4, 1, 2), (6,));foyc=1
perm<3>[16]=(3, 4, 6, 1, 5, 2, 0, 7) #flags_lens=('-1+1~1', (8, 7, 7))@@2@fi=8@li=4;i^o=8@[0, 1, 2, 3, 4, 5, 6, 7];i-o=7@[0, 2, 3, 4, 5, 6, 7];i+o=7@[0, 1, 3, 4, 5, 6, 7];cycle_lens=(1, 7)@16@((0, 3, 1, 4, 5, 2, 6), (7,));foyc=2
perm<3>[17]=(3, 4, 0, 7, 5, 2, 6, 1) #flags_lens=('-1+1~1', (8, 7, 7))@@3@fi=9@li=5;i^o=8@[0, 1, 2, 3, 4, 5, 6, 7];i-o=7@[0, 2, 3, 4, 5, 6, 7];i+o=7@[0, 1, 2, 3, 4, 5, 7];cycle_lens=(1, 7)@17@((0, 3, 7, 1, 4, 5, 2), (6,));foyc=3
perm<3>[18]=(5, 2, 6, 1, 3, 4, 0, 7) #flags_lens=('-1+1~1', (8, 7, 7))@@4@fi=10@li=6;i^o=8@[0, 1, 2, 3, 4, 5, 6, 7];i-o=7@[0, 1, 2, 3, 4, 6, 7];i+o=7@[0, 1, 3, 4, 5, 6, 7];cycle_lens=(1, 7)@18@((0, 5, 4, 3, 1, 2, 6), (7,));foyc=4
perm<3>[19]=(5, 2, 0, 7, 3, 4, 6, 1) #flags_lens=('-1+1~1', (8, 7, 7))@@5@fi=11@li=7;i^o=8@[0, 1, 2, 3, 4, 5, 6, 7];i-o=7@[0, 1, 2, 3, 4, 6, 7];i+o=7@[0, 1, 2, 3, 4, 5, 7];cycle_lens=(1, 7)@19@((0, 5, 4, 3, 7, 1, 2), (6,));foyc=5
perm<3>[20]=(4, 2, 7, 1, 3, 5, 0, 6) #flags_lens=('-1+0~1', (8, 7, 7))@@2@fi=8@li=8;i^o=8@[0, 1, 2, 3, 4, 5, 6, 7];i-o=7@[0, 1, 2, 3, 4, 6, 7];i+o=7@[1, 2, 3, 4, 5, 6, 7];cycle_lens=(1, 7)@20@((0, 4, 3, 1, 2, 7, 6), (5,));foyc=2
perm<3>[21]=(3, 6, 0, 5, 4, 1, 7, 2) #flags_lens=('-1+1~1', (8, 7, 7))@@6@fi=12@li=9;i^o=8@[0, 1, 2, 3, 4, 5, 6, 7];i-o=7@[0, 2, 3, 4, 5, 6, 7];i+o=7@[0, 1, 2, 3, 5, 6, 7];cycle_lens=(1, 7)@21@((0, 3, 5, 1, 6, 7, 2), (4,));foyc=6
perm<3>[22]=(7, 2, 0, 5, 4, 1, 3, 6) #flags_lens=('-1+1~1', (8, 7, 7))@@7@fi=13@li=10;i^o=8@[0, 1, 2, 3, 4, 5, 6, 7];i-o=7@[0, 1, 2, 3, 4, 6, 7];i+o=7@[0, 1, 2, 3, 5, 6, 7];cycle_lens=(1, 7)@22@((0, 7, 6, 3, 5, 1, 2), (4,));foyc=7
perm<3>[23]=(3, 5, 0, 6, 4, 2, 7, 1) #flags_lens=('-1+1~1', (8, 7, 7))@@8@fi=14@li=11;i^o=8@[0, 1, 2, 3, 4, 5, 6, 7];i-o=7@[0, 2, 3, 4, 5, 6, 7];i+o=7@[0, 1, 2, 3, 5, 6, 7];cycle_lens=(1, 7)@23@((0, 3, 6, 7, 1, 5, 2), (4,));foyc=8
perm<3>[24]=(1, 6, 4, 3, 7, 0, 2, 5) #flags_lens=('-1+1~1', (8, 7, 7))@@9@fi=15@li=12;i^o=8@[0, 1, 2, 3, 4, 5, 6, 7];i-o=7@[0, 2, 3, 4, 5, 6, 7];i+o=7@[0, 1, 3, 4, 5, 6, 7];cycle_lens=(1, 7)@24@((0, 1, 6, 2, 4, 7, 5), (3,));foyc=9
perm<3>[25]=(6, 5, 0, 3, 1, 2, 7, 4) #flags_lens=('-1+0~1', (8, 5, 5))@@6@fi=9@li=12;i^o=8@[0, 1, 2, 3, 4, 5, 6, 7];i-o=5@[0, 2, 3, 4, 7];i+o=5@[2, 3, 5, 6, 7];cycle_lens=(1, 7)@25@((0, 6, 7, 4, 1, 5, 2), (3,));foyc=6
perm<3>[26]=(1, 4, 6, 3, 2, 7, 5, 0) #flags_lens=('-1+1~1', (8, 7, 7))@@10@fi=16@li=13;i^o=8@[0, 1, 2, 3, 4, 5, 6, 7];i-o=7@[0, 1, 2, 4, 5, 6, 7];i+o=7@[0, 1, 3, 4, 5, 6, 7];cycle_lens=(1, 7)@26@((0, 1, 4, 2, 6, 5, 7), (3,));foyc=10
perm<3>[27]=(5, 6, 0, 3, 2, 1, 7, 4) #flags_lens=('-1+0~1', (8, 5, 5))@@7@fi=10@li=13;i^o=8@[0, 1, 2, 3, 4, 5, 6, 7];i-o=5@[0, 2, 3, 4, 7];i+o=5@[2, 3, 5, 6, 7];cycle_lens=(1, 7)@27@((0, 5, 1, 6, 7, 4, 2), (3,));foyc=7
perm<3>[28]=(7, 4, 0, 3, 2, 1, 5, 6) #flags_lens=('-1+0~1', (8, 5, 5))@@8@fi=11@li=14;i^o=8@[0, 1, 2, 3, 4, 5, 6, 7];i-o=5@[0, 1, 2, 4, 5];i+o=5@[2, 3, 5, 6, 7];cycle_lens=(1, 7)@28@((0, 7, 6, 5, 1, 4, 2), (3,));foyc=8
perm<3>[29]=(1, 4, 6, 3, 7, 2, 0, 5) #flags_lens=('-1+1~1', (8, 7, 7))@@11@fi=17@li=14;i^o=8@[0, 1, 2, 3, 4, 5, 6, 7];i-o=7@[0, 2, 3, 4, 5, 6, 7];i+o=7@[0, 1, 3, 4, 5, 6, 7];cycle_lens=(1, 7)@29@((0, 1, 4, 7, 5, 2, 6), (3,));foyc=11
perm<3>[30]=(5, 2, 0, 7, 6, 1, 3, 4) #flags_lens=('-0+0~0', (4, 5, 5))@@0@fi=0@li=0;i^o=4@[2, 3, 4, 5];i-o=5@[2, 3, 4, 6, 7];i+o=5@[1, 2, 3, 5, 6];cycle_lens=(4, 4)@0@((0, 5, 1, 2), (3, 7, 4, 6));foyc=0
perm<3>[31]=(1, 2, 6, 5, 7, 4, 0, 3) #flags_lens=('-0+1~0', (4, 5, 5))@@0@fi=0@li=1;i^o=4@[1, 3, 4, 6];i-o=5@[1, 4, 5, 6, 7];i+o=5@[0, 1, 2, 3, 6];cycle_lens=(4, 4)@1@((0, 1, 2, 6), (3, 5, 4, 7));foyc=0
perm<3>[32]=(6, 3, 1, 4, 5, 0, 2, 7) #flags_lens=('-1+1~1', (8, 7, 7))@@12@fi=18@li=15;i^o=8@[0, 1, 2, 3, 4, 5, 6, 7];i-o=7@[0, 1, 2, 4, 5, 6, 7];i+o=7@[0, 1, 3, 4, 5, 6, 7];cycle_lens=(1, 7)@30@((0, 6, 2, 1, 3, 4, 5), (7,));foyc=12
perm<3>[33]=(2, 7, 1, 4, 5, 0, 6, 3) #flags_lens=('-1+1~1', (8, 7, 7))@@13@fi=19@li=16;i^o=8@[0, 1, 2, 3, 4, 5, 6, 7];i-o=7@[0, 1, 2, 4, 5, 6, 7];i+o=7@[0, 1, 2, 3, 4, 5, 7];cycle_lens=(1, 7)@31@((0, 2, 1, 7, 3, 4, 5), (6,));foyc=13
perm<3>[34]=(6, 3, 1, 4, 0, 5, 7, 2) #flags_lens=('-1+0~1', (8, 7, 7))@@3@fi=12@li=17;i^o=8@[0, 1, 2, 3, 4, 5, 6, 7];i-o=7@[0, 1, 2, 4, 5, 6, 7];i+o=7@[1, 2, 3, 4, 5, 6, 7];cycle_lens=(1, 7)@32@((0, 6, 7, 2, 1, 3, 4), (5,));foyc=3
perm<3>[35]=(6, 3, 5, 0, 1, 4, 2, 7) #flags_lens=('-1+1~1', (8, 7, 7))@@14@fi=20@li=18;i^o=8@[0, 1, 2, 3, 4, 5, 6, 7];i-o=7@[0, 1, 2, 3, 4, 5, 6];i+o=7@[0, 1, 3, 4, 5, 6, 7];cycle_lens=(1, 7)@33@((0, 6, 2, 5, 4, 1, 3), (7,));foyc=14
perm<3>[36]=(2, 7, 5, 0, 1, 4, 6, 3) #flags_lens=('-1+1~1', (8, 7, 7))@@15@fi=21@li=19;i^o=8@[0, 1, 2, 3, 4, 5, 6, 7];i-o=7@[0, 1, 2, 3, 4, 5, 6];i+o=7@[0, 1, 2, 3, 4, 5, 7];cycle_lens=(1, 7)@34@((0, 2, 5, 4, 1, 7, 3), (6,));foyc=15
perm<3>[37]=(5, 3, 6, 0, 2, 4, 1, 7) #flags_lens=('-1+1~1', (8, 7, 7))@@16@fi=22@li=20;i^o=8@[0, 1, 2, 3, 4, 5, 6, 7];i-o=7@[0, 1, 2, 3, 4, 5, 6];i+o=7@[0, 1, 3, 4, 5, 6, 7];cycle_lens=(1, 7)@35@((0, 5, 4, 2, 6, 1, 3), (7,));foyc=16
perm<3>[38]=(4, 3, 1, 6, 2, 5, 7, 0) #flags_lens=('-1+0~1', (8, 7, 7))@@4@fi=13@li=21;i^o=8@[0, 1, 2, 3, 4, 5, 6, 7];i-o=7@[0, 1, 2, 4, 5, 6, 7];i+o=7@[1, 2, 3, 4, 5, 6, 7];cycle_lens=(1, 7)@36@((0, 4, 2, 1, 3, 6, 7), (5,));foyc=4
perm<3>[39]=(4, 3, 7, 0, 2, 5, 1, 6) #flags_lens=('-1+0~1', (8, 7, 7))@@5@fi=14@li=22;i^o=8@[0, 1, 2, 3, 4, 5, 6, 7];i-o=7@[0, 1, 2, 3, 4, 5, 6];i+o=7@[1, 2, 3, 4, 5, 6, 7];cycle_lens=(1, 7)@37@((0, 4, 2, 7, 6, 1, 3), (5,));foyc=5
perm<3>[40]=(2, 4, 1, 7, 5, 3, 6, 0) #flags_lens=('-1+1~1', (8, 7, 7))@@17@fi=23@li=23;i^o=8@[0, 1, 2, 3, 4, 5, 6, 7];i-o=7@[0, 1, 2, 4, 5, 6, 7];i+o=7@[0, 1, 2, 3, 4, 5, 7];cycle_lens=(1, 7)@38@((0, 2, 1, 4, 5, 3, 7), (6,));foyc=17
perm<3>[41]=(2, 7, 5, 0, 4, 1, 3, 6) #flags_lens=('-1+1~1', (8, 7, 7))@@18@fi=24@li=24;i^o=8@[0, 1, 2, 3, 4, 5, 6, 7];i-o=7@[0, 1, 2, 3, 4, 5, 6];i+o=7@[0, 1, 2, 3, 5, 6, 7];cycle_lens=(1, 7)@39@((0, 2, 5, 1, 7, 6, 3), (4,));foyc=18
perm<3>[42]=(2, 5, 1, 6, 4, 3, 7, 0) #flags_lens=('-1+1~1', (8, 7, 7))@@19@fi=25@li=25;i^o=8@[0, 1, 2, 3, 4, 5, 6, 7];i-o=7@[0, 1, 2, 4, 5, 6, 7];i+o=7@[0, 1, 2, 3, 5, 6, 7];cycle_lens=(1, 7)@40@((0, 2, 1, 5, 3, 6, 7), (4,));foyc=19
perm<3>[43]=(2, 5, 7, 0, 4, 3, 1, 6) #flags_lens=('-1+1~1', (8, 7, 7))@@20@fi=26@li=26;i^o=8@[0, 1, 2, 3, 4, 5, 6, 7];i-o=7@[0, 1, 2, 3, 4, 5, 6];i+o=7@[0, 1, 2, 3, 5, 6, 7];cycle_lens=(1, 7)@41@((0, 2, 7, 6, 1, 5, 3), (4,));foyc=20
perm<3>[44]=(3, 4, 5, 2, 6, 1, 0, 7) #flags_lens=('-1+0~1', (8, 5, 5))@@9@fi=15@li=15;i^o=8@[0, 1, 2, 3, 4, 5, 6, 7];i-o=5@[0, 1, 4, 5, 6];i+o=5@[2, 3, 5, 6, 7];cycle_lens=(1, 7)@42@((0, 3, 2, 5, 1, 4, 6), (7,));foyc=9
perm<3>[45]=(3, 4, 5, 2, 0, 7, 6, 1) #flags_lens=('-1+1~1', (8, 5, 5))@@6@fi=27@li=16;i^o=8@[0, 1, 2, 3, 4, 5, 6, 7];i-o=5@[0, 1, 4, 5, 6];i+o=5@[0, 3, 4, 5, 7];cycle_lens=(1, 7)@43@((0, 3, 2, 5, 7, 1, 4), (6,));foyc=6
perm<3>[46]=(7, 4, 1, 2, 0, 3, 6, 5) #flags_lens=('-1+1~1', (8, 5, 5))@@7@fi=28@li=17;i^o=8@[0, 1, 2, 3, 4, 5, 6, 7];i-o=5@[0, 1, 2, 4, 5];i+o=5@[0, 3, 4, 5, 7];cycle_lens=(1, 7)@44@((0, 7, 5, 3, 2, 1, 4), (6,));foyc=7
perm<3>[47]=(3, 5, 4, 2, 6, 0, 1, 7) #flags_lens=('-1+0~1', (8, 5, 5))@@10@fi=16@li=18;i^o=8@[0, 1, 2, 3, 4, 5, 6, 7];i-o=5@[0, 1, 4, 5, 6];i+o=5@[2, 3, 5, 6, 7];cycle_lens=(1, 7)@45@((0, 3, 2, 4, 6, 1, 5), (7,));foyc=10
perm<3>[48]=(3, 0, 4, 7, 6, 5, 1, 2) #flags_lens=('-1+0~1', (8, 5, 5))@@11@fi=17@li=19;i^o=8@[0, 1, 2, 3, 4, 5, 6, 7];i-o=5@[0, 1, 4, 5, 6];i+o=5@[1, 2, 3, 6, 7];cycle_lens=(1, 7)@46@((0, 3, 7, 2, 4, 6, 1), (5,));foyc=11
perm<3>[49]=(7, 0, 1, 6, 2, 5, 4, 3) #flags_lens=('-1+0~1', (8, 5, 5))@@12@fi=18@li=20;i^o=8@[0, 1, 2, 3, 4, 5, 6, 7];i-o=5@[0, 1, 2, 4, 5];i+o=5@[1, 2, 3, 6, 7];cycle_lens=(1, 7)@47@((0, 7, 3, 6, 4, 2, 1), (5,));foyc=12
perm<3>[50]=(6, 5, 1, 2, 3, 0, 4, 7) #flags_lens=('-1+0~1', (8, 5, 5))@@13@fi=19@li=21;i^o=8@[0, 1, 2, 3, 4, 5, 6, 7];i-o=5@[0, 1, 2, 4, 5];i+o=5@[2, 3, 5, 6, 7];cycle_lens=(1, 7)@48@((0, 6, 4, 3, 2, 1, 5), (7,));foyc=13
perm<3>[51]=(4, 7, 1, 2, 3, 0, 6, 5) #flags_lens=('-1+1~1', (8, 5, 5))@@8@fi=29@li=22;i^o=8@[0, 1, 2, 3, 4, 5, 6, 7];i-o=5@[0, 1, 2, 4, 5];i+o=5@[0, 3, 4, 5, 7];cycle_lens=(1, 7)@49@((0, 4, 3, 2, 1, 7, 5), (6,));foyc=8
perm<3>[52]=(6, 0, 1, 7, 3, 5, 4, 2) #flags_lens=('-1+0~1', (8, 5, 5))@@14@fi=20@li=23;i^o=8@[0, 1, 2, 3, 4, 5, 6, 7];i-o=5@[0, 1, 2, 4, 5];i+o=5@[1, 2, 3, 6, 7];cycle_lens=(1, 7)@50@((0, 6, 4, 3, 7, 2, 1), (5,));foyc=14
perm<3>[53]=(3, 0, 5, 6, 4, 7, 2, 1) #flags_lens=('-1+1~1', (8, 5, 5))@@9@fi=30@li=24;i^o=8@[0, 1, 2, 3, 4, 5, 6, 7];i-o=5@[0, 1, 4, 5, 6];i+o=5@[0, 1, 3, 4, 7];cycle_lens=(1, 7)@51@((0, 3, 6, 2, 5, 7, 1), (4,));foyc=9
perm<3>[54]=(3, 0, 6, 5, 4, 7, 1, 2) #flags_lens=('-1+1~1', (8, 5, 5))@@10@fi=31@li=25;i^o=8@[0, 1, 2, 3, 4, 5, 6, 7];i-o=5@[0, 1, 4, 5, 6];i+o=5@[0, 1, 3, 4, 7];cycle_lens=(1, 7)@52@((0, 3, 5, 7, 2, 6, 1), (4,));foyc=10
perm<3>[55]=(7, 0, 1, 6, 4, 3, 2, 5) #flags_lens=('-1+1~1', (8, 5, 5))@@11@fi=32@li=26;i^o=8@[0, 1, 2, 3, 4, 5, 6, 7];i-o=5@[0, 1, 2, 4, 5];i+o=5@[0, 1, 3, 4, 7];cycle_lens=(1, 7)@53@((0, 7, 5, 3, 6, 2, 1), (4,));foyc=11
perm<3>[56]=(2, 4, 5, 3, 7, 1, 0, 6) #flags_lens=('-1+0~1', (8, 5, 5))@@15@fi=21@li=27;i^o=8@[0, 1, 2, 3, 4, 5, 6, 7];i-o=5@[0, 1, 4, 5, 6];i+o=5@[2, 3, 5, 6, 7];cycle_lens=(1, 7)@54@((0, 2, 5, 1, 4, 7, 6), (3,));foyc=15
perm<3>[57]=(2, 5, 4, 3, 1, 6, 7, 0) #flags_lens=('-1+0~1', (8, 5, 5))@@16@fi=22@li=28;i^o=8@[0, 1, 2, 3, 4, 5, 6, 7];i-o=5@[0, 3, 4, 6, 7];i+o=5@[2, 3, 5, 6, 7];cycle_lens=(1, 7)@55@((0, 2, 4, 1, 5, 6, 7), (3,));foyc=16
perm<3>[58]=(2, 5, 4, 3, 7, 0, 1, 6) #flags_lens=('-1+0~1', (8, 5, 5))@@17@fi=23@li=29;i^o=8@[0, 1, 2, 3, 4, 5, 6, 7];i-o=5@[0, 1, 4, 5, 6];i+o=5@[2, 3, 5, 6, 7];cycle_lens=(1, 7)@56@((0, 2, 4, 7, 6, 1, 5), (3,));foyc=17
perm<3>[59]=(7, 0, 4, 3, 1, 6, 2, 5) #flags_lens=('-1+1~1', (8, 7, 7))@@21@fi=33@li=27;i^o=8@[0, 1, 2, 3, 4, 5, 6, 7];i-o=7@[0, 1, 2, 3, 4, 6, 7];i+o=7@[0, 1, 3, 4, 5, 6, 7];cycle_lens=(1, 7)@57@((0, 7, 5, 6, 2, 4, 1), (3,));foyc=21
perm<3>[60]=(6, 0, 5, 3, 1, 7, 2, 4) #flags_lens=('-1+1~1', (8, 7, 7))@@22@fi=34@li=28;i^o=8@[0, 1, 2, 3, 4, 5, 6, 7];i-o=7@[0, 1, 2, 3, 4, 5, 6];i+o=7@[0, 1, 3, 4, 5, 6, 7];cycle_lens=(1, 7)@58@((0, 6, 2, 5, 7, 4, 1), (3,));foyc=22
perm<3>[61]=(5, 0, 6, 3, 2, 7, 1, 4) #flags_lens=('-1+1~1', (8, 7, 7))@@23@fi=35@li=29;i^o=8@[0, 1, 2, 3, 4, 5, 6, 7];i-o=7@[0, 1, 2, 3, 4, 5, 6];i+o=7@[0, 1, 3, 4, 5, 6, 7];cycle_lens=(1, 7)@59@((0, 5, 7, 4, 2, 6, 1), (3,));foyc=23
perm<3>[62]=(2, 5, 1, 6, 7, 0, 4, 3) #flags_lens=('-0+0~0', (4, 5, 5))@@1@fi=1@li=2;i^o=4@[2, 3, 4, 5];i-o=5@[1, 2, 4, 5, 6];i+o=5@[1, 2, 3, 5, 6];cycle_lens=(4, 4)@2@((0, 2, 1, 5), (3, 6, 4, 7));foyc=1
perm<3>[63]=(6, 0, 1, 7, 5, 3, 2, 4) #flags_lens=('-0+1~0', (4, 5, 5))@@1@fi=1@li=3;i^o=4@[1, 3, 4, 6];i-o=5@[1, 2, 3, 4, 7];i+o=5@[0, 1, 2, 3, 6];cycle_lens=(4, 4)@3@((0, 6, 2, 1), (3, 7, 4, 5));foyc=1
perm<3>[64]=(1, 7, 2, 4, 6, 0, 5, 3) #flags_lens=('-1+1~1', (8, 7, 7))@@24@fi=36@li=30;i^o=8@[0, 1, 2, 3, 4, 5, 6, 7];i-o=7@[0, 1, 2, 4, 5, 6, 7];i+o=7@[0, 1, 2, 3, 4, 5, 7];cycle_lens=(1, 7)@60@((0, 1, 7, 3, 4, 6, 5), (2,));foyc=24
perm<3>[65]=(5, 3, 2, 4, 0, 6, 7, 1) #flags_lens=('-1+1~1', (8, 5, 5))@@12@fi=37@li=30;i^o=8@[0, 1, 2, 3, 4, 5, 6, 7];i-o=5@[0, 3, 4, 6, 7];i+o=5@[0, 3, 4, 5, 7];cycle_lens=(1, 7)@61@((0, 5, 6, 7, 1, 3, 4), (2,));foyc=12
perm<3>[66]=(4, 3, 2, 5, 1, 6, 7, 0) #flags_lens=('-1+1~1', (8, 5, 5))@@13@fi=38@li=31;i^o=8@[0, 1, 2, 3, 4, 5, 6, 7];i-o=5@[0, 3, 4, 6, 7];i+o=5@[0, 3, 4, 5, 7];cycle_lens=(1, 7)@62@((0, 4, 1, 3, 5, 6, 7), (2,));foyc=13
perm<3>[67]=(4, 3, 2, 5, 7, 0, 1, 6) #flags_lens=('-1+1~1', (8, 5, 5))@@14@fi=39@li=32;i^o=8@[0, 1, 2, 3, 4, 5, 6, 7];i-o=5@[0, 1, 4, 5, 6];i+o=5@[0, 3, 4, 5, 7];cycle_lens=(1, 7)@63@((0, 4, 7, 6, 1, 3, 5), (2,));foyc=14
perm<3>[68]=(4, 3, 7, 0, 1, 6, 2, 5) #flags_lens=('-0+1~0', (4, 5, 5))@@2@fi=2@li=4;i^o=4@[2, 3, 4, 5];i-o=5@[2, 3, 4, 6, 7];i+o=5@[0, 1, 3, 4, 5];cycle_lens=(4, 4)@4@((0, 4, 1, 3), (2, 7, 5, 6));foyc=2
perm<3>[69]=(1, 7, 6, 0, 2, 4, 5, 3) #flags_lens=('-0+1~0', (4, 5, 5))@@3@fi=3@li=5;i^o=4@[1, 3, 4, 6];i-o=5@[1, 2, 3, 4, 7];i+o=5@[0, 1, 2, 3, 6];cycle_lens=(4, 4)@5@((0, 1, 7, 3), (2, 6, 5, 4));foyc=3
perm<3>[70]=(1, 6, 2, 5, 7, 0, 4, 3) #flags_lens=('-1+1~1', (8, 7, 7))@@25@fi=40@li=31;i^o=8@[0, 1, 2, 3, 4, 5, 6, 7];i-o=7@[0, 2, 3, 4, 5, 6, 7];i+o=7@[0, 1, 2, 3, 4, 5, 7];cycle_lens=(1, 7)@64@((0, 1, 6, 4, 7, 3, 5), (2,));foyc=25
perm<3>[71]=(1, 4, 2, 7, 6, 3, 5, 0) #flags_lens=('-1+1~1', (8, 7, 7))@@26@fi=41@li=32;i^o=8@[0, 1, 2, 3, 4, 5, 6, 7];i-o=7@[0, 1, 2, 4, 5, 6, 7];i+o=7@[0, 1, 2, 3, 4, 5, 7];cycle_lens=(1, 7)@65@((0, 1, 4, 6, 5, 3, 7), (2,));foyc=26
perm<3>[72]=(3, 4, 6, 1, 0, 7, 5, 2) #flags_lens=('-0+1~0', (4, 5, 5))@@4@fi=4@li=6;i^o=4@[2, 3, 4, 5];i-o=5@[1, 2, 4, 5, 6];i+o=5@[0, 1, 3, 4, 5];cycle_lens=(4, 4)@6@((0, 3, 1, 4), (2, 6, 5, 7));foyc=4
perm<3>[73]=(5, 6, 2, 1, 0, 3, 7, 4) #flags_lens=('-1+1~1', (8, 5, 5))@@15@fi=42@li=33;i^o=8@[0, 1, 2, 3, 4, 5, 6, 7];i-o=5@[0, 2, 3, 4, 7];i+o=5@[0, 3, 4, 5, 7];cycle_lens=(1, 7)@66@((0, 5, 3, 1, 6, 7, 4), (2,));foyc=15
perm<3>[74]=(7, 4, 2, 1, 0, 3, 5, 6) #flags_lens=('-1+1~1', (8, 5, 5))@@16@fi=43@li=34;i^o=8@[0, 1, 2, 3, 4, 5, 6, 7];i-o=5@[0, 1, 2, 4, 5];i+o=5@[0, 3, 4, 5, 7];cycle_lens=(1, 7)@67@((0, 7, 6, 5, 3, 1, 4), (2,));foyc=16
perm<3>[75]=(5, 0, 2, 7, 6, 3, 1, 4) #flags_lens=('-1+1~1', (8, 7, 7))@@27@fi=44@li=33;i^o=8@[0, 1, 2, 3, 4, 5, 6, 7];i-o=7@[0, 1, 2, 3, 4, 5, 6];i+o=7@[0, 1, 2, 3, 4, 5, 7];cycle_lens=(1, 7)@68@((0, 5, 3, 7, 4, 6, 1), (2,));foyc=27
perm<3>[76]=(7, 0, 2, 5, 1, 6, 4, 3) #flags_lens=('-1+1~1', (8, 7, 7))@@28@fi=45@li=34;i^o=8@[0, 1, 2, 3, 4, 5, 6, 7];i-o=7@[0, 1, 2, 3, 4, 6, 7];i+o=7@[0, 1, 2, 3, 4, 5, 7];cycle_lens=(1, 7)@69@((0, 7, 3, 5, 6, 4, 1), (2,));foyc=28
perm<3>[77]=(3, 0, 4, 7, 5, 6, 2, 1) #flags_lens=('-0+1~0', (4, 5, 5))@@5@fi=5@li=7;i^o=4@[1, 3, 4, 6];i-o=5@[1, 4, 5, 6, 7];i+o=5@[0, 1, 2, 3, 6];cycle_lens=(4, 4)@7@((0, 3, 7, 1), (2, 4, 5, 6));foyc=5
perm<3>[78]=(4, 7, 2, 1, 3, 0, 5, 6) #flags_lens=('-1+1~1', (8, 5, 5))@@17@fi=46@li=35;i^o=8@[0, 1, 2, 3, 4, 5, 6, 7];i-o=5@[0, 1, 2, 4, 5];i+o=5@[0, 3, 4, 5, 7];cycle_lens=(1, 7)@70@((0, 4, 3, 1, 7, 6, 5), (2,));foyc=17
perm<3>[79]=(5, 0, 2, 7, 3, 6, 4, 1) #flags_lens=('-1+1~1', (8, 7, 7))@@29@fi=47@li=35;i^o=8@[0, 1, 2, 3, 4, 5, 6, 7];i-o=7@[0, 1, 2, 3, 4, 6, 7];i+o=7@[0, 1, 2, 3, 4, 5, 7];cycle_lens=(1, 7)@71@((0, 5, 6, 4, 3, 7, 1), (2,));foyc=29
perm<3>[80]=(1, 4, 7, 2, 6, 3, 0, 5) #flags_lens=('-0+1~0', (4, 6, 6))@@0@fi=6@li=0;i^o=4@[1, 2, 5, 6];i-o=6@[1, 2, 3, 5, 6, 7];i+o=6@[0, 1, 2, 4, 5, 6];cycle_lens=(4, 4)@8@((0, 1, 4, 6), (2, 7, 5, 3));foyc=0
perm<3>[81]=(6, 0, 3, 5, 1, 7, 4, 2) #flags_lens=('-0+1~0', (4, 6, 6))@@1@fi=7@li=1;i^o=4@[1, 2, 5, 6];i-o=6@[1, 2, 3, 5, 6, 7];i+o=6@[0, 1, 2, 4, 5, 6];cycle_lens=(4, 4)@9@((0, 6, 4, 1), (2, 3, 5, 7));foyc=1
perm<3>[82]=(5, 0, 3, 6, 2, 7, 4, 1) #flags_lens=('-0+1~0', (4, 6, 6))@@2@fi=8@li=2;i^o=4@[1, 2, 5, 6];i-o=6@[1, 2, 3, 5, 6, 7];i+o=6@[0, 1, 2, 4, 5, 6];cycle_lens=(4, 4)@10@((0, 5, 7, 1), (2, 3, 6, 4));foyc=2
perm<3>[83]=(1, 7, 4, 2, 6, 0, 3, 5) #flags_lens=('-0+1~0', (4, 6, 6))@@3@fi=9@li=3;i^o=4@[1, 2, 5, 6];i-o=6@[1, 2, 3, 5, 6, 7];i+o=6@[0, 1, 2, 4, 5, 6];cycle_lens=(4, 4)@11@((0, 1, 7, 5), (2, 4, 6, 3));foyc=3
perm<3>[84]=(1, 6, 4, 3, 2, 5, 7, 0) #flags_lens=('-1+0~1', (4, 5, 5))@@0@fi=24@li=8;i^o=4@[0, 1, 6, 7];i-o=5@[0, 2, 3, 6, 7];i+o=5@[1, 2, 5, 6, 7];cycle_lens=(1, 1, 2, 4)@0@((0, 1, 6, 7), (2, 4), (3,), (5,));foyc=0
perm<3>[85]=(7, 0, 4, 3, 2, 5, 1, 6) #flags_lens=('-1+0~1', (4, 5, 5))@@1@fi=25@li=9;i^o=4@[0, 1, 6, 7];i-o=5@[0, 1, 2, 5, 6];i+o=5@[1, 2, 5, 6, 7];cycle_lens=(1, 1, 2, 4)@1@((0, 7, 6, 1), (2, 4), (3,), (5,));foyc=1
perm<3>[86]=(1, 6, 2, 5, 4, 3, 7, 0) #flags_lens=('-1+1~1', (4, 5, 5))@@0@fi=48@li=10;i^o=4@[0, 1, 6, 7];i-o=5@[0, 2, 3, 6, 7];i+o=5@[0, 1, 4, 5, 7];cycle_lens=(1, 1, 2, 4)@2@((0, 1, 6, 7), (2,), (3, 5), (4,));foyc=0
perm<3>[87]=(7, 0, 2, 5, 4, 3, 1, 6) #flags_lens=('-1+1~1', (4, 5, 5))@@1@fi=49@li=11;i^o=4@[0, 1, 6, 7];i-o=5@[0, 1, 2, 5, 6];i+o=5@[0, 1, 4, 5, 7];cycle_lens=(1, 1, 2, 4)@3@((0, 7, 6, 1), (2,), (3, 5), (4,));foyc=1
perm<3>[88]=(2, 1, 7, 4, 5, 6, 0, 3) #flags_lens=('-1+0~1', (8, 5, 5))@@18@fi=26@li=36;i^o=8@[0, 1, 2, 3, 4, 5, 6, 7];i-o=5@[0, 3, 4, 6, 7];i+o=5@[1, 2, 3, 6, 7];cycle_lens=(1, 7)@72@((0, 2, 7, 3, 4, 5, 6), (1,));foyc=18
perm<3>[89]=(6, 1, 3, 4, 0, 7, 5, 2) #flags_lens=('-1+0~1', (8, 7, 7))@@6@fi=27@li=36;i^o=8@[0, 1, 2, 3, 4, 5, 6, 7];i-o=7@[0, 1, 2, 4, 5, 6, 7];i+o=7@[1, 2, 3, 4, 5, 6, 7];cycle_lens=(1, 7)@73@((0, 6, 5, 7, 2, 3, 4), (1,));foyc=6
perm<3>[90]=(2, 5, 7, 0, 1, 6, 4, 3) #flags_lens=('-0+0~0', (4, 5, 5))@@2@fi=2@li=12;i^o=4@[2, 3, 4, 5];i-o=5@[2, 3, 4, 6, 7];i+o=5@[1, 2, 3, 5, 6];cycle_lens=(4, 4)@12@((0, 2, 7, 3), (1, 5, 6, 4));foyc=2
perm<3>[91]=(4, 1, 3, 6, 2, 7, 5, 0) #flags_lens=('-1+0~1', (8, 7, 7))@@7@fi=28@li=37;i^o=8@[0, 1, 2, 3, 4, 5, 6, 7];i-o=7@[0, 1, 2, 4, 5, 6, 7];i+o=7@[1, 2, 3, 4, 5, 6, 7];cycle_lens=(1, 7)@74@((0, 4, 2, 3, 6, 5, 7), (1,));foyc=7
perm<3>[92]=(4, 7, 3, 0, 2, 1, 5, 6) #flags_lens=('-0+1~0', (4, 5, 5))@@6@fi=10@li=13;i^o=4@[1, 3, 4, 6];i-o=5@[1, 2, 3, 4, 7];i+o=5@[0, 3, 4, 5, 6];cycle_lens=(4, 4)@13@((0, 4, 2, 3), (1, 7, 6, 5));foyc=6
perm<3>[93]=(4, 1, 3, 6, 7, 2, 0, 5) #flags_lens=('-1+0~1', (8, 7, 7))@@8@fi=29@li=38;i^o=8@[0, 1, 2, 3, 4, 5, 6, 7];i-o=7@[0, 2, 3, 4, 5, 6, 7];i+o=7@[1, 2, 3, 4, 5, 6, 7];cycle_lens=(1, 7)@75@((0, 4, 7, 5, 2, 3, 6), (1,));foyc=8
perm<3>[94]=(2, 1, 4, 7, 5, 6, 3, 0) #flags_lens=('-1+0~1', (8, 5, 5))@@19@fi=30@li=37;i^o=8@[0, 1, 2, 3, 4, 5, 6, 7];i-o=5@[0, 3, 4, 6, 7];i+o=5@[1, 2, 3, 6, 7];cycle_lens=(1, 7)@76@((0, 2, 4, 5, 6, 3, 7), (1,));foyc=19
perm<3>[95]=(2, 1, 5, 6, 7, 4, 0, 3) #flags_lens=('-1+0~1', (8, 5, 5))@@20@fi=31@li=38;i^o=8@[0, 1, 2, 3, 4, 5, 6, 7];i-o=5@[0, 1, 4, 5, 6];i+o=5@[1, 2, 3, 6, 7];cycle_lens=(1, 7)@77@((0, 2, 5, 4, 7, 3, 6), (1,));foyc=20
perm<3>[96]=(2, 7, 4, 1, 5, 0, 3, 6) #flags_lens=('-0+1~0', (4, 6, 6))@@4@fi=11@li=4;i^o=4@[1, 2, 5, 6];i-o=6@[1, 2, 3, 5, 6, 7];i+o=6@[0, 1, 2, 4, 5, 6];cycle_lens=(4, 4)@14@((0, 2, 4, 5), (1, 7, 6, 3));foyc=4
perm<3>[97]=(6, 3, 0, 5, 1, 4, 7, 2) #flags_lens=('-0+1~0', (4, 6, 6))@@5@fi=12@li=5;i^o=4@[1, 2, 5, 6];i-o=6@[1, 2, 3, 5, 6, 7];i+o=6@[0, 1, 2, 4, 5, 6];cycle_lens=(4, 4)@15@((0, 6, 7, 2), (1, 3, 5, 4));foyc=5
perm<3>[98]=(5, 3, 0, 6, 2, 4, 7, 1) #flags_lens=('-0+1~0', (4, 6, 6))@@6@fi=13@li=6;i^o=4@[1, 2, 5, 6];i-o=6@[1, 2, 3, 5, 6, 7];i+o=6@[0, 1, 2, 4, 5, 6];cycle_lens=(4, 4)@16@((0, 5, 4, 2), (1, 3, 6, 7));foyc=6
perm<3>[99]=(2, 4, 7, 1, 5, 3, 0, 6) #flags_lens=('-0+1~0', (4, 6, 6))@@7@fi=14@li=7;i^o=4@[1, 2, 5, 6];i-o=6@[1, 2, 3, 5, 6, 7];i+o=6@[0, 1, 2, 4, 5, 6];cycle_lens=(4, 4)@17@((0, 2, 7, 6), (1, 4, 5, 3));foyc=7
perm<3>[100]=(3, 5, 4, 2, 0, 6, 7, 1) #flags_lens=('-0+1~0', (4, 5, 5))@@7@fi=15@li=14;i^o=4@[1, 3, 4, 6];i-o=5@[1, 4, 5, 6, 7];i+o=5@[0, 3, 4, 5, 6];cycle_lens=(4, 4)@18@((0, 3, 2, 4), (1, 5, 6, 7));foyc=7
perm<3>[101]=(7, 1, 4, 2, 0, 6, 3, 5) #flags_lens=('-1+0~1', (8, 7, 7))@@9@fi=32@li=39;i^o=8@[0, 1, 2, 3, 4, 5, 6, 7];i-o=7@[0, 1, 2, 3, 4, 6, 7];i+o=7@[1, 2, 3, 4, 5, 6, 7];cycle_lens=(1, 7)@78@((0, 7, 5, 6, 3, 2, 4), (1,));foyc=9
perm<3>[102]=(6, 1, 5, 2, 0, 7, 3, 4) #flags_lens=('-1+0~1', (8, 7, 7))@@10@fi=33@li=40;i^o=8@[0, 1, 2, 3, 4, 5, 6, 7];i-o=7@[0, 1, 2, 3, 4, 5, 6];i+o=7@[1, 2, 3, 4, 5, 6, 7];cycle_lens=(1, 7)@79@((0, 6, 3, 2, 5, 7, 4), (1,));foyc=10
perm<3>[103]=(3, 4, 0, 7, 6, 1, 5, 2) #flags_lens=('-0+0~0', (4, 5, 5))@@3@fi=3@li=15;i^o=4@[2, 3, 4, 5];i-o=5@[1, 2, 4, 5, 6];i+o=5@[1, 2, 3, 5, 6];cycle_lens=(4, 4)@19@((0, 3, 7, 2), (1, 4, 6, 5));foyc=3
perm<3>[104]=(6, 1, 0, 7, 5, 2, 3, 4) #flags_lens=('-1+0~1', (8, 5, 5))@@21@fi=34@li=39;i^o=8@[0, 1, 2, 3, 4, 5, 6, 7];i-o=5@[0, 2, 3, 4, 7];i+o=5@[1, 2, 3, 6, 7];cycle_lens=(1, 7)@80@((0, 6, 3, 7, 4, 5, 2), (1,));foyc=21
perm<3>[105]=(7, 1, 0, 6, 2, 4, 5, 3) #flags_lens=('-1+0~1', (8, 5, 5))@@22@fi=35@li=40;i^o=8@[0, 1, 2, 3, 4, 5, 6, 7];i-o=5@[0, 1, 2, 4, 5];i+o=5@[1, 2, 3, 6, 7];cycle_lens=(1, 7)@81@((0, 7, 3, 6, 5, 4, 2), (1,));foyc=22
perm<3>[106]=(4, 1, 7, 2, 3, 6, 0, 5) #flags_lens=('-1+0~1', (8, 7, 7))@@11@fi=36@li=41;i^o=8@[0, 1, 2, 3, 4, 5, 6, 7];i-o=7@[0, 1, 2, 3, 4, 6, 7];i+o=7@[1, 2, 3, 4, 5, 6, 7];cycle_lens=(1, 7)@82@((0, 4, 3, 2, 7, 5, 6), (1,));foyc=11
perm<3>[107]=(6, 1, 0, 7, 3, 4, 5, 2) #flags_lens=('-1+0~1', (8, 5, 5))@@23@fi=37@li=41;i^o=8@[0, 1, 2, 3, 4, 5, 6, 7];i-o=5@[0, 1, 2, 4, 5];i+o=5@[1, 2, 3, 6, 7];cycle_lens=(1, 7)@83@((0, 6, 5, 4, 3, 7, 2), (1,));foyc=23
perm<3>[108]=(2, 4, 5, 3, 1, 7, 6, 0) #flags_lens=('-1+0~1', (4, 5, 5))@@2@fi=38@li=16;i^o=4@[0, 2, 5, 7];i-o=5@[0, 3, 5, 6, 7];i+o=5@[2, 4, 5, 6, 7];cycle_lens=(1, 1, 2, 4)@4@((0, 2, 5, 7), (1, 4), (3,), (6,));foyc=2
perm<3>[109]=(7, 4, 0, 3, 1, 2, 6, 5) #flags_lens=('-1+0~1', (4, 5, 5))@@3@fi=39@li=17;i^o=4@[0, 2, 5, 7];i-o=5@[0, 1, 2, 3, 5];i+o=5@[2, 4, 5, 6, 7];cycle_lens=(1, 1, 2, 4)@5@((0, 7, 5, 2), (1, 4), (3,), (6,));foyc=3
perm<3>[110]=(2, 1, 5, 6, 4, 7, 3, 0) #flags_lens=('-1+1~1', (4, 5, 5))@@2@fi=50@li=18;i^o=4@[0, 2, 5, 7];i-o=5@[0, 3, 5, 6, 7];i+o=5@[0, 1, 2, 4, 7];cycle_lens=(1, 1, 2, 4)@6@((0, 2, 5, 7), (1,), (3, 6), (4,));foyc=2
perm<3>[111]=(7, 1, 0, 6, 4, 2, 3, 5) #flags_lens=('-1+1~1', (4, 5, 5))@@3@fi=51@li=19;i^o=4@[0, 2, 5, 7];i-o=5@[0, 1, 2, 3, 5];i+o=5@[0, 1, 2, 4, 7];cycle_lens=(1, 1, 2, 4)@7@((0, 7, 5, 2), (1,), (3, 6), (4,));foyc=3
perm<3>[112]=(7, 2, 1, 4, 0, 5, 6, 3) #flags_lens=('-1+0~1', (4, 4, 4))@@0@fi=40@li=0;i^o=4@[0, 3, 4, 7];i-o=4@[0, 1, 4, 7];i+o=4@[2, 3, 4, 7];cycle_lens=(1, 1, 2, 4)@8@((0, 7, 3, 4), (1, 2), (5,), (6,));foyc=0
perm<3>[113]=(4, 2, 1, 7, 3, 5, 6, 0) #flags_lens=('-1+0~1', (4, 4, 4))@@1@fi=41@li=1;i^o=4@[0, 3, 4, 7];i-o=4@[0, 1, 4, 7];i+o=4@[2, 3, 4, 7];cycle_lens=(1, 1, 2, 4)@9@((0, 4, 3, 7), (1, 2), (5,), (6,));foyc=1
perm<3>[114]=(3, 6, 5, 0, 4, 1, 2, 7) #flags_lens=('-1+1~1', (4, 4, 4))@@0@fi=52@li=2;i^o=4@[0, 3, 4, 7];i-o=4@[0, 3, 4, 5];i+o=4@[0, 3, 6, 7];cycle_lens=(1, 1, 2, 4)@10@((0, 3), (1, 6, 2, 5), (4,), (7,));foyc=0
perm<3>[115]=(3, 5, 6, 0, 4, 2, 1, 7) #flags_lens=('-1+1~1', (4, 4, 4))@@1@fi=53@li=3;i^o=4@[0, 3, 4, 7];i-o=4@[0, 3, 4, 5];i+o=4@[0, 3, 6, 7];cycle_lens=(1, 1, 2, 4)@11@((0, 3), (1, 5, 2, 6), (4,), (7,));foyc=1
perm<3>[116]=(4, 2, 3, 5, 7, 1, 0, 6) #flags_lens=('-0+1~0', (4, 5, 5))@@8@fi=16@li=20;i^o=4@[1, 3, 4, 6];i-o=5@[1, 4, 5, 6, 7];i+o=5@[0, 3, 4, 5, 6];cycle_lens=(4, 4)@20@((0, 4, 7, 6), (1, 2, 3, 5));foyc=8
perm<3>[117]=(5, 2, 6, 1, 0, 7, 3, 4) #flags_lens=('-0+1~0', (4, 5, 5))@@9@fi=17@li=21;i^o=4@[2, 3, 4, 5];i-o=5@[2, 3, 4, 6, 7];i+o=5@[0, 1, 3, 4, 5];cycle_lens=(4, 4)@21@((0, 5, 7, 4), (1, 2, 6, 3));foyc=9
perm<3>[118]=(0, 7, 3, 4, 6, 1, 5, 2) #flags_lens=('-1+1~1', (8, 7, 7))@@30@fi=54@li=42;i^o=8@[0, 1, 2, 3, 4, 5, 6, 7];i-o=7@[0, 1, 2, 4, 5, 6, 7];i+o=7@[0, 1, 2, 3, 5, 6, 7];cycle_lens=(1, 7)@84@((0,), (1, 7, 2, 3, 4, 6, 5));foyc=30
perm<3>[119]=(0, 5, 3, 6, 7, 2, 4, 1) #flags_lens=('-1+1~1', (8, 7, 7))@@31@fi=55@li=43;i^o=8@[0, 1, 2, 3, 4, 5, 6, 7];i-o=7@[0, 2, 3, 4, 5, 6, 7];i+o=7@[0, 1, 2, 3, 5, 6, 7];cycle_lens=(1, 7)@85@((0,), (1, 5, 2, 3, 6, 4, 7));foyc=31
perm<3>[120]=(0, 6, 3, 5, 7, 1, 4, 2) #flags_lens=('-1+1~1', (8, 7, 7))@@32@fi=56@li=44;i^o=8@[0, 1, 2, 3, 4, 5, 6, 7];i-o=7@[0, 2, 3, 4, 5, 6, 7];i+o=7@[0, 1, 2, 3, 5, 6, 7];cycle_lens=(1, 7)@86@((0,), (1, 6, 4, 7, 2, 3, 5));foyc=32
perm<3>[121]=(0, 7, 6, 1, 5, 2, 3, 4) #flags_lens=('-1+1~1', (8, 5, 5))@@18@fi=57@li=42;i^o=8@[0, 1, 2, 3, 4, 5, 6, 7];i-o=5@[0, 2, 3, 4, 7];i+o=5@[0, 1, 3, 4, 7];cycle_lens=(1, 7)@87@((0,), (1, 7, 4, 5, 2, 6, 3));foyc=18
perm<3>[122]=(0, 6, 7, 1, 5, 3, 2, 4) #flags_lens=('-1+1~1', (8, 5, 5))@@19@fi=58@li=43;i^o=8@[0, 1, 2, 3, 4, 5, 6, 7];i-o=5@[0, 2, 3, 4, 7];i+o=5@[0, 1, 3, 4, 7];cycle_lens=(1, 7)@88@((0,), (1, 6, 2, 7, 4, 5, 3));foyc=19
perm<3>[123]=(0, 7, 6, 1, 3, 4, 5, 2) #flags_lens=('-1+1~1', (8, 5, 5))@@20@fi=59@li=44;i^o=8@[0, 1, 2, 3, 4, 5, 6, 7];i-o=5@[0, 1, 2, 4, 5];i+o=5@[0, 1, 3, 4, 7];cycle_lens=(1, 7)@89@((0,), (1, 7, 2, 6, 5, 4, 3));foyc=20
perm<3>[124]=(4, 3, 1, 6, 7, 0, 2, 5) #flags_lens=('-0+1~0', (4, 5, 5))@@10@fi=18@li=22;i^o=4@[2, 3, 4, 5];i-o=5@[1, 2, 4, 5, 6];i+o=5@[0, 1, 3, 4, 5];cycle_lens=(4, 4)@22@((0, 4, 7, 5), (1, 3, 6, 2));foyc=10
perm<3>[125]=(6, 5, 1, 2, 0, 3, 7, 4) #flags_lens=('-0+1~0', (4, 5, 5))@@11@fi=19@li=23;i^o=4@[1, 3, 4, 6];i-o=5@[1, 2, 3, 4, 7];i+o=5@[0, 3, 4, 5, 6];cycle_lens=(4, 4)@23@((0, 6, 7, 4), (1, 5, 3, 2));foyc=11
perm<3>[126]=(0, 5, 7, 2, 6, 3, 1, 4) #flags_lens=('-1+1~1', (8, 7, 7))@@33@fi=60@li=45;i^o=8@[0, 1, 2, 3, 4, 5, 6, 7];i-o=7@[0, 1, 2, 3, 4, 5, 6];i+o=7@[0, 1, 2, 3, 5, 6, 7];cycle_lens=(1, 7)@90@((0,), (1, 5, 3, 2, 7, 4, 6));foyc=33
perm<3>[127]=(0, 3, 5, 6, 7, 4, 2, 1) #flags_lens=('-1+1~1', (8, 5, 5))@@21@fi=61@li=45;i^o=8@[0, 1, 2, 3, 4, 5, 6, 7];i-o=5@[0, 1, 4, 5, 6];i+o=5@[0, 1, 3, 4, 7];cycle_lens=(1, 7)@91@((0,), (1, 3, 6, 2, 5, 4, 7));foyc=21
perm<3>[128]=(0, 3, 7, 4, 5, 6, 2, 1) #flags_lens=('-1+1~1', (8, 5, 5))@@22@fi=62@li=46;i^o=8@[0, 1, 2, 3, 4, 5, 6, 7];i-o=5@[0, 3, 4, 6, 7];i+o=5@[0, 1, 3, 4, 7];cycle_lens=(1, 7)@92@((0,), (1, 3, 4, 5, 6, 2, 7));foyc=22
perm<3>[129]=(0, 3, 6, 5, 7, 4, 1, 2) #flags_lens=('-1+1~1', (8, 5, 5))@@23@fi=63@li=47;i^o=8@[0, 1, 2, 3, 4, 5, 6, 7];i-o=5@[0, 1, 4, 5, 6];i+o=5@[0, 1, 3, 4, 7];cycle_lens=(1, 7)@93@((0,), (1, 3, 5, 4, 7, 2, 6));foyc=23
perm<3>[130]=(0, 7, 5, 2, 6, 1, 3, 4) #flags_lens=('-1+1~1', (8, 7, 7))@@34@fi=64@li=46;i^o=8@[0, 1, 2, 3, 4, 5, 6, 7];i-o=7@[0, 1, 2, 3, 4, 5, 6];i+o=7@[0, 1, 2, 3, 5, 6, 7];cycle_lens=(1, 7)@94@((0,), (1, 7, 4, 6, 3, 2, 5));foyc=34
perm<3>[131]=(0, 5, 7, 2, 3, 6, 4, 1) #flags_lens=('-1+1~1', (8, 7, 7))@@35@fi=65@li=47;i^o=8@[0, 1, 2, 3, 4, 5, 6, 7];i-o=7@[0, 1, 2, 3, 4, 6, 7];i+o=7@[0, 1, 2, 3, 5, 6, 7];cycle_lens=(1, 7)@95@((0,), (1, 5, 6, 4, 3, 2, 7));foyc=35
perm<3>[132]=(0, 6, 5, 3, 7, 1, 2, 4) #flags_lens=('-1+1~1', (4, 4, 4))@@2@fi=66@li=4;i^o=4@[0, 3, 4, 7];i-o=4@[0, 3, 4, 5];i+o=4@[0, 3, 6, 7];cycle_lens=(1, 1, 2, 4)@12@((0,), (1, 6, 2, 5), (3,), (4, 7));foyc=2
perm<3>[133]=(0, 5, 6, 3, 7, 2, 1, 4) #flags_lens=('-1+1~1', (4, 4, 4))@@3@fi=67@li=5;i^o=4@[0, 3, 4, 7];i-o=4@[0, 3, 4, 5];i+o=4@[0, 3, 6, 7];cycle_lens=(1, 1, 2, 4)@13@((0,), (1, 5, 2, 6), (3,), (4, 7));foyc=3
perm<3>[134]=(7, 1, 2, 4, 0, 6, 5, 3) #flags_lens=('-1+0~1', (4, 4, 4))@@2@fi=42@li=6;i^o=4@[0, 3, 4, 7];i-o=4@[0, 1, 4, 7];i+o=4@[2, 3, 4, 7];cycle_lens=(1, 1, 2, 4)@14@((0, 7, 3, 4), (1,), (2,), (5, 6));foyc=2
perm<3>[135]=(4, 1, 2, 7, 3, 6, 5, 0) #flags_lens=('-1+0~1', (4, 4, 4))@@3@fi=43@li=7;i^o=4@[0, 3, 4, 7];i-o=4@[0, 1, 4, 7];i+o=4@[2, 3, 4, 7];cycle_lens=(1, 1, 2, 4)@15@((0, 4, 3, 7), (1,), (2,), (5, 6));foyc=3
perm<3>[136]=(5, 3, 2, 4, 6, 0, 1, 7) #flags_lens=('-1+0~1', (4, 5, 5))@@4@fi=44@li=24;i^o=4@[0, 2, 5, 7];i-o=5@[0, 3, 5, 6, 7];i+o=5@[2, 4, 5, 6, 7];cycle_lens=(1, 1, 2, 4)@16@((0, 5), (1, 3, 4, 6), (2,), (7,));foyc=4
perm<3>[137]=(0, 3, 7, 4, 6, 5, 1, 2) #flags_lens=('-1+1~1', (4, 5, 5))@@4@fi=68@li=25;i^o=4@[0, 2, 5, 7];i-o=5@[0, 3, 5, 6, 7];i+o=5@[0, 1, 2, 4, 7];cycle_lens=(1, 1, 2, 4)@17@((0,), (1, 3, 4, 6), (2, 7), (5,));foyc=4
perm<3>[138]=(5, 6, 2, 1, 3, 0, 4, 7) #flags_lens=('-1+0~1', (4, 5, 5))@@5@fi=45@li=26;i^o=4@[0, 2, 5, 7];i-o=5@[0, 1, 2, 3, 5];i+o=5@[2, 4, 5, 6, 7];cycle_lens=(1, 1, 2, 4)@18@((0, 5), (1, 6, 4, 3), (2,), (7,));foyc=5
perm<3>[139]=(0, 6, 7, 1, 3, 5, 4, 2) #flags_lens=('-1+1~1', (4, 5, 5))@@5@fi=69@li=27;i^o=4@[0, 2, 5, 7];i-o=5@[0, 1, 2, 3, 5];i+o=5@[0, 1, 2, 4, 7];cycle_lens=(1, 1, 2, 4)@19@((0,), (1, 6, 4, 3), (2, 7), (5,));foyc=5
perm<3>[140]=(6, 1, 3, 4, 5, 2, 0, 7) #flags_lens=('-1+0~1', (4, 5, 5))@@6@fi=46@li=28;i^o=4@[0, 1, 6, 7];i-o=5@[0, 2, 3, 6, 7];i+o=5@[1, 2, 5, 6, 7];cycle_lens=(1, 1, 2, 4)@20@((0, 6), (1,), (2, 3, 4, 5), (7,));foyc=6
perm<3>[141]=(0, 7, 3, 4, 5, 2, 6, 1) #flags_lens=('-1+1~1', (4, 5, 5))@@6@fi=70@li=29;i^o=4@[0, 1, 6, 7];i-o=5@[0, 2, 3, 6, 7];i+o=5@[0, 1, 4, 5, 7];cycle_lens=(1, 1, 2, 4)@21@((0,), (1, 7), (2, 3, 4, 5), (6,));foyc=6
perm<3>[142]=(6, 1, 5, 2, 3, 4, 0, 7) #flags_lens=('-1+0~1', (4, 5, 5))@@7@fi=47@li=30;i^o=4@[0, 1, 6, 7];i-o=5@[0, 1, 2, 5, 6];i+o=5@[1, 2, 5, 6, 7];cycle_lens=(1, 1, 2, 4)@22@((0, 6), (1,), (2, 5, 4, 3), (7,));foyc=7
perm<3>[143]=(0, 7, 5, 2, 3, 4, 6, 1) #flags_lens=('-1+1~1', (4, 5, 5))@@7@fi=71@li=31;i^o=4@[0, 1, 6, 7];i-o=5@[0, 1, 2, 5, 6];i+o=5@[0, 1, 4, 5, 7];cycle_lens=(1, 1, 2, 4)@23@((0,), (1, 7), (2, 5, 4, 3), (6,));foyc=7
lens2c<3>=[((4, 4, 4), 8), ((4, 5, 5), 32), ((4, 6, 6), 8), ((8, 5, 5), 48), ((8, 7, 7), 48)]
flags2c<3>=[('-0+0~0', 4), ('-0+1~0', 20), ('-1+0~1', 48), ('-1+1~1', 72)]
flags_lens2c<3>=[(('-0+0~0', (4, 5, 5)), 4), (('-0+1~0', (4, 5, 5)), 12), (('-0+1~0', (4, 6, 6)), 8), (('-1+0~1', (4, 4, 4)), 4), (('-1+0~1', (4, 5, 5)), 8), (('-1+0~1', (8, 5, 5)), 24), (('-1+0~1', (8, 7, 7)), 12), (('-1+1~1', (4, 4, 4)), 4), (('-1+1~1', (4, 5, 5)), 8), (('-1+1~1', (8, 5, 5)), 24), (('-1+1~1', (8, 7, 7)), 36)]
cycle_lens2c<3>=[((1, 1, 2, 4), 24), ((1, 7), 96), ((4, 4), 24)]
flags_oplens_cclens2c<3>=[(('-0+0~0', (4, 5, 5), (4, 4)), 4), (('-0+1~0', (4, 5, 5), (4, 4)), 12), (('-0+1~0', (4, 6, 6), (4, 4)), 8), (('-1+0~1', (4, 4, 4), (1, 1, 2, 4)), 4), (('-1+0~1', (4, 5, 5), (1, 1, 2, 4)), 8), (('-1+0~1', (8, 5, 5), (1, 7)), 24), (('-1+0~1', (8, 7, 7), (1, 7)), 12), (('-1+1~1', (4, 4, 4), (1, 1, 2, 4)), 4), (('-1+1~1', (4, 5, 5), (1, 1, 2, 4)), 8), (('-1+1~1', (8, 5, 5), (1, 7)), 24), (('-1+1~1', (8, 7, 7), (1, 7)), 36)]
