n=2:
None
n=3:
perm<3>[0]=(5, 2, 3, 4, 6, 1, 0, 7)
perm<3>[1]=(5, 2, 3, 4, 0, 7, 6, 1)
perm<3>[2]=(1, 2, 7, 4, 6, 5, 0, 3)
perm<3>[3]=(4, 2, 3, 5, 1, 7, 6, 0)
perm<3>[4]=(6, 5, 3, 0, 1, 2, 4, 7)
perm<3>[5]=(4, 7, 3, 0, 1, 2, 6, 5)
perm<3>[6]=(5, 6, 3, 0, 2, 1, 4, 7)
perm<3>[7]=(1, 6, 7, 0, 2, 5, 4, 3)
perm<3>[8]=(1, 2, 4, 7, 6, 5, 3, 0)
perm<3>[9]=(1, 2, 6, 5, 4, 7, 3, 0)
perm<3>[10]=(1, 7, 6, 0, 4, 2, 3, 5)
perm<3>[11]=(1, 6, 7, 0, 4, 3, 2, 5)
perm<3>[12]=(3, 6, 4, 1, 5, 0, 2, 7)
perm<3>[13]=(3, 6, 4, 1, 0, 5, 7, 2)
perm<3>[14]=(7, 2, 4, 1, 0, 5, 3, 6)
perm<3>[15]=(7, 2, 0, 5, 1, 4, 6, 3)
perm<3>[16]=(3, 4, 6, 1, 5, 2, 0, 7)
perm<3>[17]=(3, 4, 0, 7, 5, 2, 6, 1)
perm<3>[18]=(5, 2, 6, 1, 3, 4, 0, 7)
perm<3>[19]=(5, 2, 0, 7, 3, 4, 6, 1)
perm<3>[20]=(4, 2, 7, 1, 3, 5, 0, 6)
perm<3>[21]=(3, 6, 0, 5, 4, 1, 7, 2)
perm<3>[22]=(7, 2, 0, 5, 4, 1, 3, 6)
perm<3>[23]=(3, 5, 0, 6, 4, 2, 7, 1)
perm<3>[24]=(1, 6, 4, 3, 7, 0, 2, 5)
perm<3>[25]=(6, 5, 0, 3, 1, 2, 7, 4)
perm<3>[26]=(1, 4, 6, 3, 2, 7, 5, 0)
perm<3>[27]=(5, 6, 0, 3, 2, 1, 7, 4)
perm<3>[28]=(7, 4, 0, 3, 2, 1, 5, 6)
perm<3>[29]=(1, 4, 6, 3, 7, 2, 0, 5)
perm<3>[30]=(5, 2, 0, 7, 6, 1, 3, 4)
perm<3>[31]=(1, 2, 6, 5, 7, 4, 0, 3)
perm<3>[32]=(6, 3, 1, 4, 5, 0, 2, 7)
perm<3>[33]=(2, 7, 1, 4, 5, 0, 6, 3)
perm<3>[34]=(6, 3, 1, 4, 0, 5, 7, 2)
perm<3>[35]=(6, 3, 5, 0, 1, 4, 2, 7)
perm<3>[36]=(2, 7, 5, 0, 1, 4, 6, 3)
perm<3>[37]=(5, 3, 6, 0, 2, 4, 1, 7)
perm<3>[38]=(4, 3, 1, 6, 2, 5, 7, 0)
perm<3>[39]=(4, 3, 7, 0, 2, 5, 1, 6)
perm<3>[40]=(2, 4, 1, 7, 5, 3, 6, 0)
perm<3>[41]=(2, 7, 5, 0, 4, 1, 3, 6)
perm<3>[42]=(2, 5, 1, 6, 4, 3, 7, 0)
perm<3>[43]=(2, 5, 7, 0, 4, 3, 1, 6)
perm<3>[44]=(3, 4, 5, 2, 6, 1, 0, 7)
perm<3>[45]=(3, 4, 5, 2, 0, 7, 6, 1)
perm<3>[46]=(7, 4, 1, 2, 0, 3, 6, 5)
perm<3>[47]=(3, 5, 4, 2, 6, 0, 1, 7)
perm<3>[48]=(3, 0, 4, 7, 6, 5, 1, 2)
perm<3>[49]=(7, 0, 1, 6, 2, 5, 4, 3)
perm<3>[50]=(6, 5, 1, 2, 3, 0, 4, 7)
perm<3>[51]=(4, 7, 1, 2, 3, 0, 6, 5)
perm<3>[52]=(6, 0, 1, 7, 3, 5, 4, 2)
perm<3>[53]=(3, 0, 5, 6, 4, 7, 2, 1)
perm<3>[54]=(3, 0, 6, 5, 4, 7, 1, 2)
perm<3>[55]=(7, 0, 1, 6, 4, 3, 2, 5)
perm<3>[56]=(2, 4, 5, 3, 7, 1, 0, 6)
perm<3>[57]=(2, 5, 4, 3, 1, 6, 7, 0)
perm<3>[58]=(2, 5, 4, 3, 7, 0, 1, 6)
perm<3>[59]=(7, 0, 4, 3, 1, 6, 2, 5)
perm<3>[60]=(6, 0, 5, 3, 1, 7, 2, 4)
perm<3>[61]=(5, 0, 6, 3, 2, 7, 1, 4)
perm<3>[62]=(2, 5, 1, 6, 7, 0, 4, 3)
perm<3>[63]=(6, 0, 1, 7, 5, 3, 2, 4)
perm<3>[64]=(1, 7, 2, 4, 6, 0, 5, 3)
perm<3>[65]=(5, 3, 2, 4, 0, 6, 7, 1)
perm<3>[66]=(4, 3, 2, 5, 1, 6, 7, 0)
perm<3>[67]=(4, 3, 2, 5, 7, 0, 1, 6)
perm<3>[68]=(4, 3, 7, 0, 1, 6, 2, 5)
perm<3>[69]=(1, 7, 6, 0, 2, 4, 5, 3)
perm<3>[70]=(1, 6, 2, 5, 7, 0, 4, 3)
perm<3>[71]=(1, 4, 2, 7, 6, 3, 5, 0)
perm<3>[72]=(3, 4, 6, 1, 0, 7, 5, 2)
perm<3>[73]=(5, 6, 2, 1, 0, 3, 7, 4)
perm<3>[74]=(7, 4, 2, 1, 0, 3, 5, 6)
perm<3>[75]=(5, 0, 2, 7, 6, 3, 1, 4)
perm<3>[76]=(7, 0, 2, 5, 1, 6, 4, 3)
perm<3>[77]=(3, 0, 4, 7, 5, 6, 2, 1)
perm<3>[78]=(4, 7, 2, 1, 3, 0, 5, 6)
perm<3>[79]=(5, 0, 2, 7, 3, 6, 4, 1)
perm<3>[80]=(1, 4, 7, 2, 6, 3, 0, 5)
perm<3>[81]=(6, 0, 3, 5, 1, 7, 4, 2)
perm<3>[82]=(5, 0, 3, 6, 2, 7, 4, 1)
perm<3>[83]=(1, 7, 4, 2, 6, 0, 3, 5)
perm<3>[84]=(1, 6, 4, 3, 2, 5, 7, 0)
perm<3>[85]=(7, 0, 4, 3, 2, 5, 1, 6)
perm<3>[86]=(1, 6, 2, 5, 4, 3, 7, 0)
perm<3>[87]=(7, 0, 2, 5, 4, 3, 1, 6)
perm<3>[88]=(2, 1, 7, 4, 5, 6, 0, 3)
perm<3>[89]=(6, 1, 3, 4, 0, 7, 5, 2)
perm<3>[90]=(2, 5, 7, 0, 1, 6, 4, 3)
perm<3>[91]=(4, 1, 3, 6, 2, 7, 5, 0)
perm<3>[92]=(4, 7, 3, 0, 2, 1, 5, 6)
perm<3>[93]=(4, 1, 3, 6, 7, 2, 0, 5)
perm<3>[94]=(2, 1, 4, 7, 5, 6, 3, 0)
perm<3>[95]=(2, 1, 5, 6, 7, 4, 0, 3)
perm<3>[96]=(2, 7, 4, 1, 5, 0, 3, 6)
perm<3>[97]=(6, 3, 0, 5, 1, 4, 7, 2)
perm<3>[98]=(5, 3, 0, 6, 2, 4, 7, 1)
perm<3>[99]=(2, 4, 7, 1, 5, 3, 0, 6)
perm<3>[100]=(3, 5, 4, 2, 0, 6, 7, 1)
perm<3>[101]=(7, 1, 4, 2, 0, 6, 3, 5)
perm<3>[102]=(6, 1, 5, 2, 0, 7, 3, 4)
perm<3>[103]=(3, 4, 0, 7, 6, 1, 5, 2)
perm<3>[104]=(6, 1, 0, 7, 5, 2, 3, 4)
perm<3>[105]=(7, 1, 0, 6, 2, 4, 5, 3)
perm<3>[106]=(4, 1, 7, 2, 3, 6, 0, 5)
perm<3>[107]=(6, 1, 0, 7, 3, 4, 5, 2)
perm<3>[108]=(2, 4, 5, 3, 1, 7, 6, 0)
perm<3>[109]=(7, 4, 0, 3, 1, 2, 6, 5)
perm<3>[110]=(2, 1, 5, 6, 4, 7, 3, 0)
perm<3>[111]=(7, 1, 0, 6, 4, 2, 3, 5)
perm<3>[112]=(7, 2, 1, 4, 0, 5, 6, 3)
perm<3>[113]=(4, 2, 1, 7, 3, 5, 6, 0)
perm<3>[114]=(3, 6, 5, 0, 4, 1, 2, 7)
perm<3>[115]=(3, 5, 6, 0, 4, 2, 1, 7)
perm<3>[116]=(4, 2, 3, 5, 7, 1, 0, 6)
perm<3>[117]=(5, 2, 6, 1, 0, 7, 3, 4)
perm<3>[118]=(0, 7, 3, 4, 6, 1, 5, 2)
perm<3>[119]=(0, 5, 3, 6, 7, 2, 4, 1)
perm<3>[120]=(0, 6, 3, 5, 7, 1, 4, 2)
perm<3>[121]=(0, 7, 6, 1, 5, 2, 3, 4)
perm<3>[122]=(0, 6, 7, 1, 5, 3, 2, 4)
perm<3>[123]=(0, 7, 6, 1, 3, 4, 5, 2)
perm<3>[124]=(4, 3, 1, 6, 7, 0, 2, 5)
perm<3>[125]=(6, 5, 1, 2, 0, 3, 7, 4)
perm<3>[126]=(0, 5, 7, 2, 6, 3, 1, 4)
perm<3>[127]=(0, 3, 5, 6, 7, 4, 2, 1)
perm<3>[128]=(0, 3, 7, 4, 5, 6, 2, 1)
perm<3>[129]=(0, 3, 6, 5, 7, 4, 1, 2)
perm<3>[130]=(0, 7, 5, 2, 6, 1, 3, 4)
perm<3>[131]=(0, 5, 7, 2, 3, 6, 4, 1)
perm<3>[132]=(0, 6, 5, 3, 7, 1, 2, 4)
perm<3>[133]=(0, 5, 6, 3, 7, 2, 1, 4)
perm<3>[134]=(7, 1, 2, 4, 0, 6, 5, 3)
perm<3>[135]=(4, 1, 2, 7, 3, 6, 5, 0)
perm<3>[136]=(5, 3, 2, 4, 6, 0, 1, 7)
perm<3>[137]=(0, 3, 7, 4, 6, 5, 1, 2)
perm<3>[138]=(5, 6, 2, 1, 3, 0, 4, 7)
perm<3>[139]=(0, 6, 7, 1, 3, 5, 4, 2)
perm<3>[140]=(6, 1, 3, 4, 5, 2, 0, 7)
perm<3>[141]=(0, 7, 3, 4, 5, 2, 6, 1)
perm<3>[142]=(6, 1, 5, 2, 3, 4, 0, 7)
perm<3>[143]=(0, 7, 5, 2, 3, 4, 6, 1)
None
