n=4, begin=0:
perm<4>[0]=(13, 11, 3, 10, 15, 6, 14, 8, 9, 0, 4, 2, 7, 1, 12, 5) #flags_lens=('-0+0~1', (11, 9, 11))@@0@fi=0@li=0;i^o=11@[1, 2, 3, 8, 9, 10, 11, 12, 13, 14, 15];i-o=9@[2, 3, 5, 6, 8, 9, 10, 12, 15];i+o=11@[1, 3, 4, 5, 9, 10, 11, 12, 13, 14, 15];cycle_lens=(16,)@0@((0, 13, 1, 11, 2, 3, 10, 4, 15, 5, 6, 14, 12, 7, 8, 9),);foyc=0####@u2perm(2207957)
break@(n=4, end=6544784, num_found=1)
n=4, begin=6544784:
break@(n=4, end=6591150, num_found=1, tmp=None)
n=4, begin=2207957:
perm<4>[0]=(13, 11, 3, 10, 15, 6, 14, 8, 9, 0, 4, 2, 7, 1, 12, 5) #flags_lens=('-0+0~1', (11, 9, 11))@@0@fi=0@li=0;i^o=11@[1, 2, 3, 8, 9, 10, 11, 12, 13, 14, 15];i-o=9@[2, 3, 5, 6, 8, 9, 10, 12, 15];i+o=11@[1, 3, 4, 5, 9, 10, 11, 12, 13, 14, 15];cycle_lens=(16,)@0@((0, 13, 1, 11, 2, 3, 10, 4, 15, 5, 6, 14, 12, 7, 8, 9),);foyc=0####@u2perm(2207957)
break@(n=4, end=2232908, num_found=1, tmp={'begin': 2207958, 'num_found': 1})
n=4, begin=2207957:
perm<4>[0]=(13, 11, 3, 10, 15, 6, 14, 8, 9, 0, 4, 2, 7, 1, 12, 5) #flags_lens=('-0+0~1', (11, 9, 11))@@0@fi=0@li=0;i^o=11@[1, 2, 3, 8, 9, 10, 11, 12, 13, 14, 15];i-o=9@[2, 3, 5, 6, 8, 9, 10, 12, 15];i+o=11@[1, 3, 4, 5, 9, 10, 11, 12, 13, 14, 15];cycle_lens=(16,)@0@((0, 13, 1, 11, 2, 3, 10, 4, 15, 5, 6, 14, 12, 7, 8, 9),);foyc=0####@u2perm(2207957)
break@(n=4, end=2211285, num_found=1, tmp={'end': 2207958, 'num_found': 1})
n=4, begin=6544784:
break@(n=4, end=8969491, num_found=1, tmp=None)
n=4, begin=8969491:
perm<4>[1]=(15, 9, 12, 4, 11, 10, 7, 8, 0, 2, 13, 5, 3, 6, 1, 14) #flags_lens=('-0+1~1', (6, 8, 9))@@0@fi=0@li=0;i^o=6@[1, 7, 8, 11, 14, 15];i-o=8@[1, 6, 7, 8, 9, 11, 13, 15];i+o=9@[0, 3, 7, 8, 10, 11, 13, 14, 15];cycle_lens=(16,)@0@((0, 15, 14, 1, 9, 2, 12, 3, 4, 11, 5, 10, 13, 6, 7, 8),);foyc=0####@u2perm(14906430)
perm<4>[2]=(1, 9, 3, 4, 5, 10, 12, 8, 0, 2, 15, 7, 11, 6, 13, 14) #flags_lens=('-0+0~1', (9, 7, 11))@@0@fi=0@li=0;i^o=9@[1, 3, 5, 7, 8, 10, 11, 12, 15];i-o=7@[1, 4, 7, 8, 10, 11, 15];i+o=11@[1, 2, 3, 5, 7, 8, 9, 10, 11, 13, 15];cycle_lens=(16,)@1@((0, 1, 9, 2, 3, 4, 5, 10, 15, 14, 13, 6, 12, 11, 7, 8),);foyc=0####@u2perm(15020862)
perm<4>[3]=(1, 9, 3, 4, 5, 10, 13, 8, 0, 2, 15, 7, 11, 14, 12, 6) #flags_lens=('-0+0~1', (10, 8, 10))@@0@fi=1@li=0;i^o=10@[1, 2, 3, 5, 7, 8, 9, 11, 12, 15];i-o=8@[1, 2, 4, 7, 8, 9, 11, 15];i+o=10@[1, 2, 3, 5, 7, 8, 9, 10, 11, 15];cycle_lens=(16,)@2@((0, 1, 9, 2, 3, 4, 5, 10, 15, 6, 13, 14, 12, 11, 7, 8),);foyc=0####@u2perm(15022278)
perm<4>[4]=(1, 9, 3, 4, 5, 10, 12, 8, 0, 2, 15, 7, 11, 14, 13, 6) #flags_lens=('-0+0~1', (10, 8, 9))@@0@fi=2@li=0;i^o=10@[1, 3, 5, 7, 8, 9, 10, 11, 12, 15];i-o=8@[1, 4, 7, 8, 9, 10, 11, 15];i+o=9@[1, 2, 5, 7, 8, 9, 10, 11, 15];cycle_lens=(2, 14)@0@((0, 1, 9, 2, 3, 4, 5, 10, 15, 6, 12, 11, 7, 8), (13, 14));foyc=0####@u2perm(15022534)
perm<4>[5]=(1, 9, 3, 4, 5, 14, 11, 15, 0, 2, 7, 10, 8, 12, 6, 13) #flags_lens=('-0+0~0', (7, 8, 11))@@0@fi=0@li=0;i^o=7@[1, 2, 4, 7, 8, 11, 13];i-o=8@[1, 2, 3, 4, 7, 8, 11, 15];i+o=11@[1, 3, 4, 5, 6, 7, 8, 9, 10, 11, 12];cycle_lens=(16,)@3@((0, 1, 9, 2, 3, 4, 5, 14, 6, 11, 10, 7, 15, 13, 12, 8),);foyc=0####@u2perm(15667309)
perm<4>[6]=(1, 9, 3, 4, 5, 14, 11, 15, 0, 2, 7, 10, 13, 12, 6, 8) #flags_lens=('-0+0~0', (5, 6, 10))@@0@fi=1@li=0;i^o=5@[1, 7, 8, 11, 13];i-o=6@[1, 3, 7, 8, 11, 15];i+o=10@[1, 3, 4, 5, 6, 7, 8, 9, 10, 11];cycle_lens=(2, 14)@1@((0, 1, 9, 2, 3, 4, 5, 14, 6, 11, 10, 7, 15, 8), (12, 13));foyc=0####@u2perm(15680744)
perm<4>[7]=(15, 14, 3, 12, 5, 6, 7, 10, 11, 13, 8, 0, 4, 2, 9, 1) #flags_lens=('-0+1~1', (10, 11, 11))@@0@fi=1@li=0;i^o=10@[1, 2, 3, 4, 7, 8, 11, 13, 14, 15];i-o=11@[1, 2, 3, 5, 7, 8, 11, 12, 13, 14, 15];i+o=11@[0, 1, 2, 3, 5, 6, 7, 9, 11, 13, 15];cycle_lens=(16,)@4@((0, 15, 1, 14, 9, 13, 2, 3, 12, 4, 5, 6, 7, 10, 8, 11),);foyc=0####@u2perm(15738865)
perm<4>[8]=(13, 9, 3, 4, 5, 14, 7, 15, 0, 2, 8, 10, 1, 12, 6, 11) #flags_lens=('-0+0~0', (7, 8, 11))@@1@fi=2@li=1;i^o=7@[1, 2, 4, 7, 8, 11, 13];i-o=8@[1, 2, 3, 4, 7, 8, 11, 15];i+o=11@[2, 3, 4, 5, 6, 7, 8, 9, 10, 11, 13];cycle_lens=(16,)@5@((0, 13, 12, 1, 9, 2, 3, 4, 5, 14, 6, 7, 15, 11, 10, 8),);foyc=1####@u2perm(16167947)
perm<4>[9]=(1, 9, 3, 4, 5, 14, 7, 15, 0, 2, 13, 10, 8, 12, 6, 11) #flags_lens=('-0+0~0', (5, 6, 11))@@0@fi=3@li=0;i^o=5@[1, 4, 7, 8, 11];i-o=6@[1, 4, 7, 8, 13, 15];i+o=11@[1, 3, 4, 5, 6, 7, 8, 9, 10, 11, 13];cycle_lens=(16,)@6@((0, 1, 9, 2, 3, 4, 5, 14, 6, 7, 15, 11, 10, 13, 12, 8),);foyc=0####@u2perm(16191467)
perm<4>[10]=(13, 9, 3, 4, 5, 14, 7, 15, 0, 2, 11, 10, 1, 12, 6, 8) #flags_lens=('-0+0~0', (5, 6, 10))@@1@fi=4@li=1;i^o=5@[1, 7, 8, 11, 13];i-o=6@[1, 3, 7, 8, 11, 15];i+o=10@[3, 4, 5, 6, 7, 8, 9, 10, 11, 13];cycle_lens=(2, 14)@2@((0, 13, 12, 1, 9, 2, 3, 4, 5, 14, 6, 7, 15, 8), (10, 11));foyc=1####@u2perm(17216264)
break@(n=4, end=19598901, num_found=11, tmp={'end': 17216265, 'num_found': 11})
@SearchPerm4Crypt__ver2
n=4, begin=19598901, num_found=11:
perm<4>[11]=(1, 13, 9, 10, 5, 6, 7, 11, 12, 15, 4, 8, 14, 2, 0, 3) #flags_lens=('-0+0~1', (10, 9, 11))@@0@fi=0@li=0;i^o=10@[1, 2, 3, 4, 6, 9, 11, 12, 14, 15];i-o=9@[3, 4, 6, 9, 10, 11, 12, 14, 15];i+o=11@[1, 2, 3, 4, 8, 9, 10, 11, 13, 14, 15];cycle_lens=(16,)@0@((0, 1, 13, 2, 9, 15, 3, 10, 4, 5, 6, 7, 11, 8, 12, 14),);foyc=0####@u2perm(19743843)
perm<4>[12]=(14, 2, 9, 10, 5, 6, 7, 11, 0, 3, 4, 8, 13, 1, 15, 12) #flags_lens=('-0+0~0', (8, 7, 8))@@0@fi=0@li=0;i^o=8@[1, 3, 8, 9, 10, 11, 12, 14];i-o=7@[2, 3, 6, 8, 9, 12, 15];i+o=8@[2, 3, 8, 9, 11, 12, 13, 14];cycle_lens=(16,)@1@((0, 14, 15, 12, 13, 1, 2, 9, 3, 10, 4, 5, 6, 7, 11, 8),);foyc=0####@u2perm(19747164)
perm<4>[13]=(14, 2, 9, 10, 5, 6, 7, 11, 0, 3, 4, 8, 13, 1, 12, 15) #flags_lens=('-1+0~0', (10, 8, 9))@@0@fi=0@li=0;i^o=10@[0, 1, 2, 3, 8, 9, 10, 11, 12, 14];i-o=8@[0, 2, 3, 6, 8, 9, 12, 15];i+o=9@[2, 3, 8, 9, 10, 11, 12, 13, 14];cycle_lens=(1, 15)@0@((0, 14, 12, 13, 1, 2, 9, 3, 10, 4, 5, 6, 7, 11, 8), (15,));foyc=0####@u2perm(19747167)
perm<4>[14]=(14, 2, 9, 10, 5, 6, 7, 11, 0, 3, 4, 8, 1, 13, 12, 15) #flags_lens=('-1+0~0', (11, 9, 9))@@0@fi=1@li=0;i^o=11@[0, 1, 2, 3, 8, 9, 10, 11, 12, 13, 14];i-o=9@[0, 2, 3, 6, 8, 9, 11, 12, 15];i+o=9@[2, 3, 8, 9, 10, 11, 12, 13, 14];cycle_lens=(1, 1, 14)@0@((0, 14, 12, 1, 2, 9, 3, 10, 4, 5, 6, 7, 11, 8), (13,), (15,));foyc=0####@u2perm(19750047)
perm<4>[15]=(1, 13, 9, 10, 5, 6, 7, 11, 0, 3, 4, 8, 2, 14, 15, 12) #flags_lens=('-0+0~0', (8, 8, 9))@@0@fi=1@li=0;i^o=8@[1, 3, 8, 9, 10, 11, 12, 14];i-o=8@[3, 4, 6, 8, 9, 10, 12, 15];i+o=9@[1, 2, 3, 8, 9, 11, 12, 13, 14];cycle_lens=(16,)@2@((0, 1, 13, 14, 15, 12, 2, 9, 3, 10, 4, 5, 6, 7, 11, 8),);foyc=0####@u2perm(19753164)
perm<4>[16]=(1, 13, 9, 10, 5, 6, 7, 11, 0, 3, 4, 8, 2, 14, 12, 15) #flags_lens=('-1+0~0', (10, 10, 10))@@0@fi=2@li=0;i^o=10@[0, 1, 2, 3, 8, 9, 10, 11, 12, 14];i-o=10@[0, 2, 3, 4, 6, 8, 9, 10, 12, 15];i+o=10@[1, 2, 3, 8, 9, 10, 11, 12, 13, 14];cycle_lens=(1, 15)@1@((0, 1, 13, 14, 12, 2, 9, 3, 10, 4, 5, 6, 7, 11, 8), (15,));foyc=0####@u2perm(19753167)
perm<4>[17]=(1, 13, 9, 10, 5, 6, 7, 11, 15, 12, 4, 8, 14, 2, 3, 0) #flags_lens=('-0+0~1', (11, 9, 11))@@0@fi=1@li=0;i^o=11@[1, 2, 3, 5, 7, 9, 11, 12, 13, 14, 15];i-o=9@[3, 4, 6, 9, 11, 12, 13, 14, 15];i+o=11@[1, 2, 3, 5, 7, 9, 10, 11, 13, 14, 15];cycle_lens=(16,)@3@((0, 1, 13, 2, 9, 12, 14, 3, 10, 4, 5, 6, 7, 11, 8, 15),);foyc=0####@u2perm(19753968)
perm<4>[18]=(1, 13, 12, 15, 5, 6, 7, 11, 0, 3, 4, 8, 14, 2, 9, 10) #flags_lens=('-0+0~1', (10, 9, 12))@@0@fi=2@li=0;i^o=10@[1, 2, 3, 5, 7, 8, 10, 12, 14, 15];i-o=9@[3, 4, 5, 6, 8, 11, 12, 14, 15];i+o=12@[1, 2, 3, 7, 8, 9, 10, 11, 12, 13, 14, 15];cycle_lens=(16,)@4@((0, 1, 13, 2, 12, 14, 9, 3, 15, 10, 4, 5, 6, 7, 11, 8),);foyc=0####@u2perm(19774234)
perm<4>[19]=(1, 13, 9, 10, 5, 6, 7, 11, 0, 3, 4, 8, 14, 2, 12, 15) #flags_lens=('-1+0~1', (11, 11, 11))@@0@fi=0@li=0;i^o=11@[0, 1, 2, 3, 8, 9, 10, 11, 12, 14, 15];i-o=11@[0, 2, 3, 4, 6, 8, 9, 11, 12, 14, 15];i+o=11@[1, 2, 3, 8, 9, 10, 11, 12, 13, 14, 15];cycle_lens=(1, 2, 13)@0@((0, 1, 13, 2, 9, 3, 10, 4, 5, 6, 7, 11, 8), (12, 14), (15,));foyc=0####@u2perm(19784367)
perm<4>[20]=(15, 2, 14, 4, 5, 6, 13, 11, 0, 3, 8, 12, 10, 7, 9, 1) #flags_lens=('-0+1~1', (11, 10, 11))@@0@fi=0@li=0;i^o=11@[1, 2, 3, 6, 7, 8, 10, 11, 12, 14, 15];i-o=10@[1, 2, 4, 5, 6, 8, 9, 12, 14, 15];i+o=11@[0, 2, 3, 4, 6, 7, 8, 9, 11, 12, 15];cycle_lens=(16,)@5@((0, 15, 1, 2, 14, 9, 3, 4, 5, 6, 13, 7, 11, 12, 10, 8),);foyc=0####@u2perm(21962785)
break@(n=4, end=29371948, num_found=21, data={'end': 29371948, 'num_found': 21}, total_perms=20922789888000, remain=20922760516052)



