,1:
[[1,0]
]
,3:
[[1,0,3,2,5,4]
,[2,4,0,5,1,3]
,[3,5,4,0,2,1]
,[4,3,5,1,0,2]
,[5,2,1,4,3,0]
]
,5:
[[1,0,3,2,5,4,7,6,9,8]
,[2,4,0,5,1,3,8,9,6,7]
,[3,5,4,0,2,1,9,8,7,6]
,[4,9,6,7,0,8,2,3,5,1]
,[5,6,8,9,7,0,1,4,2,3]
,[6,3,7,1,8,9,0,2,4,5]
,[7,8,5,6,9,2,3,0,1,4]
,[8,7,9,4,3,6,5,1,0,2]
,[9,2,1,8,6,7,4,5,3,0]
]
,7:
[[1,0,3,2,5,4,7,6,9,8,11,10,13,12]
,[2,3,0,1,6,7,4,5,10,12,8,13,9,11]
,[3,2,1,0,7,6,5,4,11,13,12,8,10,9]
,[4,5,6,7,0,1,2,3,12,11,13,9,8,10]
,[5,6,7,4,3,0,1,2,13,10,9,12,11,8]
,[6,8,9,10,12,13,0,11,1,2,3,7,4,5]
,[7,11,12,13,8,9,10,0,4,5,6,1,2,3]
,[8,9,10,5,13,3,11,12,0,1,2,6,7,4]
,[9,10,4,8,2,11,12,13,3,0,1,5,6,7]
,[10,7,8,9,11,12,13,1,2,3,0,4,5,6]
,[11,12,13,6,9,10,3,8,7,4,5,0,1,2]
,[12,13,5,11,10,2,8,9,6,7,4,3,0,1]
,[13,4,11,12,1,8,9,10,5,6,7,2,3,0]
]
,9:
[[1,0,3,2,5,4,7,6,9,8,11,10,13,12,15,14,17,16]
,[2,4,0,5,1,3,8,9,6,7,12,13,10,11,16,17,14,15]
,[3,5,4,0,2,1,9,8,7,6,13,12,11,10,17,16,15,14]
,[4,9,6,7,0,8,2,3,5,1,14,15,16,17,10,11,12,13]
,[5,6,8,9,7,0,1,4,2,3,15,16,17,14,13,10,11,12]
,[6,3,7,1,8,9,0,2,4,5,16,17,14,15,12,13,10,11]
,[7,8,5,6,9,2,3,0,1,4,17,14,15,16,11,12,13,10]
,[8,17,10,11,15,16,12,13,0,14,2,3,6,7,9,4,5,1]
,[9,10,14,15,12,13,16,17,11,0,1,8,4,5,2,3,6,7]
,[10,7,11,12,16,17,13,1,14,15,0,2,3,6,8,9,4,5]
,[11,14,12,13,17,6,5,10,15,16,7,0,2,3,1,8,9,4]
,[12,15,13,4,3,14,10,11,16,17,6,7,0,2,5,1,8,9]
,[13,16,9,10,14,15,11,12,17,2,3,6,7,0,4,5,1,8]
,[14,11,15,16,13,7,17,5,12,10,9,1,8,4,0,2,3,6]
,[15,12,16,17,6,10,4,14,13,11,5,9,1,8,7,0,2,3]
,[16,13,17,8,10,11,14,15,3,12,4,5,9,1,6,7,0,2]
,[17,2,1,14,11,12,15,16,10,13,8,4,5,9,3,6,7,0]
]
,11:
[[1,0,3,2,5,4,7,6,9,8,11,10,13,12,15,14,17,16,19,18,21,20]
,[2,4,0,5,1,3,8,10,6,11,7,9,14,16,12,17,13,15,20,21,18,19]
,[3,5,4,0,2,1,9,11,10,6,8,7,15,17,16,12,14,13,21,20,19,18]
,[4,3,5,1,0,2,10,9,11,7,6,8,16,21,18,19,12,20,14,15,17,13]
,[5,2,1,4,3,0,11,8,7,10,9,6,17,18,20,21,19,12,13,16,14,15]
,[6,7,8,9,10,11,0,1,2,3,4,5,18,15,19,13,20,21,12,14,16,17]
,[7,8,9,10,11,6,5,0,1,2,3,4,19,20,17,18,21,14,15,12,13,16]
,[8,9,10,11,6,7,4,5,0,1,2,3,20,19,21,16,15,18,17,13,12,14]
,[9,10,11,6,7,8,3,4,5,0,1,2,21,14,13,20,18,19,16,17,15,12]
,[10,12,13,14,15,16,18,19,20,21,0,17,1,2,3,4,5,11,6,7,8,9]
,[11,17,18,19,20,21,12,13,14,15,16,0,6,7,8,9,10,1,2,3,4,5]
,[12,13,14,15,16,9,19,20,21,5,17,18,0,1,2,3,4,10,11,6,7,8]
,[13,14,15,16,8,12,20,21,4,17,18,19,5,0,1,2,3,9,10,11,6,7]
,[14,15,16,7,12,13,21,3,17,18,19,20,4,5,0,1,2,8,9,10,11,6]
,[15,16,6,12,13,14,2,17,18,19,20,21,3,4,5,0,1,7,8,9,10,11]
,[16,11,12,13,14,15,17,18,19,20,21,1,2,3,4,5,0,6,7,8,9,10]
,[17,18,19,20,21,10,13,14,15,16,5,12,11,6,7,8,9,0,1,2,3,4]
,[18,19,20,21,9,17,14,15,16,4,12,13,10,11,6,7,8,5,0,1,2,3]
,[19,20,21,8,17,18,15,16,3,12,13,14,9,10,11,6,7,4,5,0,1,2]
,[20,21,7,17,18,19,16,2,12,13,14,15,8,9,10,11,6,3,4,5,0,1]
,[21,6,17,18,19,20,1,12,13,14,15,16,7,8,9,10,11,2,3,4,5,0]
]
,13:
[[1,0,3,2,5,4,7,6,9,8,11,10,13,12,15,14,17,16,19,18,21,20,23,22,25,24]
,[2,3,0,1,6,7,4,5,10,12,8,13,9,11,16,18,14,19,15,17,22,24,20,25,21,23]
,[3,2,1,0,7,6,5,4,11,13,12,8,10,9,17,19,18,14,16,15,23,25,24,20,22,21]
,[4,5,6,7,0,1,2,3,12,11,13,9,8,10,18,17,19,15,14,16,24,23,25,21,20,22]
,[5,6,7,4,3,0,1,2,13,10,9,12,11,8,19,16,15,18,17,14,25,22,21,24,23,20]
,[6,8,9,10,12,13,0,11,1,2,3,7,4,5,20,21,22,23,24,25,14,15,16,17,18,19]
,[7,11,12,13,8,9,10,0,4,5,6,1,2,3,21,22,23,24,25,20,19,14,15,16,17,18]
,[8,9,10,5,13,3,11,12,0,1,2,6,7,4,22,23,24,25,20,21,18,19,14,15,16,17]
,[9,10,4,8,2,11,12,13,3,0,1,5,6,7,23,24,25,20,21,22,17,18,19,14,15,16]
,[10,7,8,9,11,12,13,1,2,3,0,4,5,6,24,25,20,21,22,23,16,17,18,19,14,15]
,[11,12,13,6,9,10,3,8,7,4,5,0,1,2,25,20,21,22,23,24,15,16,17,18,19,14]
,[12,14,15,16,25,21,23,24,17,18,19,22,0,20,1,2,3,8,9,10,13,5,11,6,7,4]
,[13,20,21,22,14,17,18,19,23,24,25,15,16,0,4,11,12,5,6,7,1,2,3,8,9,10]
,[14,15,16,17,10,22,24,25,18,19,4,23,20,21,0,1,2,3,8,9,12,13,5,11,6,7]
,[15,16,17,18,20,23,25,9,19,7,14,24,21,22,10,0,1,2,3,8,4,12,13,5,11,6]
,[16,17,18,19,21,24,8,20,6,14,15,25,22,23,9,10,0,1,2,3,7,4,12,13,5,11]
,[17,18,19,11,22,25,20,21,14,15,16,3,23,24,8,9,10,0,1,2,6,7,4,12,13,5]
,[18,19,5,14,23,2,21,22,15,16,17,20,24,25,3,8,9,10,0,1,11,6,7,4,12,13]
,[19,13,14,15,24,20,22,23,16,17,18,21,25,1,2,3,8,9,10,0,5,11,6,7,4,12]
,[20,21,22,23,15,18,19,10,24,25,7,16,17,14,13,4,11,12,5,6,0,1,2,3,8,9]
,[21,22,23,24,16,19,9,14,25,6,20,17,18,15,7,13,4,11,12,5,10,0,1,2,3,8]
,[22,23,24,25,17,8,14,15,5,20,21,18,19,16,6,7,13,4,11,12,9,10,0,1,2,3]
,[23,24,25,12,18,14,15,16,20,21,22,19,3,17,5,6,7,13,4,11,8,9,10,0,1,2]
,[24,25,11,20,19,15,16,17,21,22,23,2,14,18,12,5,6,7,13,4,3,8,9,10,0,1]
,[25,4,20,21,1,16,17,18,22,23,24,14,15,19,11,12,5,6,7,13,2,3,8,9,10,0]
]
,15:
[[1,0,3,2,5,4,7,6,9,8,11,10,13,12,15,14,17,16,19,18,21,20,23,22,25,24,27,26,29,28]
,[2,3,0,1,6,7,4,5,10,11,8,9,14,15,12,13,18,19,16,17,22,23,20,21,26,28,24,29,25,27]
,[3,2,1,0,7,6,5,4,11,10,9,8,15,14,13,12,19,18,17,16,23,22,21,20,27,29,28,24,26,25]
,[4,5,6,7,0,1,2,3,12,13,14,15,8,9,10,11,20,21,22,23,16,17,18,19,28,27,29,25,24,26]
,[5,6,7,4,3,0,1,2,13,14,15,12,11,8,9,10,21,22,23,20,19,16,17,18,29,26,25,28,27,24]
,[6,7,4,5,2,3,0,1,14,15,12,13,10,11,8,9,22,24,25,26,28,29,16,27,17,18,19,23,20,21]
,[7,4,5,6,1,2,3,0,15,12,13,14,9,10,11,8,23,27,28,29,24,25,26,16,20,21,22,17,18,19]
,[8,9,10,11,12,13,14,15,0,1,2,3,4,5,6,7,24,25,26,21,29,19,27,28,16,17,18,22,23,20]
,[9,10,11,12,13,14,15,8,7,0,1,2,3,4,5,6,25,26,20,24,18,27,28,29,19,16,17,21,22,23]
,[10,11,12,13,14,15,8,9,6,7,0,1,2,3,4,5,26,23,24,25,27,28,29,17,18,19,16,20,21,22]
,[11,12,13,14,15,8,9,10,5,6,7,0,1,2,3,4,27,28,29,22,25,26,19,24,23,20,21,16,17,18]
,[12,13,14,15,8,9,10,11,4,5,6,7,0,1,2,3,28,29,21,27,26,18,24,25,22,23,20,19,16,17]
,[13,14,15,8,9,10,11,12,3,4,5,6,7,0,1,2,29,20,27,28,17,24,25,26,21,22,23,18,19,16]
,[14,16,17,18,19,20,21,22,24,25,26,27,28,29,0,23,1,2,3,4,5,6,7,15,8,9,10,11,12,13]
,[15,23,24,25,26,27,28,29,16,17,18,19,20,21,22,0,8,9,10,11,12,13,14,1,2,3,4,5,6,7]
,[16,17,18,19,20,21,22,13,25,26,27,28,29,7,23,24,0,1,2,3,4,5,6,14,15,8,9,10,11,12]
,[17,18,19,20,21,22,12,16,26,27,28,29,6,23,24,25,7,0,1,2,3,4,5,13,14,15,8,9,10,11]
,[18,19,20,21,22,11,16,17,27,28,29,5,23,24,25,26,6,7,0,1,2,3,4,12,13,14,15,8,9,10]
,[19,20,21,22,10,16,17,18,28,29,4,23,24,25,26,27,5,6,7,0,1,2,3,11,12,13,14,15,8,9]
,[20,21,22,9,16,17,18,19,29,3,23,24,25,26,27,28,4,5,6,7,0,1,2,10,11,12,13,14,15,8]
,[21,22,8,16,17,18,19,20,2,23,24,25,26,27,28,29,3,4,5,6,7,0,1,9,10,11,12,13,14,15]
,[22,15,16,17,18,19,20,21,23,24,25,26,27,28,29,1,2,3,4,5,6,7,0,8,9,10,11,12,13,14]
,[23,24,25,26,27,28,29,14,17,18,19,20,21,22,7,16,15,8,9,10,11,12,13,0,1,2,3,4,5,6]
,[24,25,26,27,28,29,13,23,18,19,20,21,22,6,16,17,14,15,8,9,10,11,12,7,0,1,2,3,4,5]
,[25,26,27,28,29,12,23,24,19,20,21,22,5,16,17,18,13,14,15,8,9,10,11,6,7,0,1,2,3,4]
,[26,27,28,29,11,23,24,25,20,21,22,4,16,17,18,19,12,13,14,15,8,9,10,5,6,7,0,1,2,3]
,[27,28,29,10,23,24,25,26,21,22,3,16,17,18,19,20,11,12,13,14,15,8,9,4,5,6,7,0,1,2]
,[28,29,9,23,24,25,26,27,22,2,16,17,18,19,20,21,10,11,12,13,14,15,8,3,4,5,6,7,0,1]
,[29,8,23,24,25,26,27,28,1,16,17,18,19,20,21,22,9,10,11,12,13,14,15,2,3,4,5,6,7,0]
]
,17:
[[1,0,3,2,5,4,7,6,9,8,11,10,13,12,15,14,17,16,19,18,21,20,23,22,25,24,27,26,29,28,31,30,33,32]
,[2,4,0,5,1,3,8,9,6,7,12,13,10,11,16,17,14,15,20,21,18,19,24,25,22,23,28,29,26,27,32,33,30,31]
,[3,5,4,0,2,1,9,8,7,6,13,12,11,10,17,16,15,14,21,20,19,18,25,24,23,22,29,28,27,26,33,32,31,30]
,[4,9,6,7,0,8,2,3,5,1,14,15,16,17,10,11,12,13,22,23,24,25,18,19,20,21,30,31,32,33,26,27,28,29]
,[5,6,8,9,7,0,1,4,2,3,15,16,17,14,13,10,11,12,23,24,25,22,21,18,19,20,31,32,33,30,29,26,27,28]
,[6,3,7,1,8,9,0,2,4,5,16,17,14,15,12,13,10,11,24,25,22,23,20,21,18,19,32,33,30,31,28,29,26,27]
,[7,8,5,6,9,2,3,0,1,4,17,14,15,16,11,12,13,10,25,22,23,24,19,20,21,18,33,30,31,32,27,28,29,26]
,[8,17,10,11,15,16,12,13,0,14,2,3,6,7,9,4,5,1,26,27,28,29,30,31,32,33,18,19,20,21,22,23,24,25]
,[9,10,14,15,12,13,16,17,11,0,1,8,4,5,2,3,6,7,27,28,29,30,31,32,33,26,25,18,19,20,21,22,23,24]
,[10,7,11,12,16,17,13,1,14,15,0,2,3,6,8,9,4,5,28,29,30,31,32,33,26,27,24,25,18,19,20,21,22,23]
,[11,14,12,13,17,6,5,10,15,16,7,0,2,3,1,8,9,4,29,30,31,32,33,26,27,28,23,24,25,18,19,20,21,22]
,[12,15,13,4,3,14,10,11,16,17,6,7,0,2,5,1,8,9,30,31,32,33,26,27,28,29,22,23,24,25,18,19,20,21]
,[13,16,9,10,14,15,11,12,17,2,3,6,7,0,4,5,1,8,31,32,33,26,27,28,29,30,21,22,23,24,25,18,19,20]
,[14,11,15,16,13,7,17,5,12,10,9,1,8,4,0,2,3,6,32,33,26,27,28,29,30,31,20,21,22,23,24,25,18,19]
,[15,12,16,17,6,10,4,14,13,11,5,9,1,8,7,0,2,3,33,26,27,28,29,30,31,32,19,20,21,22,23,24,25,18]
,[16,33,18,19,30,31,20,21,27,32,22,23,24,25,28,29,0,26,2,3,6,7,10,11,12,13,17,8,14,15,4,5,9,1]
,[17,18,26,27,23,24,28,29,22,25,30,31,32,33,19,20,21,0,1,14,15,16,8,4,5,9,2,3,6,7,10,11,12,13]
,[18,13,19,20,31,32,21,22,28,33,23,24,25,1,29,30,26,27,0,2,3,6,7,10,11,12,16,17,8,14,15,4,5,9]
,[19,26,20,21,32,33,22,23,29,12,24,25,9,18,30,31,27,28,13,0,2,3,6,7,10,11,1,16,17,8,14,15,4,5]
,[20,27,21,22,33,11,23,24,30,26,25,5,18,19,31,32,28,29,12,13,0,2,3,6,7,10,9,1,16,17,8,14,15,4]
,[21,28,22,23,10,26,24,25,31,27,4,18,19,20,32,33,29,30,11,12,13,0,2,3,6,7,5,9,1,16,17,8,14,15]
,[22,29,23,24,26,27,25,15,32,28,18,19,20,21,33,7,30,31,10,11,12,13,0,2,3,6,4,5,9,1,16,17,8,14]
,[23,30,24,25,27,28,14,18,33,29,19,20,21,22,6,26,31,32,7,10,11,12,13,0,2,3,15,4,5,9,1,16,17,8]
,[24,31,25,8,28,29,18,19,3,30,20,21,22,23,26,27,32,33,6,7,10,11,12,13,0,2,14,15,4,5,9,1,16,17]
,[25,32,17,18,29,30,19,20,26,31,21,22,23,24,27,28,33,2,3,6,7,10,11,12,13,0,8,14,15,4,5,9,1,16]
,[26,19,27,28,24,25,29,30,23,13,31,32,33,9,20,21,22,18,17,1,14,15,16,8,4,5,0,2,3,6,7,10,11,12]
,[27,20,28,29,25,12,30,31,24,18,32,33,5,26,21,22,23,19,9,17,1,14,15,16,8,4,13,0,2,3,6,7,10,11]
,[28,21,29,30,11,18,31,32,25,19,33,4,26,27,22,23,24,20,5,9,17,1,14,15,16,8,12,13,0,2,3,6,7,10]
,[29,22,30,31,18,19,32,33,10,20,8,26,27,28,23,24,25,21,4,5,9,17,1,14,15,16,11,12,13,0,2,3,6,7]
,[30,23,31,32,19,20,33,16,18,21,26,27,28,29,24,25,7,22,8,4,5,9,17,1,14,15,10,11,12,13,0,2,3,6]
,[31,24,32,33,20,21,15,26,19,22,27,28,29,30,25,6,18,23,16,8,4,5,9,17,1,14,7,10,11,12,13,0,2,3]
,[32,25,33,14,21,22,26,27,20,23,28,29,30,31,3,18,19,24,15,16,8,4,5,9,17,1,6,7,10,11,12,13,0,2]
,[33,2,1,26,22,23,27,28,21,24,29,30,31,32,18,19,20,25,14,15,16,8,4,5,9,17,3,6,7,10,11,12,13,0]
]
,19:
[[1,0,3,2,5,4,7,6,9,8,11,10,13,12,15,14,17,16,19,18,21,20,23,22,25,24,27,26,29,28,31,30,33,32,35,34,37,36]
,[2,4,0,5,1,3,8,9,6,7,12,14,10,15,11,13,18,19,16,17,22,24,20,25,21,23,28,29,26,27,32,33,30,31,36,37,34,35]
,[3,5,4,0,2,1,9,8,7,6,13,15,14,10,12,11,19,18,17,16,23,25,24,20,22,21,29,28,27,26,33,32,31,30,37,36,35,34]
,[4,9,6,7,0,8,2,3,5,1,14,19,16,17,10,18,12,13,15,11,24,29,26,27,20,28,22,23,25,21,34,35,36,37,30,31,32,33]
,[5,6,8,9,7,0,1,4,2,3,15,16,18,19,17,10,11,14,12,13,25,26,28,29,27,20,21,24,22,23,35,36,37,34,33,30,31,32]
,[6,3,7,1,8,9,0,2,4,5,16,13,17,11,18,19,10,12,14,15,26,23,27,21,28,29,20,22,24,25,36,37,34,35,32,33,30,31]
,[7,8,5,6,9,2,3,0,1,4,17,18,15,16,19,12,13,10,11,14,27,28,25,26,29,22,23,20,21,24,37,34,35,36,31,32,33,30]
,[8,7,9,4,3,6,5,1,0,2,18,17,19,14,13,16,15,11,10,12,28,37,30,31,35,36,32,33,20,34,22,23,26,27,29,24,25,21]
,[9,2,1,8,6,7,4,5,3,0,19,12,11,18,16,17,14,15,13,10,29,30,34,35,32,33,36,37,31,20,21,28,24,25,22,23,26,27]
,[10,11,12,13,14,15,16,17,18,19,0,1,2,3,4,5,6,7,8,9,30,27,31,32,36,37,33,21,34,35,20,22,23,26,28,29,24,25]
,[11,12,13,14,15,16,17,18,19,10,9,0,1,2,3,4,5,6,7,8,31,34,32,33,37,26,25,30,35,36,27,20,22,23,21,28,29,24]
,[12,13,14,15,16,17,18,19,10,11,8,9,0,1,2,3,4,5,6,7,32,35,33,24,23,34,30,31,36,37,26,27,20,22,25,21,28,29]
,[13,14,15,16,17,18,19,10,11,12,7,8,9,0,1,2,3,4,5,6,33,36,29,30,34,35,31,32,37,22,23,26,27,20,24,25,21,28]
,[14,15,16,17,18,19,10,11,12,13,6,7,8,9,0,1,2,3,4,5,34,31,35,36,33,27,37,25,32,30,29,21,28,24,20,22,23,26]
,[15,16,17,18,19,10,11,12,13,14,5,6,7,8,9,0,1,2,3,4,35,32,36,37,26,30,24,34,33,31,25,29,21,28,27,20,22,23]
,[16,17,18,19,10,11,12,13,14,15,4,5,6,7,8,9,0,1,2,3,36,33,37,28,30,31,34,35,23,32,24,25,29,21,26,27,20,22]
,[17,18,19,10,11,12,13,14,15,16,3,4,5,6,7,8,9,0,1,2,37,22,21,34,31,32,35,36,30,33,28,24,25,29,23,26,27,20]
,[18,20,21,22,23,24,25,26,27,28,30,31,32,33,34,35,36,37,0,29,1,2,3,4,5,6,7,8,9,19,10,11,12,13,14,15,16,17]
,[19,29,30,31,32,33,34,35,36,37,20,21,22,23,24,25,26,27,28,0,10,11,12,13,14,15,16,17,18,1,2,3,4,5,6,7,8,9]
,[20,21,22,23,24,25,26,27,28,17,31,32,33,34,35,36,37,9,29,30,0,1,2,3,4,5,6,7,8,18,19,10,11,12,13,14,15,16]
,[21,22,23,24,25,26,27,28,16,20,32,33,34,35,36,37,8,29,30,31,9,0,1,2,3,4,5,6,7,17,18,19,10,11,12,13,14,15]
,[22,23,24,25,26,27,28,15,20,21,33,34,35,36,37,7,29,30,31,32,8,9,0,1,2,3,4,5,6,16,17,18,19,10,11,12,13,14]
,[23,24,25,26,27,28,14,20,21,22,34,35,36,37,6,29,30,31,32,33,7,8,9,0,1,2,3,4,5,15,16,17,18,19,10,11,12,13]
,[24,25,26,27,28,13,20,21,22,23,35,36,37,5,29,30,31,32,33,34,6,7,8,9,0,1,2,3,4,14,15,16,17,18,19,10,11,12]
,[25,26,27,28,12,20,21,22,23,24,36,37,4,29,30,31,32,33,34,35,5,6,7,8,9,0,1,2,3,13,14,15,16,17,18,19,10,11]
,[26,27,28,11,20,21,22,23,24,25,37,3,29,30,31,32,33,34,35,36,4,5,6,7,8,9,0,1,2,12,13,14,15,16,17,18,19,10]
,[27,28,10,20,21,22,23,24,25,26,2,29,30,31,32,33,34,35,36,37,3,4,5,6,7,8,9,0,1,11,12,13,14,15,16,17,18,19]
,[28,19,20,21,22,23,24,25,26,27,29,30,31,32,33,34,35,36,37,1,2,3,4,5,6,7,8,9,0,10,11,12,13,14,15,16,17,18]
,[29,30,31,32,33,34,35,36,37,18,21,22,23,24,25,26,27,28,9,20,19,10,11,12,13,14,15,16,17,0,1,2,3,4,5,6,7,8]
,[30,31,32,33,34,35,36,37,17,29,22,23,24,25,26,27,28,8,20,21,18,19,10,11,12,13,14,15,16,9,0,1,2,3,4,5,6,7]
,[31,32,33,34,35,36,37,16,29,30,23,24,25,26,27,28,7,20,21,22,17,18,19,10,11,12,13,14,15,8,9,0,1,2,3,4,5,6]
,[32,33,34,35,36,37,15,29,30,31,24,25,26,27,28,6,20,21,22,23,16,17,18,19,10,11,12,13,14,7,8,9,0,1,2,3,4,5]
,[33,34,35,36,37,14,29,30,31,32,25,26,27,28,5,20,21,22,23,24,15,16,17,18,19,10,11,12,13,6,7,8,9,0,1,2,3,4]
,[34,35,36,37,13,29,30,31,32,33,26,27,28,4,20,21,22,23,24,25,14,15,16,17,18,19,10,11,12,5,6,7,8,9,0,1,2,3]
,[35,36,37,12,29,30,31,32,33,34,27,28,3,20,21,22,23,24,25,26,13,14,15,16,17,18,19,10,11,4,5,6,7,8,9,0,1,2]
,[36,37,11,29,30,31,32,33,34,35,28,2,20,21,22,23,24,25,26,27,12,13,14,15,16,17,18,19,10,3,4,5,6,7,8,9,0,1]
,[37,10,29,30,31,32,33,34,35,36,1,20,21,22,23,24,25,26,27,28,11,12,13,14,15,16,17,18,19,2,3,4,5,6,7,8,9,0]
]
,21:
[[1,0,3,2,5,4,7,6,9,8,11,10,13,12,15,14,17,16,19,18,21,20,23,22,25,24,27,26,29,28,31,30,33,32,35,34,37,36,39,38,41,40]
,[2,4,0,5,1,3,8,10,6,11,7,9,14,16,12,17,13,15,20,21,18,19,24,26,22,27,23,25,30,31,28,29,34,36,32,37,33,35,40,41,38,39]
,[3,5,4,0,2,1,9,11,10,6,8,7,15,17,16,12,14,13,21,20,19,18,25,27,26,22,24,23,31,30,29,28,35,37,36,32,34,33,41,40,39,38]
,[4,3,5,1,0,2,10,9,11,7,6,8,16,21,18,19,12,20,14,15,17,13,26,31,28,29,22,30,24,25,27,23,36,41,38,39,32,40,34,35,37,33]
,[5,2,1,4,3,0,11,8,7,10,9,6,17,18,20,21,19,12,13,16,14,15,27,28,30,31,29,22,23,26,24,25,37,38,40,41,39,32,33,36,34,35]
,[6,7,8,9,10,11,0,1,2,3,4,5,18,15,19,13,20,21,12,14,16,17,28,25,29,23,30,31,22,24,26,27,38,35,39,33,40,41,32,34,36,37]
,[7,8,9,10,11,6,5,0,1,2,3,4,19,20,17,18,21,14,15,12,13,16,29,30,27,28,31,24,25,22,23,26,39,40,37,38,41,34,35,32,33,36]
,[8,9,10,11,6,7,4,5,0,1,2,3,20,19,21,16,15,18,17,13,12,14,30,29,31,26,25,28,27,23,22,24,40,39,41,36,35,38,37,33,32,34]
,[9,10,11,6,7,8,3,4,5,0,1,2,21,14,13,20,18,19,16,17,15,12,31,24,23,30,28,29,26,27,25,22,41,34,33,40,38,39,36,37,35,32]
,[10,12,13,14,15,16,18,19,20,21,0,17,1,2,3,4,5,11,6,7,8,9,32,33,34,35,36,37,38,39,40,41,22,23,24,25,26,27,28,29,30,31]
,[11,17,18,19,20,21,12,13,14,15,16,0,6,7,8,9,10,1,2,3,4,5,33,34,35,36,37,38,39,40,41,32,31,22,23,24,25,26,27,28,29,30]
,[12,13,14,15,16,9,19,20,21,5,17,18,0,1,2,3,4,10,11,6,7,8,34,35,36,37,38,39,40,41,32,33,30,31,22,23,24,25,26,27,28,29]
,[13,14,15,16,8,12,20,21,4,17,18,19,5,0,1,2,3,9,10,11,6,7,35,36,37,38,39,40,41,32,33,34,29,30,31,22,23,24,25,26,27,28]
,[14,15,16,7,12,13,21,3,17,18,19,20,4,5,0,1,2,8,9,10,11,6,36,37,38,39,40,41,32,33,34,35,28,29,30,31,22,23,24,25,26,27]
,[15,16,6,12,13,14,2,17,18,19,20,21,3,4,5,0,1,7,8,9,10,11,37,38,39,40,41,32,33,34,35,36,27,28,29,30,31,22,23,24,25,26]
,[16,11,12,13,14,15,17,18,19,20,21,1,2,3,4,5,0,6,7,8,9,10,38,39,40,41,32,33,34,35,36,37,26,27,28,29,30,31,22,23,24,25]
,[17,18,19,20,21,10,13,14,15,16,5,12,11,6,7,8,9,0,1,2,3,4,39,40,41,32,33,34,35,36,37,38,25,26,27,28,29,30,31,22,23,24]
,[18,19,20,21,9,17,14,15,16,4,12,13,10,11,6,7,8,5,0,1,2,3,40,41,32,33,34,35,36,37,38,39,24,25,26,27,28,29,30,31,22,23]
,[19,20,21,8,17,18,15,16,3,12,13,14,9,10,11,6,7,4,5,0,1,2,41,32,33,34,35,36,37,38,39,40,23,24,25,26,27,28,29,30,31,22]
,[20,22,23,24,25,26,41,33,37,38,39,40,27,28,29,30,31,34,35,36,0,32,1,2,3,4,5,12,13,14,15,16,21,7,17,18,19,8,9,10,11,6]
,[21,32,33,34,35,36,22,27,28,29,30,31,37,38,39,40,41,23,24,25,26,0,6,17,18,19,20,7,8,9,10,11,1,2,3,4,5,12,13,14,15,16]
,[22,23,24,25,26,27,16,34,38,39,40,41,28,29,30,31,6,35,36,37,32,33,0,1,2,3,4,5,12,13,14,15,20,21,7,17,18,19,8,9,10,11]
,[23,24,25,26,27,28,32,35,39,40,41,15,29,30,31,11,22,36,37,38,33,34,16,0,1,2,3,4,5,12,13,14,6,20,21,7,17,18,19,8,9,10]
,[24,25,26,27,28,29,33,36,40,41,14,32,30,31,10,22,23,37,38,39,34,35,15,16,0,1,2,3,4,5,12,13,11,6,20,21,7,17,18,19,8,9]
,[25,26,27,28,29,30,34,37,41,13,32,33,31,9,22,23,24,38,39,40,35,36,14,15,16,0,1,2,3,4,5,12,10,11,6,20,21,7,17,18,19,8]
,[26,27,28,29,30,31,35,38,12,32,33,34,8,22,23,24,25,39,40,41,36,37,13,14,15,16,0,1,2,3,4,5,9,10,11,6,20,21,7,17,18,19]
,[27,28,29,30,31,19,36,39,32,33,34,35,22,23,24,25,26,40,41,5,37,38,12,13,14,15,16,0,1,2,3,4,8,9,10,11,6,20,21,7,17,18]
,[28,29,30,31,18,22,37,40,33,34,35,36,23,24,25,26,27,41,4,32,38,39,5,12,13,14,15,16,0,1,2,3,19,8,9,10,11,6,20,21,7,17]
,[29,30,31,17,22,23,38,41,34,35,36,37,24,25,26,27,28,3,32,33,39,40,4,5,12,13,14,15,16,0,1,2,18,19,8,9,10,11,6,20,21,7]
,[30,31,7,22,23,24,39,2,35,36,37,38,25,26,27,28,29,32,33,34,40,41,3,4,5,12,13,14,15,16,0,1,17,18,19,8,9,10,11,6,20,21]
,[31,21,22,23,24,25,40,32,36,37,38,39,26,27,28,29,30,33,34,35,41,1,2,3,4,5,12,13,14,15,16,0,7,17,18,19,8,9,10,11,6,20]
,[32,33,34,35,36,37,23,28,29,30,31,16,38,39,40,41,11,24,25,26,27,22,21,6,17,18,19,20,7,8,9,10,0,1,2,3,4,5,12,13,14,15]
,[33,34,35,36,37,38,24,29,30,31,15,22,39,40,41,10,32,25,26,27,28,23,11,21,6,17,18,19,20,7,8,9,16,0,1,2,3,4,5,12,13,14]
,[34,35,36,37,38,39,25,30,31,14,22,23,40,41,9,32,33,26,27,28,29,24,10,11,21,6,17,18,19,20,7,8,15,16,0,1,2,3,4,5,12,13]
,[35,36,37,38,39,40,26,31,13,22,23,24,41,8,32,33,34,27,28,29,30,25,9,10,11,21,6,17,18,19,20,7,14,15,16,0,1,2,3,4,5,12]
,[36,37,38,39,40,41,27,12,22,23,24,25,7,32,33,34,35,28,29,30,31,26,8,9,10,11,21,6,17,18,19,20,13,14,15,16,0,1,2,3,4,5]
,[37,38,39,40,41,20,28,22,23,24,25,26,32,33,34,35,36,29,30,31,5,27,7,8,9,10,11,21,6,17,18,19,12,13,14,15,16,0,1,2,3,4]
,[38,39,40,41,19,32,29,23,24,25,26,27,33,34,35,36,37,30,31,4,22,28,20,7,8,9,10,11,21,6,17,18,5,12,13,14,15,16,0,1,2,3]
,[39,40,41,18,32,33,30,24,25,26,27,28,34,35,36,37,38,31,3,22,23,29,19,20,7,8,9,10,11,21,6,17,4,5,12,13,14,15,16,0,1,2]
,[40,41,17,32,33,34,31,25,26,27,28,29,35,36,37,38,39,2,22,23,24,30,18,19,20,7,8,9,10,11,21,6,3,4,5,12,13,14,15,16,0,1]
,[41,6,32,33,34,35,1,26,27,28,29,30,36,37,38,39,40,22,23,24,25,31,17,18,19,20,7,8,9,10,11,21,2,3,4,5,12,13,14,15,16,0]
]
,23:
[[1,0,3,2,5,4,7,6,9,8,11,10,13,12,15,14,17,16,19,18,21,20,23,22,25,24,27,26,29,28,31,30,33,32,35,34,37,36,39,38,41,40,43,42,45,44]
,[2,4,0,5,1,3,8,10,6,11,7,9,14,16,12,17,13,15,20,22,18,23,19,21,26,28,24,29,25,27,32,34,30,35,31,33,38,40,36,41,37,39,44,45,42,43]
,[3,5,4,0,2,1,9,11,10,6,8,7,15,17,16,12,14,13,21,23,22,18,20,19,27,29,28,24,26,25,33,35,34,30,32,31,39,41,40,36,38,37,45,44,43,42]
,[4,3,5,1,0,2,10,9,11,7,6,8,16,15,17,13,12,14,22,21,23,19,18,20,28,27,29,25,24,26,34,33,35,31,30,32,40,45,42,43,36,44,38,39,41,37]
,[5,2,1,4,3,0,11,8,7,10,9,6,17,14,13,16,15,12,23,20,19,22,21,18,29,26,25,28,27,24,35,32,31,34,33,30,41,42,44,45,43,36,37,40,38,39]
,[6,7,8,9,10,11,0,1,2,3,4,5,18,19,20,21,22,23,12,13,14,15,16,17,30,31,32,33,34,35,24,25,26,27,28,29,42,39,43,37,44,45,36,38,40,41]
,[7,8,9,10,11,6,5,0,1,2,3,4,19,20,21,22,23,18,17,12,13,14,15,16,31,32,33,34,35,30,29,24,25,26,27,28,43,44,41,42,45,38,39,36,37,40]
,[8,9,10,11,6,7,4,5,0,1,2,3,20,21,22,23,18,19,16,17,12,13,14,15,32,33,34,35,30,31,28,29,24,25,26,27,44,43,45,40,39,42,41,37,36,38]
,[9,10,11,6,7,8,3,4,5,0,1,2,21,22,23,18,19,20,15,16,17,12,13,14,33,34,35,30,31,32,27,28,29,24,25,26,45,38,37,44,42,43,40,41,39,36]
,[10,11,6,7,8,9,2,3,4,5,0,1,22,23,18,19,20,21,14,15,16,17,12,13,34,36,37,38,39,40,42,43,44,45,24,41,25,26,27,28,29,35,30,31,32,33]
,[11,6,7,8,9,10,1,2,3,4,5,0,23,18,19,20,21,22,13,14,15,16,17,12,35,41,42,43,44,45,36,37,38,39,40,24,30,31,32,33,34,25,26,27,28,29]
,[12,13,14,15,16,17,18,19,20,21,22,23,0,1,2,3,4,5,6,7,8,9,10,11,36,37,38,39,40,33,43,44,45,29,41,42,24,25,26,27,28,34,35,30,31,32]
,[13,14,15,16,17,18,19,20,21,22,23,12,11,0,1,2,3,4,5,6,7,8,9,10,37,38,39,40,32,36,44,45,28,41,42,43,29,24,25,26,27,33,34,35,30,31]
,[14,15,16,17,18,19,20,21,22,23,12,13,10,11,0,1,2,3,4,5,6,7,8,9,38,39,40,31,36,37,45,27,41,42,43,44,28,29,24,25,26,32,33,34,35,30]
,[15,16,17,18,19,20,21,22,23,12,13,14,9,10,11,0,1,2,3,4,5,6,7,8,39,40,30,36,37,38,26,41,42,43,44,45,27,28,29,24,25,31,32,33,34,35]
,[16,17,18,19,20,21,22,23,12,13,14,15,8,9,10,11,0,1,2,3,4,5,6,7,40,35,36,37,38,39,41,42,43,44,45,25,26,27,28,29,24,30,31,32,33,34]
,[17,18,19,20,21,22,23,12,13,14,15,16,7,8,9,10,11,0,1,2,3,4,5,6,41,42,43,44,45,34,37,38,39,40,29,36,35,30,31,32,33,24,25,26,27,28]
,[18,19,20,21,22,23,12,13,14,15,16,17,6,7,8,9,10,11,0,1,2,3,4,5,42,43,44,45,33,41,38,39,40,28,36,37,34,35,30,31,32,29,24,25,26,27]
,[19,20,21,22,23,12,13,14,15,16,17,18,5,6,7,8,9,10,11,0,1,2,3,4,43,44,45,32,41,42,39,40,27,36,37,38,33,34,35,30,31,28,29,24,25,26]
,[20,21,22,23,12,13,14,15,16,17,18,19,4,5,6,7,8,9,10,11,0,1,2,3,44,45,31,41,42,43,40,26,36,37,38,39,32,33,34,35,30,27,28,29,24,25]
,[21,22,23,12,13,14,15,16,17,18,19,20,3,4,5,6,7,8,9,10,11,0,1,2,45,30,41,42,43,44,25,36,37,38,39,40,31,32,33,34,35,26,27,28,29,24]
,[22,24,25,26,27,28,29,30,31,32,33,34,36,37,38,39,40,41,42,43,44,45,0,35,1,2,3,4,5,6,7,8,9,10,11,23,12,13,14,15,16,17,18,19,20,21]
,[23,35,36,37,38,39,40,41,42,43,44,45,24,25,26,27,28,29,30,31,32,33,34,0,12,13,14,15,16,17,18,19,20,21,22,1,2,3,4,5,6,7,8,9,10,11]
,[24,25,26,27,28,29,30,31,32,33,34,21,37,38,39,40,41,42,43,44,45,11,35,36,0,1,2,3,4,5,6,7,8,9,10,22,23,12,13,14,15,16,17,18,19,20]
,[25,26,27,28,29,30,31,32,33,34,20,24,38,39,40,41,42,43,44,45,10,35,36,37,11,0,1,2,3,4,5,6,7,8,9,21,22,23,12,13,14,15,16,17,18,19]
,[26,27,28,29,30,31,32,33,34,19,24,25,39,40,41,42,43,44,45,9,35,36,37,38,10,11,0,1,2,3,4,5,6,7,8,20,21,22,23,12,13,14,15,16,17,18]
,[27,28,29,30,31,32,33,34,18,24,25,26,40,41,42,43,44,45,8,35,36,37,38,39,9,10,11,0,1,2,3,4,5,6,7,19,20,21,22,23,12,13,14,15,16,17]
,[28,29,30,31,32,33,34,17,24,25,26,27,41,42,43,44,45,7,35,36,37,38,39,40,8,9,10,11,0,1,2,3,4,5,6,18,19,20,21,22,23,12,13,14,15,16]
,[29,30,31,32,33,34,16,24,25,26,27,28,42,43,44,45,6,35,36,37,38,39,40,41,7,8,9,10,11,0,1,2,3,4,5,17,18,19,20,21,22,23,12,13,14,15]
,[30,31,32,33,34,15,24,25,26,27,28,29,43,44,45,5,35,36,37,38,39,40,41,42,6,7,8,9,10,11,0,1,2,3,4,16,17,18,19,20,21,22,23,12,13,14]
,[31,32,33,34,14,24,25,26,27,28,29,30,44,45,4,35,36,37,38,39,40,41,42,43,5,6,7,8,9,10,11,0,1,2,3,15,16,17,18,19,20,21,22,23,12,13]
,[32,33,34,13,24,25,26,27,28,29,30,31,45,3,35,36,37,38,39,40,41,42,43,44,4,5,6,7,8,9,10,11,0,1,2,14,15,16,17,18,19,20,21,22,23,12]
,[33,34,12,24,25,26,27,28,29,30,31,32,2,35,36,37,38,39,40,41,42,43,44,45,3,4,5,6,7,8,9,10,11,0,1,13,14,15,16,17,18,19,20,21,22,23]
,[34,23,24,25,26,27,28,29,30,31,32,33,35,36,37,38,39,40,41,42,43,44,45,1,2,3,4,5,6,7,8,9,10,11,0,12,13,14,15,16,17,18,19,20,21,22]
,[35,36,37,38,39,40,41,42,43,44,45,22,25,26,27,28,29,30,31,32,33,34,11,24,23,12,13,14,15,16,17,18,19,20,21,0,1,2,3,4,5,6,7,8,9,10]
,[36,37,38,39,40,41,42,43,44,45,21,35,26,27,28,29,30,31,32,33,34,10,24,25,22,23,12,13,14,15,16,17,18,19,20,11,0,1,2,3,4,5,6,7,8,9]
,[37,38,39,40,41,42,43,44,45,20,35,36,27,28,29,30,31,32,33,34,9,24,25,26,21,22,23,12,13,14,15,16,17,18,19,10,11,0,1,2,3,4,5,6,7,8]
,[38,39,40,41,42,43,44,45,19,35,36,37,28,29,30,31,32,33,34,8,24,25,26,27,20,21,22,23,12,13,14,15,16,17,18,9,10,11,0,1,2,3,4,5,6,7]
,[39,40,41,42,43,44,45,18,35,36,37,38,29,30,31,32,33,34,7,24,25,26,27,28,19,20,21,22,23,12,13,14,15,16,17,8,9,10,11,0,1,2,3,4,5,6]
,[40,41,42,43,44,45,17,35,36,37,38,39,30,31,32,33,34,6,24,25,26,27,28,29,18,19,20,21,22,23,12,13,14,15,16,7,8,9,10,11,0,1,2,3,4,5]
,[41,42,43,44,45,16,35,36,37,38,39,40,31,32,33,34,5,24,25,26,27,28,29,30,17,18,19,20,21,22,23,12,13,14,15,6,7,8,9,10,11,0,1,2,3,4]
,[42,43,44,45,15,35,36,37,38,39,40,41,32,33,34,4,24,25,26,27,28,29,30,31,16,17,18,19,20,21,22,23,12,13,14,5,6,7,8,9,10,11,0,1,2,3]
,[43,44,45,14,35,36,37,38,39,40,41,42,33,34,3,24,25,26,27,28,29,30,31,32,15,16,17,18,19,20,21,22,23,12,13,4,5,6,7,8,9,10,11,0,1,2]
,[44,45,13,35,36,37,38,39,40,41,42,43,34,2,24,25,26,27,28,29,30,31,32,33,14,15,16,17,18,19,20,21,22,23,12,3,4,5,6,7,8,9,10,11,0,1]
,[45,12,35,36,37,38,39,40,41,42,43,44,1,24,25,26,27,28,29,30,31,32,33,34,13,14,15,16,17,18,19,20,21,22,23,2,3,4,5,6,7,8,9,10,11,0]
]
,25:
[[1,0,3,2,5,4,7,6,9,8,11,10,13,12,15,14,17,16,19,18,21,20,23,22,25,24,27,26,29,28,31,30,33,32,35,34,37,36,39,38,41,40,43,42,45,44,47,46,49,48]
,[2,3,0,1,6,7,4,5,10,12,8,13,9,11,16,18,14,19,15,17,22,24,20,25,21,23,28,30,26,31,27,29,34,36,32,37,33,35,40,42,38,43,39,41,46,48,44,49,45,47]
,[3,2,1,0,7,6,5,4,11,13,12,8,10,9,17,19,18,14,16,15,23,25,24,20,22,21,29,31,30,26,28,27,35,37,36,32,34,33,41,43,42,38,40,39,47,49,48,44,46,45]
,[4,5,6,7,0,1,2,3,12,11,13,9,8,10,18,17,19,15,14,16,24,23,25,21,20,22,30,29,31,27,26,28,36,35,37,33,32,34,42,41,43,39,38,40,48,47,49,45,44,46]
,[5,6,7,4,3,0,1,2,13,10,9,12,11,8,19,16,15,18,17,14,25,22,21,24,23,20,31,28,27,30,29,26,37,34,33,36,35,32,43,40,39,42,41,38,49,46,45,48,47,44]
,[6,8,9,10,12,13,0,11,1,2,3,7,4,5,20,21,22,23,24,25,14,15,16,17,18,19,32,33,34,35,36,37,26,27,28,29,30,31,44,45,46,47,48,49,38,39,40,41,42,43]
,[7,11,12,13,8,9,10,0,4,5,6,1,2,3,21,22,23,24,25,20,19,14,15,16,17,18,33,34,35,36,37,32,31,26,27,28,29,30,45,46,47,48,49,44,43,38,39,40,41,42]
,[8,9,10,5,13,3,11,12,0,1,2,6,7,4,22,23,24,25,20,21,18,19,14,15,16,17,34,35,36,37,32,33,30,31,26,27,28,29,46,47,48,49,44,45,42,43,38,39,40,41]
,[9,10,4,8,2,11,12,13,3,0,1,5,6,7,23,24,25,20,21,22,17,18,19,14,15,16,35,36,37,32,33,34,29,30,31,26,27,28,47,48,49,44,45,46,41,42,43,38,39,40]
,[10,7,8,9,11,12,13,1,2,3,0,4,5,6,24,25,20,21,22,23,16,17,18,19,14,15,36,37,32,33,34,35,28,29,30,31,26,27,48,49,44,45,46,47,40,41,42,43,38,39]
,[11,12,13,6,9,10,3,8,7,4,5,0,1,2,25,20,21,22,23,24,15,16,17,18,19,14,37,32,33,34,35,36,27,28,29,30,31,26,49,44,45,46,47,48,39,40,41,42,43,38]
,[12,14,15,16,25,21,23,24,17,18,19,22,0,20,1,2,3,8,9,10,13,5,11,6,7,4,38,39,40,41,42,43,44,45,46,47,48,49,26,27,28,29,30,31,32,33,34,35,36,37]
,[13,20,21,22,14,17,18,19,23,24,25,15,16,0,4,11,12,5,6,7,1,2,3,8,9,10,39,40,41,42,43,44,45,46,47,48,49,38,37,26,27,28,29,30,31,32,33,34,35,36]
,[14,15,16,17,10,22,24,25,18,19,4,23,20,21,0,1,2,3,8,9,12,13,5,11,6,7,40,41,42,43,44,45,46,47,48,49,38,39,36,37,26,27,28,29,30,31,32,33,34,35]
,[15,16,17,18,20,23,25,9,19,7,14,24,21,22,10,0,1,2,3,8,4,12,13,5,11,6,41,42,43,44,45,46,47,48,49,38,39,40,35,36,37,26,27,28,29,30,31,32,33,34]
,[16,17,18,19,21,24,8,20,6,14,15,25,22,23,9,10,0,1,2,3,7,4,12,13,5,11,42,43,44,45,46,47,48,49,38,39,40,41,34,35,36,37,26,27,28,29,30,31,32,33]
,[17,18,19,11,22,25,20,21,14,15,16,3,23,24,8,9,10,0,1,2,6,7,4,12,13,5,43,44,45,46,47,48,49,38,39,40,41,42,33,34,35,36,37,26,27,28,29,30,31,32]
,[18,19,5,14,23,2,21,22,15,16,17,20,24,25,3,8,9,10,0,1,11,6,7,4,12,13,44,45,46,47,48,49,38,39,40,41,42,43,32,33,34,35,36,37,26,27,28,29,30,31]
,[19,13,14,15,24,20,22,23,16,17,18,21,25,1,2,3,8,9,10,0,5,11,6,7,4,12,45,46,47,48,49,38,39,40,41,42,43,44,31,32,33,34,35,36,37,26,27,28,29,30]
,[20,21,22,23,15,18,19,10,24,25,7,16,17,14,13,4,11,12,5,6,0,1,2,3,8,9,46,47,48,49,38,39,40,41,42,43,44,45,30,31,32,33,34,35,36,37,26,27,28,29]
,[21,22,23,24,16,19,9,14,25,6,20,17,18,15,7,13,4,11,12,5,10,0,1,2,3,8,47,48,49,38,39,40,41,42,43,44,45,46,29,30,31,32,33,34,35,36,37,26,27,28]
,[22,23,24,25,17,8,14,15,5,20,21,18,19,16,6,7,13,4,11,12,9,10,0,1,2,3,48,49,38,39,40,41,42,43,44,45,46,47,28,29,30,31,32,33,34,35,36,37,26,27]
,[23,24,25,12,18,14,15,16,20,21,22,19,3,17,5,6,7,13,4,11,8,9,10,0,1,2,49,38,39,40,41,42,43,44,45,46,47,48,27,28,29,30,31,32,33,34,35,36,37,26]
,[24,26,27,28,49,45,46,47,29,30,31,39,44,48,32,33,34,35,36,37,40,41,42,43,0,38,1,2,3,8,9,10,14,15,16,17,18,19,25,11,20,21,22,23,12,5,6,7,13,4]
,[25,38,39,40,26,34,35,36,41,42,43,32,33,37,44,45,46,47,48,49,27,28,29,30,31,0,4,20,21,22,23,24,11,12,5,6,7,13,1,2,3,8,9,10,14,15,16,17,18,19]
,[26,27,28,29,19,46,47,48,30,31,32,40,45,49,33,34,35,36,37,4,41,42,43,44,38,39,0,1,2,3,8,9,10,14,15,16,17,18,24,25,11,20,21,22,23,12,5,6,7,13]
,[27,28,29,30,38,47,48,49,31,32,33,41,46,18,34,35,36,37,13,26,42,43,44,45,39,40,19,0,1,2,3,8,9,10,14,15,16,17,4,24,25,11,20,21,22,23,12,5,6,7]
,[28,29,30,31,39,48,49,17,32,33,34,42,47,38,35,36,37,7,26,27,43,44,45,46,40,41,18,19,0,1,2,3,8,9,10,14,15,16,13,4,24,25,11,20,21,22,23,12,5,6]
,[29,30,31,32,40,49,16,38,33,34,35,43,48,39,36,37,6,26,27,28,44,45,46,47,41,42,17,18,19,0,1,2,3,8,9,10,14,15,7,13,4,24,25,11,20,21,22,23,12,5]
,[30,31,32,33,41,15,38,39,34,35,36,44,49,40,37,5,26,27,28,29,45,46,47,48,42,43,16,17,18,19,0,1,2,3,8,9,10,14,6,7,13,4,24,25,11,20,21,22,23,12]
,[31,32,33,34,42,38,39,40,35,36,37,45,14,41,12,26,27,28,29,30,46,47,48,49,43,44,15,16,17,18,19,0,1,2,3,8,9,10,5,6,7,13,4,24,25,11,20,21,22,23]
,[32,33,34,35,43,39,40,41,36,37,23,46,38,42,26,27,28,29,30,31,47,48,49,10,44,45,14,15,16,17,18,19,0,1,2,3,8,9,12,5,6,7,13,4,24,25,11,20,21,22]
,[33,34,35,36,44,40,41,42,37,22,26,47,39,43,27,28,29,30,31,32,48,49,9,38,45,46,10,14,15,16,17,18,19,0,1,2,3,8,23,12,5,6,7,13,4,24,25,11,20,21]
,[34,35,36,37,45,41,42,43,21,26,27,48,40,44,28,29,30,31,32,33,49,8,38,39,46,47,9,10,14,15,16,17,18,19,0,1,2,3,22,23,12,5,6,7,13,4,24,25,11,20]
,[35,36,37,20,46,42,43,44,26,27,28,49,41,45,29,30,31,32,33,34,3,38,39,40,47,48,8,9,10,14,15,16,17,18,19,0,1,2,21,22,23,12,5,6,7,13,4,24,25,11]
,[36,37,11,26,47,43,44,45,27,28,29,2,42,46,30,31,32,33,34,35,38,39,40,41,48,49,3,8,9,10,14,15,16,17,18,19,0,1,20,21,22,23,12,5,6,7,13,4,24,25]
,[37,25,26,27,48,44,45,46,28,29,30,38,43,47,31,32,33,34,35,36,39,40,41,42,49,1,2,3,8,9,10,14,15,16,17,18,19,0,11,20,21,22,23,12,5,6,7,13,4,24]
,[38,39,40,41,27,35,36,37,42,43,44,33,34,19,45,46,47,48,49,13,28,29,30,31,32,26,25,4,20,21,22,23,24,11,12,5,6,7,0,1,2,3,8,9,10,14,15,16,17,18]
,[39,40,41,42,28,36,37,18,43,44,45,34,35,26,46,47,48,49,7,38,29,30,31,32,33,27,13,25,4,20,21,22,23,24,11,12,5,6,19,0,1,2,3,8,9,10,14,15,16,17]
,[40,41,42,43,29,37,17,26,44,45,46,35,36,27,47,48,49,6,38,39,30,31,32,33,34,28,7,13,25,4,20,21,22,23,24,11,12,5,18,19,0,1,2,3,8,9,10,14,15,16]
,[41,42,43,44,30,16,26,27,45,46,47,36,37,28,48,49,5,38,39,40,31,32,33,34,35,29,6,7,13,25,4,20,21,22,23,24,11,12,17,18,19,0,1,2,3,8,9,10,14,15]
,[42,43,44,45,31,26,27,28,46,47,48,37,15,29,49,12,38,39,40,41,32,33,34,35,36,30,5,6,7,13,25,4,20,21,22,23,24,11,16,17,18,19,0,1,2,3,8,9,10,14]
,[43,44,45,46,32,27,28,29,47,48,49,14,26,30,11,38,39,40,41,42,33,34,35,36,37,31,12,5,6,7,13,25,4,20,21,22,23,24,15,16,17,18,19,0,1,2,3,8,9,10]
,[44,45,46,47,33,28,29,30,48,49,24,26,27,31,38,39,40,41,42,43,34,35,36,37,10,32,11,12,5,6,7,13,25,4,20,21,22,23,14,15,16,17,18,19,0,1,2,3,8,9]
,[45,46,47,48,34,29,30,31,49,23,38,27,28,32,39,40,41,42,43,44,35,36,37,9,26,33,24,11,12,5,6,7,13,25,4,20,21,22,10,14,15,16,17,18,19,0,1,2,3,8]
,[46,47,48,49,35,30,31,32,22,38,39,28,29,33,40,41,42,43,44,45,36,37,8,26,27,34,23,24,11,12,5,6,7,13,25,4,20,21,9,10,14,15,16,17,18,19,0,1,2,3]
,[47,48,49,21,36,31,32,33,38,39,40,29,30,34,41,42,43,44,45,46,37,3,26,27,28,35,22,23,24,11,12,5,6,7,13,25,4,20,8,9,10,14,15,16,17,18,19,0,1,2]
,[48,49,20,38,37,32,33,34,39,40,41,30,31,35,42,43,44,45,46,47,2,26,27,28,29,36,21,22,23,24,11,12,5,6,7,13,25,4,3,8,9,10,14,15,16,17,18,19,0,1]
,[49,4,38,39,1,33,34,35,40,41,42,31,32,36,43,44,45,46,47,48,26,27,28,29,30,37,20,21,22,23,24,11,12,5,6,7,13,25,2,3,8,9,10,14,15,16,17,18,19,0]
]
,27:
[[1,0,3,2,5,4,7,6,9,8,11,10,13,12,15,14,17,16,19,18,21,20,23,22,25,24,27,26,29,28,31,30,33,32,35,34,37,36,39,38,41,40,43,42,45,44,47,46,49,48,51,50,53,52]
,[2,3,0,1,6,7,4,5,10,12,8,13,9,11,16,17,14,15,20,21,18,19,24,26,22,27,23,25,30,31,28,29,34,35,32,33,38,40,36,41,37,39,44,46,42,47,43,45,50,52,48,53,49,51]
,[3,2,1,0,7,6,5,4,11,13,12,8,10,9,17,16,15,14,21,20,19,18,25,27,26,22,24,23,31,30,29,28,35,34,33,32,39,41,40,36,38,37,45,47,46,42,44,43,51,53,52,48,50,49]
,[4,5,6,7,0,1,2,3,12,11,13,9,8,10,18,19,20,21,14,15,16,17,26,25,27,23,22,24,32,33,34,35,28,29,30,31,40,39,41,37,36,38,46,45,47,43,42,44,52,51,53,49,48,50]
,[5,6,7,4,3,0,1,2,13,10,9,12,11,8,19,20,21,18,17,14,15,16,27,24,23,26,25,22,33,34,35,32,31,28,29,30,41,38,37,40,39,36,47,44,43,46,45,42,53,50,49,52,51,48]
,[6,8,9,10,12,13,0,11,1,2,3,7,4,5,20,22,23,24,26,27,14,25,15,16,17,21,18,19,34,36,37,38,40,41,28,39,29,30,31,35,32,33,48,49,50,51,52,53,42,43,44,45,46,47]
,[7,11,12,13,8,9,10,0,4,5,6,1,2,3,21,25,26,27,22,23,24,14,18,19,20,15,16,17,35,39,40,41,36,37,38,28,32,33,34,29,30,31,49,50,51,52,53,48,47,42,43,44,45,46]
,[8,9,10,5,13,3,11,12,0,1,2,6,7,4,22,23,24,19,27,17,25,26,14,15,16,20,21,18,36,37,38,33,41,31,39,40,28,29,30,34,35,32,50,51,52,53,48,49,46,47,42,43,44,45]
,[9,10,4,8,2,11,12,13,3,0,1,5,6,7,23,24,18,22,16,25,26,27,17,14,15,19,20,21,37,38,32,36,30,39,40,41,31,28,29,33,34,35,51,52,53,48,49,50,45,46,47,42,43,44]
,[10,7,8,9,11,12,13,1,2,3,0,4,5,6,24,21,22,23,25,26,27,15,16,17,14,18,19,20,38,35,36,37,39,40,41,29,30,31,28,32,33,34,52,53,48,49,50,51,44,45,46,47,42,43]
,[11,12,13,6,9,10,3,8,7,4,5,0,1,2,25,26,27,20,23,24,17,22,21,18,19,14,15,16,39,40,41,34,37,38,31,36,35,32,33,28,29,30,53,48,49,50,51,52,43,44,45,46,47,42]
,[12,13,5,11,10,2,8,9,6,7,4,3,0,1,26,27,19,25,24,16,22,23,20,21,18,17,14,15,40,42,43,44,53,49,51,52,45,46,47,50,28,48,29,30,31,36,37,38,41,33,39,34,35,32]
,[13,4,11,12,1,8,9,10,5,6,7,2,3,0,27,18,25,26,15,22,23,24,19,20,21,16,17,14,41,48,49,50,42,45,46,47,51,52,53,43,44,28,32,39,40,33,34,35,29,30,31,36,37,38]
,[14,15,16,17,18,19,20,21,22,23,24,25,26,27,0,1,2,3,4,5,6,7,8,9,10,11,12,13,42,43,44,45,38,50,52,53,46,47,32,51,48,49,28,29,30,31,36,37,40,41,33,39,34,35]
,[15,16,17,18,19,20,21,22,23,24,25,26,27,14,13,0,1,2,3,4,5,6,7,8,9,10,11,12,43,44,45,46,48,51,53,37,47,35,42,52,49,50,38,28,29,30,31,36,32,40,41,33,39,34]
,[16,17,18,19,20,21,22,23,24,25,26,27,14,15,12,13,0,1,2,3,4,5,6,7,8,9,10,11,44,45,46,47,49,52,36,48,34,42,43,53,50,51,37,38,28,29,30,31,35,32,40,41,33,39]
,[17,18,19,20,21,22,23,24,25,26,27,14,15,16,11,12,13,0,1,2,3,4,5,6,7,8,9,10,45,46,47,39,50,53,48,49,42,43,44,31,51,52,36,37,38,28,29,30,34,35,32,40,41,33]
,[18,19,20,21,22,23,24,25,26,27,14,15,16,17,10,11,12,13,0,1,2,3,4,5,6,7,8,9,46,47,33,42,51,30,49,50,43,44,45,48,52,53,31,36,37,38,28,29,39,34,35,32,40,41]
,[19,20,21,22,23,24,25,26,27,14,15,16,17,18,9,10,11,12,13,0,1,2,3,4,5,6,7,8,47,41,42,43,52,48,50,51,44,45,46,49,53,29,30,31,36,37,38,28,33,39,34,35,32,40]
,[20,21,22,23,24,25,26,27,14,15,16,17,18,19,8,9,10,11,12,13,0,1,2,3,4,5,6,7,48,49,50,51,43,46,47,38,52,53,35,44,45,42,41,32,39,40,33,34,28,29,30,31,36,37]
,[21,22,23,24,25,26,27,14,15,16,17,18,19,20,7,8,9,10,11,12,13,0,1,2,3,4,5,6,49,50,51,52,44,47,37,42,53,34,48,45,46,43,35,41,32,39,40,33,38,28,29,30,31,36]
,[22,23,24,25,26,27,14,15,16,17,18,19,20,21,6,7,8,9,10,11,12,13,0,1,2,3,4,5,50,51,52,53,45,36,42,43,33,48,49,46,47,44,34,35,41,32,39,40,37,38,28,29,30,31]
,[23,24,25,26,27,14,15,16,17,18,19,20,21,22,5,6,7,8,9,10,11,12,13,0,1,2,3,4,51,52,53,40,46,42,43,44,48,49,50,47,31,45,33,34,35,41,32,39,36,37,38,28,29,30]
,[24,25,26,27,14,15,16,17,18,19,20,21,22,23,4,5,6,7,8,9,10,11,12,13,0,1,2,3,52,53,39,48,47,43,44,45,49,50,51,30,42,46,40,33,34,35,41,32,31,36,37,38,28,29]
,[25,26,27,14,15,16,17,18,19,20,21,22,23,24,3,4,5,6,7,8,9,10,11,12,13,0,1,2,53,32,48,49,29,44,45,46,50,51,52,42,43,47,39,40,33,34,35,41,30,31,36,37,38,28]
,[26,28,29,30,31,32,33,34,35,36,37,38,39,40,42,43,44,45,46,47,48,49,50,51,52,53,0,41,1,2,3,4,5,6,7,8,9,10,11,12,13,27,14,15,16,17,18,19,20,21,22,23,24,25]
,[27,41,42,43,44,45,46,47,48,49,50,51,52,53,28,29,30,31,32,33,34,35,36,37,38,39,40,0,14,15,16,17,18,19,20,21,22,23,24,25,26,1,2,3,4,5,6,7,8,9,10,11,12,13]
,[28,29,30,31,32,33,34,35,36,37,38,39,40,25,43,44,45,46,47,48,49,50,51,52,53,13,41,42,0,1,2,3,4,5,6,7,8,9,10,11,12,26,27,14,15,16,17,18,19,20,21,22,23,24]
,[29,30,31,32,33,34,35,36,37,38,39,40,24,28,44,45,46,47,48,49,50,51,52,53,12,41,42,43,13,0,1,2,3,4,5,6,7,8,9,10,11,25,26,27,14,15,16,17,18,19,20,21,22,23]
,[30,31,32,33,34,35,36,37,38,39,40,23,28,29,45,46,47,48,49,50,51,52,53,11,41,42,43,44,12,13,0,1,2,3,4,5,6,7,8,9,10,24,25,26,27,14,15,16,17,18,19,20,21,22]
,[31,32,33,34,35,36,37,38,39,40,22,28,29,30,46,47,48,49,50,51,52,53,10,41,42,43,44,45,11,12,13,0,1,2,3,4,5,6,7,8,9,23,24,25,26,27,14,15,16,17,18,19,20,21]
,[32,33,34,35,36,37,38,39,40,21,28,29,30,31,47,48,49,50,51,52,53,9,41,42,43,44,45,46,10,11,12,13,0,1,2,3,4,5,6,7,8,22,23,24,25,26,27,14,15,16,17,18,19,20]
,[33,34,35,36,37,38,39,40,20,28,29,30,31,32,48,49,50,51,52,53,8,41,42,43,44,45,46,47,9,10,11,12,13,0,1,2,3,4,5,6,7,21,22,23,24,25,26,27,14,15,16,17,18,19]
,[34,35,36,37,38,39,40,19,28,29,30,31,32,33,49,50,51,52,53,7,41,42,43,44,45,46,47,48,8,9,10,11,12,13,0,1,2,3,4,5,6,20,21,22,23,24,25,26,27,14,15,16,17,18]
,[35,36,37,38,39,40,18,28,29,30,31,32,33,34,50,51,52,53,6,41,42,43,44,45,46,47,48,49,7,8,9,10,11,12,13,0,1,2,3,4,5,19,20,21,22,23,24,25,26,27,14,15,16,17]
,[36,37,38,39,40,17,28,29,30,31,32,33,34,35,51,52,53,5,41,42,43,44,45,46,47,48,49,50,6,7,8,9,10,11,12,13,0,1,2,3,4,18,19,20,21,22,23,24,25,26,27,14,15,16]
,[37,38,39,40,16,28,29,30,31,32,33,34,35,36,52,53,4,41,42,43,44,45,46,47,48,49,50,51,5,6,7,8,9,10,11,12,13,0,1,2,3,17,18,19,20,21,22,23,24,25,26,27,14,15]
,[38,39,40,15,28,29,30,31,32,33,34,35,36,37,53,3,41,42,43,44,45,46,47,48,49,50,51,52,4,5,6,7,8,9,10,11,12,13,0,1,2,16,17,18,19,20,21,22,23,24,25,26,27,14]
,[39,40,14,28,29,30,31,32,33,34,35,36,37,38,2,41,42,43,44,45,46,47,48,49,50,51,52,53,3,4,5,6,7,8,9,10,11,12,13,0,1,15,16,17,18,19,20,21,22,23,24,25,26,27]
,[40,27,28,29,30,31,32,33,34,35,36,37,38,39,41,42,43,44,45,46,47,48,49,50,51,52,53,1,2,3,4,5,6,7,8,9,10,11,12,13,0,14,15,16,17,18,19,20,21,22,23,24,25,26]
,[41,42,43,44,45,46,47,48,49,50,51,52,53,26,29,30,31,32,33,34,35,36,37,38,39,40,13,28,27,14,15,16,17,18,19,20,21,22,23,24,25,0,1,2,3,4,5,6,7,8,9,10,11,12]
,[42,43,44,45,46,47,48,49,50,51,52,53,25,41,30,31,32,33,34,35,36,37,38,39,40,12,28,29,26,27,14,15,16,17,18,19,20,21,22,23,24,13,0,1,2,3,4,5,6,7,8,9,10,11]
,[43,44,45,46,47,48,49,50,51,52,53,24,41,42,31,32,33,34,35,36,37,38,39,40,11,28,29,30,25,26,27,14,15,16,17,18,19,20,21,22,23,12,13,0,1,2,3,4,5,6,7,8,9,10]
,[44,45,46,47,48,49,50,51,52,53,23,41,42,43,32,33,34,35,36,37,38,39,40,10,28,29,30,31,24,25,26,27,14,15,16,17,18,19,20,21,22,11,12,13,0,1,2,3,4,5,6,7,8,9]
,[45,46,47,48,49,50,51,52,53,22,41,42,43,44,33,34,35,36,37,38,39,40,9,28,29,30,31,32,23,24,25,26,27,14,15,16,17,18,19,20,21,10,11,12,13,0,1,2,3,4,5,6,7,8]
,[46,47,48,49,50,51,52,53,21,41,42,43,44,45,34,35,36,37,38,39,40,8,28,29,30,31,32,33,22,23,24,25,26,27,14,15,16,17,18,19,20,9,10,11,12,13,0,1,2,3,4,5,6,7]
,[47,48,49,50,51,52,53,20,41,42,43,44,45,46,35,36,37,38,39,40,7,28,29,30,31,32,33,34,21,22,23,24,25,26,27,14,15,16,17,18,19,8,9,10,11,12,13,0,1,2,3,4,5,6]
,[48,49,50,51,52,53,19,41,42,43,44,45,46,47,36,37,38,39,40,6,28,29,30,31,32,33,34,35,20,21,22,23,24,25,26,27,14,15,16,17,18,7,8,9,10,11,12,13,0,1,2,3,4,5]
,[49,50,51,52,53,18,41,42,43,44,45,46,47,48,37,38,39,40,5,28,29,30,31,32,33,34,35,36,19,20,21,22,23,24,25,26,27,14,15,16,17,6,7,8,9,10,11,12,13,0,1,2,3,4]
,[50,51,52,53,17,41,42,43,44,45,46,47,48,49,38,39,40,4,28,29,30,31,32,33,34,35,36,37,18,19,20,21,22,23,24,25,26,27,14,15,16,5,6,7,8,9,10,11,12,13,0,1,2,3]
,[51,52,53,16,41,42,43,44,45,46,47,48,49,50,39,40,3,28,29,30,31,32,33,34,35,36,37,38,17,18,19,20,21,22,23,24,25,26,27,14,15,4,5,6,7,8,9,10,11,12,13,0,1,2]
,[52,53,15,41,42,43,44,45,46,47,48,49,50,51,40,2,28,29,30,31,32,33,34,35,36,37,38,39,16,17,18,19,20,21,22,23,24,25,26,27,14,3,4,5,6,7,8,9,10,11,12,13,0,1]
,[53,14,41,42,43,44,45,46,47,48,49,50,51,52,1,28,29,30,31,32,33,34,35,36,37,38,39,40,15,16,17,18,19,20,21,22,23,24,25,26,27,2,3,4,5,6,7,8,9,10,11,12,13,0]
]
,29:
[[1,0,3,2,5,4,7,6,9,8,11,10,13,12,15,14,17,16,19,18,21,20,23,22,25,24,27,26,29,28,31,30,33,32,35,34,37,36,39,38,41,40,43,42,45,44,47,46,49,48,51,50,53,52,55,54,57,56]
,[2,3,0,1,6,7,4,5,10,11,8,9,14,15,12,13,18,19,16,17,22,23,20,21,26,28,24,29,25,27,32,33,30,31,36,37,34,35,40,42,38,43,39,41,46,47,44,45,50,51,48,49,54,56,52,57,53,55]
,[3,2,1,0,7,6,5,4,11,10,9,8,15,14,13,12,19,18,17,16,23,22,21,20,27,29,28,24,26,25,33,32,31,30,37,36,35,34,41,43,42,38,40,39,47,46,45,44,51,50,49,48,55,57,56,52,54,53]
,[4,5,6,7,0,1,2,3,12,13,14,15,8,9,10,11,20,21,22,23,16,17,18,19,28,27,29,25,24,26,34,35,36,37,30,31,32,33,42,41,43,39,38,40,48,49,50,51,44,45,46,47,56,55,57,53,52,54]
,[5,6,7,4,3,0,1,2,13,14,15,12,11,8,9,10,21,22,23,20,19,16,17,18,29,26,25,28,27,24,35,36,37,34,33,30,31,32,43,40,39,42,41,38,49,50,51,48,47,44,45,46,57,54,53,56,55,52]
,[6,7,4,5,2,3,0,1,14,15,12,13,10,11,8,9,22,24,25,26,28,29,16,27,17,18,19,23,20,21,36,38,39,40,42,43,30,41,31,32,33,37,34,35,50,52,53,54,56,57,44,55,45,46,47,51,48,49]
,[7,4,5,6,1,2,3,0,15,12,13,14,9,10,11,8,23,27,28,29,24,25,26,16,20,21,22,17,18,19,37,41,42,43,38,39,40,30,34,35,36,31,32,33,51,55,56,57,52,53,54,44,48,49,50,45,46,47]
,[8,9,10,11,12,13,14,15,0,1,2,3,4,5,6,7,24,25,26,21,29,19,27,28,16,17,18,22,23,20,38,39,40,35,43,33,41,42,30,31,32,36,37,34,52,53,54,49,57,47,55,56,44,45,46,50,51,48]
,[9,10,11,12,13,14,15,8,7,0,1,2,3,4,5,6,25,26,20,24,18,27,28,29,19,16,17,21,22,23,39,40,34,38,32,41,42,43,33,30,31,35,36,37,53,54,48,52,46,55,56,57,47,44,45,49,50,51]
,[10,11,12,13,14,15,8,9,6,7,0,1,2,3,4,5,26,23,24,25,27,28,29,17,18,19,16,20,21,22,40,37,38,39,41,42,43,31,32,33,30,34,35,36,54,51,52,53,55,56,57,45,46,47,44,48,49,50]
,[11,12,13,14,15,8,9,10,5,6,7,0,1,2,3,4,27,28,29,22,25,26,19,24,23,20,21,16,17,18,41,42,43,36,39,40,33,38,37,34,35,30,31,32,55,56,57,50,53,54,47,52,51,48,49,44,45,46]
,[12,13,14,15,8,9,10,11,4,5,6,7,0,1,2,3,28,29,21,27,26,18,24,25,22,23,20,19,16,17,42,43,35,41,40,32,38,39,36,37,34,33,30,31,56,57,49,55,54,46,52,53,50,51,48,47,44,45]
,[13,14,15,8,9,10,11,12,3,4,5,6,7,0,1,2,29,20,27,28,17,24,25,26,21,22,23,18,19,16,43,34,41,42,31,38,39,40,35,36,37,32,33,30,57,48,55,56,45,52,53,54,49,50,51,46,47,44]
,[14,16,17,18,19,20,21,22,24,25,26,27,28,29,0,23,1,2,3,4,5,6,7,15,8,9,10,11,12,13,44,45,46,47,48,49,50,51,52,53,54,55,56,57,30,31,32,33,34,35,36,37,38,39,40,41,42,43]
,[15,23,24,25,26,27,28,29,16,17,18,19,20,21,22,0,8,9,10,11,12,13,14,1,2,3,4,5,6,7,45,46,47,48,49,50,51,52,53,54,55,56,57,44,43,30,31,32,33,34,35,36,37,38,39,40,41,42]
,[16,17,18,19,20,21,22,13,25,26,27,28,29,7,23,24,0,1,2,3,4,5,6,14,15,8,9,10,11,12,46,47,48,49,50,51,52,53,54,55,56,57,44,45,42,43,30,31,32,33,34,35,36,37,38,39,40,41]
,[17,18,19,20,21,22,12,16,26,27,28,29,6,23,24,25,7,0,1,2,3,4,5,13,14,15,8,9,10,11,47,48,49,50,51,52,53,54,55,56,57,44,45,46,41,42,43,30,31,32,33,34,35,36,37,38,39,40]
,[18,19,20,21,22,11,16,17,27,28,29,5,23,24,25,26,6,7,0,1,2,3,4,12,13,14,15,8,9,10,48,49,50,51,52,53,54,55,56,57,44,45,46,47,40,41,42,43,30,31,32,33,34,35,36,37,38,39]
,[19,20,21,22,10,16,17,18,28,29,4,23,24,25,26,27,5,6,7,0,1,2,3,11,12,13,14,15,8,9,49,50,51,52,53,54,55,56,57,44,45,46,47,48,39,40,41,42,43,30,31,32,33,34,35,36,37,38]
,[20,21,22,9,16,17,18,19,29,3,23,24,25,26,27,28,4,5,6,7,0,1,2,10,11,12,13,14,15,8,50,51,52,53,54,55,56,57,44,45,46,47,48,49,38,39,40,41,42,43,30,31,32,33,34,35,36,37]
,[21,22,8,16,17,18,19,20,2,23,24,25,26,27,28,29,3,4,5,6,7,0,1,9,10,11,12,13,14,15,51,52,53,54,55,56,57,44,45,46,47,48,49,50,37,38,39,40,41,42,43,30,31,32,33,34,35,36]
,[22,15,16,17,18,19,20,21,23,24,25,26,27,28,29,1,2,3,4,5,6,7,0,8,9,10,11,12,13,14,52,53,54,55,56,57,44,45,46,47,48,49,50,51,36,37,38,39,40,41,42,43,30,31,32,33,34,35]
,[23,24,25,26,27,28,29,14,17,18,19,20,21,22,7,16,15,8,9,10,11,12,13,0,1,2,3,4,5,6,53,54,55,56,57,44,45,46,47,48,49,50,51,52,35,36,37,38,39,40,41,42,43,30,31,32,33,34]
,[24,25,26,27,28,29,13,23,18,19,20,21,22,6,16,17,14,15,8,9,10,11,12,7,0,1,2,3,4,5,54,55,56,57,44,45,46,47,48,49,50,51,52,53,34,35,36,37,38,39,40,41,42,43,30,31,32,33]
,[25,26,27,28,29,12,23,24,19,20,21,22,5,16,17,18,13,14,15,8,9,10,11,6,7,0,1,2,3,4,55,56,57,44,45,46,47,48,49,50,51,52,53,54,33,34,35,36,37,38,39,40,41,42,43,30,31,32]
,[26,27,28,29,11,23,24,25,20,21,22,4,16,17,18,19,12,13,14,15,8,9,10,5,6,7,0,1,2,3,56,57,44,45,46,47,48,49,50,51,52,53,54,55,32,33,34,35,36,37,38,39,40,41,42,43,30,31]
,[27,28,29,10,23,24,25,26,21,22,3,16,17,18,19,20,11,12,13,14,15,8,9,4,5,6,7,0,1,2,57,44,45,46,47,48,49,50,51,52,53,54,55,56,31,32,33,34,35,36,37,38,39,40,41,42,43,30]
,[28,30,31,32,33,34,35,36,57,45,51,52,53,54,55,56,37,38,39,40,41,42,43,46,47,48,49,50,0,44,1,2,3,4,5,6,7,16,17,18,19,20,21,22,29,9,23,24,25,26,27,10,11,12,13,14,15,8]
,[29,44,45,46,47,48,49,50,30,37,38,39,40,41,42,43,51,52,53,54,55,56,57,31,32,33,34,35,36,0,8,23,24,25,26,27,28,9,10,11,12,13,14,15,1,2,3,4,5,6,7,16,17,18,19,20,21,22]
,[30,31,32,33,34,35,36,37,22,46,52,53,54,55,56,57,38,39,40,41,42,43,8,47,48,49,50,51,44,45,0,1,2,3,4,5,6,7,16,17,18,19,20,21,28,29,9,23,24,25,26,27,10,11,12,13,14,15]
,[31,32,33,34,35,36,37,38,44,47,53,54,55,56,57,21,39,40,41,42,43,15,30,48,49,50,51,52,45,46,22,0,1,2,3,4,5,6,7,16,17,18,19,20,8,28,29,9,23,24,25,26,27,10,11,12,13,14]
,[32,33,34,35,36,37,38,39,45,48,54,55,56,57,20,44,40,41,42,43,14,30,31,49,50,51,52,53,46,47,21,22,0,1,2,3,4,5,6,7,16,17,18,19,15,8,28,29,9,23,24,25,26,27,10,11,12,13]
,[33,34,35,36,37,38,39,40,46,49,55,56,57,19,44,45,41,42,43,13,30,31,32,50,51,52,53,54,47,48,20,21,22,0,1,2,3,4,5,6,7,16,17,18,14,15,8,28,29,9,23,24,25,26,27,10,11,12]
,[34,35,36,37,38,39,40,41,47,50,56,57,18,44,45,46,42,43,12,30,31,32,33,51,52,53,54,55,48,49,19,20,21,22,0,1,2,3,4,5,6,7,16,17,13,14,15,8,28,29,9,23,24,25,26,27,10,11]
,[35,36,37,38,39,40,41,42,48,51,57,17,44,45,46,47,43,11,30,31,32,33,34,52,53,54,55,56,49,50,18,19,20,21,22,0,1,2,3,4,5,6,7,16,12,13,14,15,8,28,29,9,23,24,25,26,27,10]
,[36,37,38,39,40,41,42,43,49,52,16,44,45,46,47,48,10,30,31,32,33,34,35,53,54,55,56,57,50,51,17,18,19,20,21,22,0,1,2,3,4,5,6,7,11,12,13,14,15,8,28,29,9,23,24,25,26,27]
,[37,38,39,40,41,42,43,27,50,53,44,45,46,47,48,49,30,31,32,33,34,35,36,54,55,56,57,7,51,52,16,17,18,19,20,21,22,0,1,2,3,4,5,6,10,11,12,13,14,15,8,28,29,9,23,24,25,26]
,[38,39,40,41,42,43,26,30,51,54,45,46,47,48,49,50,31,32,33,34,35,36,37,55,56,57,6,44,52,53,7,16,17,18,19,20,21,22,0,1,2,3,4,5,27,10,11,12,13,14,15,8,28,29,9,23,24,25]
,[39,40,41,42,43,25,30,31,52,55,46,47,48,49,50,51,32,33,34,35,36,37,38,56,57,5,44,45,53,54,6,7,16,17,18,19,20,21,22,0,1,2,3,4,26,27,10,11,12,13,14,15,8,28,29,9,23,24]
,[40,41,42,43,24,30,31,32,53,56,47,48,49,50,51,52,33,34,35,36,37,38,39,57,4,44,45,46,54,55,5,6,7,16,17,18,19,20,21,22,0,1,2,3,25,26,27,10,11,12,13,14,15,8,28,29,9,23]
,[41,42,43,23,30,31,32,33,54,57,48,49,50,51,52,53,34,35,36,37,38,39,40,3,44,45,46,47,55,56,4,5,6,7,16,17,18,19,20,21,22,0,1,2,24,25,26,27,10,11,12,13,14,15,8,28,29,9]
,[42,43,9,30,31,32,33,34,55,2,49,50,51,52,53,54,35,36,37,38,39,40,41,44,45,46,47,48,56,57,3,4,5,6,7,16,17,18,19,20,21,22,0,1,23,24,25,26,27,10,11,12,13,14,15,8,28,29]
,[43,29,30,31,32,33,34,35,56,44,50,51,52,53,54,55,36,37,38,39,40,41,42,45,46,47,48,49,57,1,2,3,4,5,6,7,16,17,18,19,20,21,22,0,9,23,24,25,26,27,10,11,12,13,14,15,8,28]
,[44,45,46,47,48,49,50,51,31,38,39,40,41,42,43,22,52,53,54,55,56,57,15,32,33,34,35,36,37,30,29,8,23,24,25,26,27,28,9,10,11,12,13,14,0,1,2,3,4,5,6,7,16,17,18,19,20,21]
,[45,46,47,48,49,50,51,52,32,39,40,41,42,43,21,30,53,54,55,56,57,14,44,33,34,35,36,37,38,31,15,29,8,23,24,25,26,27,28,9,10,11,12,13,22,0,1,2,3,4,5,6,7,16,17,18,19,20]
,[46,47,48,49,50,51,52,53,33,40,41,42,43,20,30,31,54,55,56,57,13,44,45,34,35,36,37,38,39,32,14,15,29,8,23,24,25,26,27,28,9,10,11,12,21,22,0,1,2,3,4,5,6,7,16,17,18,19]
,[47,48,49,50,51,52,53,54,34,41,42,43,19,30,31,32,55,56,57,12,44,45,46,35,36,37,38,39,40,33,13,14,15,29,8,23,24,25,26,27,28,9,10,11,20,21,22,0,1,2,3,4,5,6,7,16,17,18]
,[48,49,50,51,52,53,54,55,35,42,43,18,30,31,32,33,56,57,11,44,45,46,47,36,37,38,39,40,41,34,12,13,14,15,29,8,23,24,25,26,27,28,9,10,19,20,21,22,0,1,2,3,4,5,6,7,16,17]
,[49,50,51,52,53,54,55,56,36,43,17,30,31,32,33,34,57,10,44,45,46,47,48,37,38,39,40,41,42,35,11,12,13,14,15,29,8,23,24,25,26,27,28,9,18,19,20,21,22,0,1,2,3,4,5,6,7,16]
,[50,51,52,53,54,55,56,57,37,16,30,31,32,33,34,35,9,44,45,46,47,48,49,38,39,40,41,42,43,36,10,11,12,13,14,15,29,8,23,24,25,26,27,28,17,18,19,20,21,22,0,1,2,3,4,5,6,7]
,[51,52,53,54,55,56,57,28,38,30,31,32,33,34,35,36,44,45,46,47,48,49,50,39,40,41,42,43,7,37,9,10,11,12,13,14,15,29,8,23,24,25,26,27,16,17,18,19,20,21,22,0,1,2,3,4,5,6]
,[52,53,54,55,56,57,27,44,39,31,32,33,34,35,36,37,45,46,47,48,49,50,51,40,41,42,43,6,30,38,28,9,10,11,12,13,14,15,29,8,23,24,25,26,7,16,17,18,19,20,21,22,0,1,2,3,4,5]
,[53,54,55,56,57,26,44,45,40,32,33,34,35,36,37,38,46,47,48,49,50,51,52,41,42,43,5,30,31,39,27,28,9,10,11,12,13,14,15,29,8,23,24,25,6,7,16,17,18,19,20,21,22,0,1,2,3,4]
,[54,55,56,57,25,44,45,46,41,33,34,35,36,37,38,39,47,48,49,50,51,52,53,42,43,4,30,31,32,40,26,27,28,9,10,11,12,13,14,15,29,8,23,24,5,6,7,16,17,18,19,20,21,22,0,1,2,3]
,[55,56,57,24,44,45,46,47,42,34,35,36,37,38,39,40,48,49,50,51,52,53,54,43,3,30,31,32,33,41,25,26,27,28,9,10,11,12,13,14,15,29,8,23,4,5,6,7,16,17,18,19,20,21,22,0,1,2]
,[56,57,23,44,45,46,47,48,43,35,36,37,38,39,40,41,49,50,51,52,53,54,55,2,30,31,32,33,34,42,24,25,26,27,28,9,10,11,12,13,14,15,29,8,3,4,5,6,7,16,17,18,19,20,21,22,0,1]
,[57,8,44,45,46,47,48,49,1,36,37,38,39,40,41,42,50,51,52,53,54,55,56,30,31,32,33,34,35,43,23,24,25,26,27,28,9,10,11,12,13,14,15,29,2,3,4,5,6,7,16,17,18,19,20,21,22,0]
]
,31:
[[1,0,3,2,5,4,7,6,9,8,11,10,13,12,15,14,17,16,19,18,21,20,23,22,25,24,27,26,29,28,31,30,33,32,35,34,37,36,39,38,41,40,43,42,45,44,47,46,49,48,51,50,53,52,55,54,57,56,59,58,61,60]
,[2,3,0,1,6,7,4,5,10,11,8,9,14,15,12,13,18,19,16,17,22,23,20,21,26,27,24,25,30,31,28,29,34,35,32,33,38,39,36,37,42,43,40,41,46,47,44,45,50,51,48,49,54,55,52,53,58,60,56,61,57,59]
,[3,2,1,0,7,6,5,4,11,10,9,8,15,14,13,12,19,18,17,16,23,22,21,20,27,26,25,24,31,30,29,28,35,34,33,32,39,38,37,36,43,42,41,40,47,46,45,44,51,50,49,48,55,54,53,52,59,61,60,56,58,57]
,[4,5,6,7,0,1,2,3,12,13,14,15,8,9,10,11,20,21,22,23,16,17,18,19,28,29,30,31,24,25,26,27,36,37,38,39,32,33,34,35,44,45,46,47,40,41,42,43,52,53,54,55,48,49,50,51,60,59,61,57,56,58]
,[5,6,7,4,3,0,1,2,13,14,15,12,11,8,9,10,21,22,23,20,19,16,17,18,29,30,31,28,27,24,25,26,37,38,39,36,35,32,33,34,45,46,47,44,43,40,41,42,53,54,55,52,51,48,49,50,61,58,57,60,59,56]
,[6,7,4,5,2,3,0,1,14,15,12,13,10,11,8,9,22,23,20,21,18,19,16,17,30,31,28,29,26,27,24,25,38,39,36,37,34,35,32,33,46,47,44,45,42,43,40,41,54,56,57,58,60,61,48,59,49,50,51,55,52,53]
,[7,4,5,6,1,2,3,0,15,12,13,14,9,10,11,8,23,20,21,22,17,18,19,16,31,28,29,30,25,26,27,24,39,36,37,38,33,34,35,32,47,44,45,46,41,42,43,40,55,59,60,61,56,57,58,48,52,53,54,49,50,51]
,[8,9,10,11,12,13,14,15,0,1,2,3,4,5,6,7,24,25,26,27,28,29,30,31,16,17,18,19,20,21,22,23,40,41,42,43,44,45,46,47,32,33,34,35,36,37,38,39,56,57,58,53,61,51,59,60,48,49,50,54,55,52]
,[9,10,11,12,13,14,15,8,7,0,1,2,3,4,5,6,25,26,27,28,29,30,31,24,23,16,17,18,19,20,21,22,41,42,43,44,45,46,47,40,39,32,33,34,35,36,37,38,57,58,52,56,50,59,60,61,51,48,49,53,54,55]
,[10,11,12,13,14,15,8,9,6,7,0,1,2,3,4,5,26,27,28,29,30,31,24,25,22,23,16,17,18,19,20,21,42,43,44,45,46,47,40,41,38,39,32,33,34,35,36,37,58,55,56,57,59,60,61,49,50,51,48,52,53,54]
,[11,12,13,14,15,8,9,10,5,6,7,0,1,2,3,4,27,28,29,30,31,24,25,26,21,22,23,16,17,18,19,20,43,44,45,46,47,40,41,42,37,38,39,32,33,34,35,36,59,60,61,54,57,58,51,56,55,52,53,48,49,50]
,[12,13,14,15,8,9,10,11,4,5,6,7,0,1,2,3,28,29,30,31,24,25,26,27,20,21,22,23,16,17,18,19,44,45,46,47,40,41,42,43,36,37,38,39,32,33,34,35,60,61,53,59,58,50,56,57,54,55,52,51,48,49]
,[13,14,15,8,9,10,11,12,3,4,5,6,7,0,1,2,29,30,31,24,25,26,27,28,19,20,21,22,23,16,17,18,45,46,47,40,41,42,43,44,35,36,37,38,39,32,33,34,61,52,59,60,49,56,57,58,53,54,55,50,51,48]
,[14,15,8,9,10,11,12,13,2,3,4,5,6,7,0,1,30,31,24,25,26,27,28,29,18,19,20,21,22,23,16,17,46,48,49,50,51,52,53,54,56,57,58,59,60,61,32,55,33,34,35,36,37,38,39,47,40,41,42,43,44,45]
,[15,8,9,10,11,12,13,14,1,2,3,4,5,6,7,0,31,24,25,26,27,28,29,30,17,18,19,20,21,22,23,16,47,55,56,57,58,59,60,61,48,49,50,51,52,53,54,32,40,41,42,43,44,45,46,33,34,35,36,37,38,39]
,[16,17,18,19,20,21,22,23,24,25,26,27,28,29,30,31,0,1,2,3,4,5,6,7,8,9,10,11,12,13,14,15,48,49,50,51,52,53,54,45,57,58,59,60,61,39,55,56,32,33,34,35,36,37,38,46,47,40,41,42,43,44]
,[17,18,19,20,21,22,23,24,25,26,27,28,29,30,31,16,15,0,1,2,3,4,5,6,7,8,9,10,11,12,13,14,49,50,51,52,53,54,44,48,58,59,60,61,38,55,56,57,39,32,33,34,35,36,37,45,46,47,40,41,42,43]
,[18,19,20,21,22,23,24,25,26,27,28,29,30,31,16,17,14,15,0,1,2,3,4,5,6,7,8,9,10,11,12,13,50,51,52,53,54,43,48,49,59,60,61,37,55,56,57,58,38,39,32,33,34,35,36,44,45,46,47,40,41,42]
,[19,20,21,22,23,24,25,26,27,28,29,30,31,16,17,18,13,14,15,0,1,2,3,4,5,6,7,8,9,10,11,12,51,52,53,54,42,48,49,50,60,61,36,55,56,57,58,59,37,38,39,32,33,34,35,43,44,45,46,47,40,41]
,[20,21,22,23,24,25,26,27,28,29,30,31,16,17,18,19,12,13,14,15,0,1,2,3,4,5,6,7,8,9,10,11,52,53,54,41,48,49,50,51,61,35,55,56,57,58,59,60,36,37,38,39,32,33,34,42,43,44,45,46,47,40]
,[21,22,23,24,25,26,27,28,29,30,31,16,17,18,19,20,11,12,13,14,15,0,1,2,3,4,5,6,7,8,9,10,53,54,40,48,49,50,51,52,34,55,56,57,58,59,60,61,35,36,37,38,39,32,33,41,42,43,44,45,46,47]
,[22,23,24,25,26,27,28,29,30,31,16,17,18,19,20,21,10,11,12,13,14,15,0,1,2,3,4,5,6,7,8,9,54,47,48,49,50,51,52,53,55,56,57,58,59,60,61,33,34,35,36,37,38,39,32,40,41,42,43,44,45,46]
,[23,24,25,26,27,28,29,30,31,16,17,18,19,20,21,22,9,10,11,12,13,14,15,0,1,2,3,4,5,6,7,8,55,56,57,58,59,60,61,46,49,50,51,52,53,54,39,48,47,40,41,42,43,44,45,32,33,34,35,36,37,38]
,[24,25,26,27,28,29,30,31,16,17,18,19,20,21,22,23,8,9,10,11,12,13,14,15,0,1,2,3,4,5,6,7,56,57,58,59,60,61,45,55,50,51,52,53,54,38,48,49,46,47,40,41,42,43,44,39,32,33,34,35,36,37]
,[25,26,27,28,29,30,31,16,17,18,19,20,21,22,23,24,7,8,9,10,11,12,13,14,15,0,1,2,3,4,5,6,57,58,59,60,61,44,55,56,51,52,53,54,37,48,49,50,45,46,47,40,41,42,43,38,39,32,33,34,35,36]
,[26,27,28,29,30,31,16,17,18,19,20,21,22,23,24,25,6,7,8,9,10,11,12,13,14,15,0,1,2,3,4,5,58,59,60,61,43,55,56,57,52,53,54,36,48,49,50,51,44,45,46,47,40,41,42,37,38,39,32,33,34,35]
,[27,28,29,30,31,16,17,18,19,20,21,22,23,24,25,26,5,6,7,8,9,10,11,12,13,14,15,0,1,2,3,4,59,60,61,42,55,56,57,58,53,54,35,48,49,50,51,52,43,44,45,46,47,40,41,36,37,38,39,32,33,34]
,[28,29,30,31,16,17,18,19,20,21,22,23,24,25,26,27,4,5,6,7,8,9,10,11,12,13,14,15,0,1,2,3,60,61,41,55,56,57,58,59,54,34,48,49,50,51,52,53,42,43,44,45,46,47,40,35,36,37,38,39,32,33]
,[29,30,31,16,17,18,19,20,21,22,23,24,25,26,27,28,3,4,5,6,7,8,9,10,11,12,13,14,15,0,1,2,61,40,55,56,57,58,59,60,33,48,49,50,51,52,53,54,41,42,43,44,45,46,47,34,35,36,37,38,39,32]
,[30,32,33,34,35,36,37,38,39,40,41,42,43,44,45,46,48,49,50,51,52,53,54,55,56,57,58,59,60,61,0,47,1,2,3,4,5,6,7,8,9,10,11,12,13,14,15,31,16,17,18,19,20,21,22,23,24,25,26,27,28,29]
,[31,47,48,49,50,51,52,53,54,55,56,57,58,59,60,61,32,33,34,35,36,37,38,39,40,41,42,43,44,45,46,0,16,17,18,19,20,21,22,23,24,25,26,27,28,29,30,1,2,3,4,5,6,7,8,9,10,11,12,13,14,15]
,[32,33,34,35,36,37,38,39,40,41,42,43,44,45,46,29,49,50,51,52,53,54,55,56,57,58,59,60,61,15,47,48,0,1,2,3,4,5,6,7,8,9,10,11,12,13,14,30,31,16,17,18,19,20,21,22,23,24,25,26,27,28]
,[33,34,35,36,37,38,39,40,41,42,43,44,45,46,28,32,50,51,52,53,54,55,56,57,58,59,60,61,14,47,48,49,15,0,1,2,3,4,5,6,7,8,9,10,11,12,13,29,30,31,16,17,18,19,20,21,22,23,24,25,26,27]
,[34,35,36,37,38,39,40,41,42,43,44,45,46,27,32,33,51,52,53,54,55,56,57,58,59,60,61,13,47,48,49,50,14,15,0,1,2,3,4,5,6,7,8,9,10,11,12,28,29,30,31,16,17,18,19,20,21,22,23,24,25,26]
,[35,36,37,38,39,40,41,42,43,44,45,46,26,32,33,34,52,53,54,55,56,57,58,59,60,61,12,47,48,49,50,51,13,14,15,0,1,2,3,4,5,6,7,8,9,10,11,27,28,29,30,31,16,17,18,19,20,21,22,23,24,25]
,[36,37,38,39,40,41,42,43,44,45,46,25,32,33,34,35,53,54,55,56,57,58,59,60,61,11,47,48,49,50,51,52,12,13,14,15,0,1,2,3,4,5,6,7,8,9,10,26,27,28,29,30,31,16,17,18,19,20,21,22,23,24]
,[37,38,39,40,41,42,43,44,45,46,24,32,33,34,35,36,54,55,56,57,58,59,60,61,10,47,48,49,50,51,52,53,11,12,13,14,15,0,1,2,3,4,5,6,7,8,9,25,26,27,28,29,30,31,16,17,18,19,20,21,22,23]
,[38,39,40,41,42,43,44,45,46,23,32,33,34,35,36,37,55,56,57,58,59,60,61,9,47,48,49,50,51,52,53,54,10,11,12,13,14,15,0,1,2,3,4,5,6,7,8,24,25,26,27,28,29,30,31,16,17,18,19,20,21,22]
,[39,40,41,42,43,44,45,46,22,32,33,34,35,36,37,38,56,57,58,59,60,61,8,47,48,49,50,51,52,53,54,55,9,10,11,12,13,14,15,0,1,2,3,4,5,6,7,23,24,25,26,27,28,29,30,31,16,17,18,19,20,21]
,[40,41,42,43,44,45,46,21,32,33,34,35,36,37,38,39,57,58,59,60,61,7,47,48,49,50,51,52,53,54,55,56,8,9,10,11,12,13,14,15,0,1,2,3,4,5,6,22,23,24,25,26,27,28,29,30,31,16,17,18,19,20]
,[41,42,43,44,45,46,20,32,33,34,35,36,37,38,39,40,58,59,60,61,6,47,48,49,50,51,52,53,54,55,56,57,7,8,9,10,11,12,13,14,15,0,1,2,3,4,5,21,22,23,24,25,26,27,28,29,30,31,16,17,18,19]
,[42,43,44,45,46,19,32,33,34,35,36,37,38,39,40,41,59,60,61,5,47,48,49,50,51,52,53,54,55,56,57,58,6,7,8,9,10,11,12,13,14,15,0,1,2,3,4,20,21,22,23,24,25,26,27,28,29,30,31,16,17,18]
,[43,44,45,46,18,32,33,34,35,36,37,38,39,40,41,42,60,61,4,47,48,49,50,51,52,53,54,55,56,57,58,59,5,6,7,8,9,10,11,12,13,14,15,0,1,2,3,19,20,21,22,23,24,25,26,27,28,29,30,31,16,17]
,[44,45,46,17,32,33,34,35,36,37,38,39,40,41,42,43,61,3,47,48,49,50,51,52,53,54,55,56,57,58,59,60,4,5,6,7,8,9,10,11,12,13,14,15,0,1,2,18,19,20,21,22,23,24,25,26,27,28,29,30,31,16]
,[45,46,16,32,33,34,35,36,37,38,39,40,41,42,43,44,2,47,48,49,50,51,52,53,54,55,56,57,58,59,60,61,3,4,5,6,7,8,9,10,11,12,13,14,15,0,1,17,18,19,20,21,22,23,24,25,26,27,28,29,30,31]
,[46,31,32,33,34,35,36,37,38,39,40,41,42,43,44,45,47,48,49,50,51,52,53,54,55,56,57,58,59,60,61,1,2,3,4,5,6,7,8,9,10,11,12,13,14,15,0,16,17,18,19,20,21,22,23,24,25,26,27,28,29,30]
,[47,48,49,50,51,52,53,54,55,56,57,58,59,60,61,30,33,34,35,36,37,38,39,40,41,42,43,44,45,46,15,32,31,16,17,18,19,20,21,22,23,24,25,26,27,28,29,0,1,2,3,4,5,6,7,8,9,10,11,12,13,14]
,[48,49,50,51,52,53,54,55,56,57,58,59,60,61,29,47,34,35,36,37,38,39,40,41,42,43,44,45,46,14,32,33,30,31,16,17,18,19,20,21,22,23,24,25,26,27,28,15,0,1,2,3,4,5,6,7,8,9,10,11,12,13]
,[49,50,51,52,53,54,55,56,57,58,59,60,61,28,47,48,35,36,37,38,39,40,41,42,43,44,45,46,13,32,33,34,29,30,31,16,17,18,19,20,21,22,23,24,25,26,27,14,15,0,1,2,3,4,5,6,7,8,9,10,11,12]
,[50,51,52,53,54,55,56,57,58,59,60,61,27,47,48,49,36,37,38,39,40,41,42,43,44,45,46,12,32,33,34,35,28,29,30,31,16,17,18,19,20,21,22,23,24,25,26,13,14,15,0,1,2,3,4,5,6,7,8,9,10,11]
,[51,52,53,54,55,56,57,58,59,60,61,26,47,48,49,50,37,38,39,40,41,42,43,44,45,46,11,32,33,34,35,36,27,28,29,30,31,16,17,18,19,20,21,22,23,24,25,12,13,14,15,0,1,2,3,4,5,6,7,8,9,10]
,[52,53,54,55,56,57,58,59,60,61,25,47,48,49,50,51,38,39,40,41,42,43,44,45,46,10,32,33,34,35,36,37,26,27,28,29,30,31,16,17,18,19,20,21,22,23,24,11,12,13,14,15,0,1,2,3,4,5,6,7,8,9]
,[53,54,55,56,57,58,59,60,61,24,47,48,49,50,51,52,39,40,41,42,43,44,45,46,9,32,33,34,35,36,37,38,25,26,27,28,29,30,31,16,17,18,19,20,21,22,23,10,11,12,13,14,15,0,1,2,3,4,5,6,7,8]
,[54,55,56,57,58,59,60,61,23,47,48,49,50,51,52,53,40,41,42,43,44,45,46,8,32,33,34,35,36,37,38,39,24,25,26,27,28,29,30,31,16,17,18,19,20,21,22,9,10,11,12,13,14,15,0,1,2,3,4,5,6,7]
,[55,56,57,58,59,60,61,22,47,48,49,50,51,52,53,54,41,42,43,44,45,46,7,32,33,34,35,36,37,38,39,40,23,24,25,26,27,28,29,30,31,16,17,18,19,20,21,8,9,10,11,12,13,14,15,0,1,2,3,4,5,6]
,[56,57,58,59,60,61,21,47,48,49,50,51,52,53,54,55,42,43,44,45,46,6,32,33,34,35,36,37,38,39,40,41,22,23,24,25,26,27,28,29,30,31,16,17,18,19,20,7,8,9,10,11,12,13,14,15,0,1,2,3,4,5]
,[57,58,59,60,61,20,47,48,49,50,51,52,53,54,55,56,43,44,45,46,5,32,33,34,35,36,37,38,39,40,41,42,21,22,23,24,25,26,27,28,29,30,31,16,17,18,19,6,7,8,9,10,11,12,13,14,15,0,1,2,3,4]
,[58,59,60,61,19,47,48,49,50,51,52,53,54,55,56,57,44,45,46,4,32,33,34,35,36,37,38,39,40,41,42,43,20,21,22,23,24,25,26,27,28,29,30,31,16,17,18,5,6,7,8,9,10,11,12,13,14,15,0,1,2,3]
,[59,60,61,18,47,48,49,50,51,52,53,54,55,56,57,58,45,46,3,32,33,34,35,36,37,38,39,40,41,42,43,44,19,20,21,22,23,24,25,26,27,28,29,30,31,16,17,4,5,6,7,8,9,10,11,12,13,14,15,0,1,2]
,[60,61,17,47,48,49,50,51,52,53,54,55,56,57,58,59,46,2,32,33,34,35,36,37,38,39,40,41,42,43,44,45,18,19,20,21,22,23,24,25,26,27,28,29,30,31,16,3,4,5,6,7,8,9,10,11,12,13,14,15,0,1]
,[61,16,47,48,49,50,51,52,53,54,55,56,57,58,59,60,1,32,33,34,35,36,37,38,39,40,41,42,43,44,45,46,17,18,19,20,21,22,23,24,25,26,27,28,29,30,31,2,3,4,5,6,7,8,9,10,11,12,13,14,15,0]
]
,33:
[[1,0,3,2,5,4,7,6,9,8,11,10,13,12,15,14,17,16,19,18,21,20,23,22,25,24,27,26,29,28,31,30,33,32,35,34,37,36,39,38,41,40,43,42,45,44,47,46,49,48,51,50,53,52,55,54,57,56,59,58,61,60,63,62,65,64]
,[2,4,0,5,1,3,8,9,6,7,12,13,10,11,16,17,14,15,20,21,18,19,24,25,22,23,28,29,26,27,32,33,30,31,36,37,34,35,40,41,38,39,44,45,42,43,48,49,46,47,52,53,50,51,56,57,54,55,60,61,58,59,64,65,62,63]
,[3,5,4,0,2,1,9,8,7,6,13,12,11,10,17,16,15,14,21,20,19,18,25,24,23,22,29,28,27,26,33,32,31,30,37,36,35,34,41,40,39,38,45,44,43,42,49,48,47,46,53,52,51,50,57,56,55,54,61,60,59,58,65,64,63,62]
,[4,9,6,7,0,8,2,3,5,1,14,15,16,17,10,11,12,13,22,23,24,25,18,19,20,21,30,31,32,33,26,27,28,29,38,39,40,41,34,35,36,37,46,47,48,49,42,43,44,45,54,55,56,57,50,51,52,53,62,63,64,65,58,59,60,61]
,[5,6,8,9,7,0,1,4,2,3,15,16,17,14,13,10,11,12,23,24,25,22,21,18,19,20,31,32,33,30,29,26,27,28,39,40,41,38,37,34,35,36,47,48,49,46,45,42,43,44,55,56,57,54,53,50,51,52,63,64,65,62,61,58,59,60]
,[6,3,7,1,8,9,0,2,4,5,16,17,14,15,12,13,10,11,24,25,22,23,20,21,18,19,32,33,30,31,28,29,26,27,40,41,38,39,36,37,34,35,48,49,46,47,44,45,42,43,56,57,54,55,52,53,50,51,64,65,62,63,60,61,58,59]
,[7,8,5,6,9,2,3,0,1,4,17,14,15,16,11,12,13,10,25,22,23,24,19,20,21,18,33,30,31,32,27,28,29,26,41,38,39,40,35,36,37,34,49,46,47,48,43,44,45,42,57,54,55,56,51,52,53,50,65,62,63,64,59,60,61,58]
,[8,17,10,11,15,16,12,13,0,14,2,3,6,7,9,4,5,1,26,27,28,29,30,31,32,33,18,19,20,21,22,23,24,25,42,43,44,45,46,47,48,49,34,35,36,37,38,39,40,41,58,59,60,61,62,63,64,65,50,51,52,53,54,55,56,57]
,[9,10,14,15,12,13,16,17,11,0,1,8,4,5,2,3,6,7,27,28,29,30,31,32,33,26,25,18,19,20,21,22,23,24,43,44,45,46,47,48,49,42,41,34,35,36,37,38,39,40,59,60,61,62,63,64,65,58,57,50,51,52,53,54,55,56]
,[10,7,11,12,16,17,13,1,14,15,0,2,3,6,8,9,4,5,28,29,30,31,32,33,26,27,24,25,18,19,20,21,22,23,44,45,46,47,48,49,42,43,40,41,34,35,36,37,38,39,60,61,62,63,64,65,58,59,56,57,50,51,52,53,54,55]
,[11,14,12,13,17,6,5,10,15,16,7,0,2,3,1,8,9,4,29,30,31,32,33,26,27,28,23,24,25,18,19,20,21,22,45,46,47,48,49,42,43,44,39,40,41,34,35,36,37,38,61,62,63,64,65,58,59,60,55,56,57,50,51,52,53,54]
,[12,15,13,4,3,14,10,11,16,17,6,7,0,2,5,1,8,9,30,31,32,33,26,27,28,29,22,23,24,25,18,19,20,21,46,47,48,49,42,43,44,45,38,39,40,41,34,35,36,37,62,63,64,65,58,59,60,61,54,55,56,57,50,51,52,53]
,[13,16,9,10,14,15,11,12,17,2,3,6,7,0,4,5,1,8,31,32,33,26,27,28,29,30,21,22,23,24,25,18,19,20,47,48,49,42,43,44,45,46,37,38,39,40,41,34,35,36,63,64,65,58,59,60,61,62,53,54,55,56,57,50,51,52]
,[14,11,15,16,13,7,17,5,12,10,9,1,8,4,0,2,3,6,32,33,26,27,28,29,30,31,20,21,22,23,24,25,18,19,48,49,42,43,44,45,46,47,36,37,38,39,40,41,34,35,64,65,58,59,60,61,62,63,52,53,54,55,56,57,50,51]
,[15,12,16,17,6,10,4,14,13,11,5,9,1,8,7,0,2,3,33,26,27,28,29,30,31,32,19,20,21,22,23,24,25,18,49,42,43,44,45,46,47,48,35,36,37,38,39,40,41,34,65,58,59,60,61,62,63,64,51,52,53,54,55,56,57,50]
,[16,33,18,19,30,31,20,21,27,32,22,23,24,25,28,29,0,26,2,3,6,7,10,11,12,13,17,8,14,15,4,5,9,1,50,51,52,53,54,55,56,57,58,59,60,61,62,63,64,65,34,35,36,37,38,39,40,41,42,43,44,45,46,47,48,49]
,[17,18,26,27,23,24,28,29,22,25,30,31,32,33,19,20,21,0,1,14,15,16,8,4,5,9,2,3,6,7,10,11,12,13,51,52,53,54,55,56,57,58,59,60,61,62,63,64,65,50,49,34,35,36,37,38,39,40,41,42,43,44,45,46,47,48]
,[18,13,19,20,31,32,21,22,28,33,23,24,25,1,29,30,26,27,0,2,3,6,7,10,11,12,16,17,8,14,15,4,5,9,52,53,54,55,56,57,58,59,60,61,62,63,64,65,50,51,48,49,34,35,36,37,38,39,40,41,42,43,44,45,46,47]
,[19,26,20,21,32,33,22,23,29,12,24,25,9,18,30,31,27,28,13,0,2,3,6,7,10,11,1,16,17,8,14,15,4,5,53,54,55,56,57,58,59,60,61,62,63,64,65,50,51,52,47,48,49,34,35,36,37,38,39,40,41,42,43,44,45,46]
,[20,27,21,22,33,11,23,24,30,26,25,5,18,19,31,32,28,29,12,13,0,2,3,6,7,10,9,1,16,17,8,14,15,4,54,55,56,57,58,59,60,61,62,63,64,65,50,51,52,53,46,47,48,49,34,35,36,37,38,39,40,41,42,43,44,45]
,[21,28,22,23,10,26,24,25,31,27,4,18,19,20,32,33,29,30,11,12,13,0,2,3,6,7,5,9,1,16,17,8,14,15,55,56,57,58,59,60,61,62,63,64,65,50,51,52,53,54,45,46,47,48,49,34,35,36,37,38,39,40,41,42,43,44]
,[22,29,23,24,26,27,25,15,32,28,18,19,20,21,33,7,30,31,10,11,12,13,0,2,3,6,4,5,9,1,16,17,8,14,56,57,58,59,60,61,62,63,64,65,50,51,52,53,54,55,44,45,46,47,48,49,34,35,36,37,38,39,40,41,42,43]
,[23,30,24,25,27,28,14,18,33,29,19,20,21,22,6,26,31,32,7,10,11,12,13,0,2,3,15,4,5,9,1,16,17,8,57,58,59,60,61,62,63,64,65,50,51,52,53,54,55,56,43,44,45,46,47,48,49,34,35,36,37,38,39,40,41,42]
,[24,31,25,8,28,29,18,19,3,30,20,21,22,23,26,27,32,33,6,7,10,11,12,13,0,2,14,15,4,5,9,1,16,17,58,59,60,61,62,63,64,65,50,51,52,53,54,55,56,57,42,43,44,45,46,47,48,49,34,35,36,37,38,39,40,41]
,[25,32,17,18,29,30,19,20,26,31,21,22,23,24,27,28,33,2,3,6,7,10,11,12,13,0,8,14,15,4,5,9,1,16,59,60,61,62,63,64,65,50,51,52,53,54,55,56,57,58,41,42,43,44,45,46,47,48,49,34,35,36,37,38,39,40]
,[26,19,27,28,24,25,29,30,23,13,31,32,33,9,20,21,22,18,17,1,14,15,16,8,4,5,0,2,3,6,7,10,11,12,60,61,62,63,64,65,50,51,52,53,54,55,56,57,58,59,40,41,42,43,44,45,46,47,48,49,34,35,36,37,38,39]
,[27,20,28,29,25,12,30,31,24,18,32,33,5,26,21,22,23,19,9,17,1,14,15,16,8,4,13,0,2,3,6,7,10,11,61,62,63,64,65,50,51,52,53,54,55,56,57,58,59,60,39,40,41,42,43,44,45,46,47,48,49,34,35,36,37,38]
,[28,21,29,30,11,18,31,32,25,19,33,4,26,27,22,23,24,20,5,9,17,1,14,15,16,8,12,13,0,2,3,6,7,10,62,63,64,65,50,51,52,53,54,55,56,57,58,59,60,61,38,39,40,41,42,43,44,45,46,47,48,49,34,35,36,37]
,[29,22,30,31,18,19,32,33,10,20,8,26,27,28,23,24,25,21,4,5,9,17,1,14,15,16,11,12,13,0,2,3,6,7,63,64,65,50,51,52,53,54,55,56,57,58,59,60,61,62,37,38,39,40,41,42,43,44,45,46,47,48,49,34,35,36]
,[30,23,31,32,19,20,33,16,18,21,26,27,28,29,24,25,7,22,8,4,5,9,17,1,14,15,10,11,12,13,0,2,3,6,64,65,50,51,52,53,54,55,56,57,58,59,60,61,62,63,36,37,38,39,40,41,42,43,44,45,46,47,48,49,34,35]
,[31,24,32,33,20,21,15,26,19,22,27,28,29,30,25,6,18,23,16,8,4,5,9,17,1,14,7,10,11,12,13,0,2,3,65,50,51,52,53,54,55,56,57,58,59,60,61,62,63,64,35,36,37,38,39,40,41,42,43,44,45,46,47,48,49,34]
,[32,65,34,35,61,62,36,37,60,63,38,39,40,41,51,58,59,64,42,43,44,45,46,47,48,49,52,53,54,55,56,57,0,50,2,3,6,7,10,11,12,13,18,19,20,21,22,23,24,25,33,14,26,27,28,29,30,31,15,16,8,4,5,9,17,1]
,[33,34,50,51,46,47,52,53,45,48,54,55,56,57,42,43,44,49,58,59,60,61,62,63,64,65,35,36,37,38,39,40,41,0,1,26,27,28,29,30,31,32,14,15,16,8,4,5,9,17,2,3,6,7,10,11,12,13,18,19,20,21,22,23,24,25]
,[34,25,35,36,62,63,37,38,61,64,39,40,41,42,52,59,60,65,43,44,45,46,47,48,49,1,53,54,55,56,57,58,50,51,0,2,3,6,7,10,11,12,13,18,19,20,21,22,23,24,32,33,14,26,27,28,29,30,31,15,16,8,4,5,9,17]
,[35,50,36,37,63,64,38,39,62,65,40,41,42,43,53,60,61,24,44,45,46,47,48,49,17,34,54,55,56,57,58,59,51,52,25,0,2,3,6,7,10,11,12,13,18,19,20,21,22,23,1,32,33,14,26,27,28,29,30,31,15,16,8,4,5,9]
,[36,51,37,38,64,65,39,40,63,23,41,42,43,44,54,61,62,50,45,46,47,48,49,9,34,35,55,56,57,58,59,60,52,53,24,25,0,2,3,6,7,10,11,12,13,18,19,20,21,22,17,1,32,33,14,26,27,28,29,30,31,15,16,8,4,5]
,[37,52,38,39,65,22,40,41,64,50,42,43,44,45,55,62,63,51,46,47,48,49,5,34,35,36,56,57,58,59,60,61,53,54,23,24,25,0,2,3,6,7,10,11,12,13,18,19,20,21,9,17,1,32,33,14,26,27,28,29,30,31,15,16,8,4]
,[38,53,39,40,21,50,41,42,65,51,43,44,45,46,56,63,64,52,47,48,49,4,34,35,36,37,57,58,59,60,61,62,54,55,22,23,24,25,0,2,3,6,7,10,11,12,13,18,19,20,5,9,17,1,32,33,14,26,27,28,29,30,31,15,16,8]
,[39,54,40,41,50,51,42,43,20,52,44,45,46,47,57,64,65,53,48,49,8,34,35,36,37,38,58,59,60,61,62,63,55,56,21,22,23,24,25,0,2,3,6,7,10,11,12,13,18,19,4,5,9,17,1,32,33,14,26,27,28,29,30,31,15,16]
,[40,55,41,42,51,52,43,44,50,53,45,46,47,48,58,65,19,54,49,16,34,35,36,37,38,39,59,60,61,62,63,64,56,57,20,21,22,23,24,25,0,2,3,6,7,10,11,12,13,18,8,4,5,9,17,1,32,33,14,26,27,28,29,30,31,15]
,[41,56,42,43,52,53,44,45,51,54,46,47,48,49,59,18,50,55,15,34,35,36,37,38,39,40,60,61,62,63,64,65,57,58,19,20,21,22,23,24,25,0,2,3,6,7,10,11,12,13,16,8,4,5,9,17,1,32,33,14,26,27,28,29,30,31]
,[42,57,43,44,53,54,45,46,52,55,47,48,49,31,60,50,51,56,34,35,36,37,38,39,40,41,61,62,63,64,65,13,58,59,18,19,20,21,22,23,24,25,0,2,3,6,7,10,11,12,15,16,8,4,5,9,17,1,32,33,14,26,27,28,29,30]
,[43,58,44,45,54,55,46,47,53,56,48,49,30,34,61,51,52,57,35,36,37,38,39,40,41,42,62,63,64,65,12,50,59,60,13,18,19,20,21,22,23,24,25,0,2,3,6,7,10,11,31,15,16,8,4,5,9,17,1,32,33,14,26,27,28,29]
,[44,59,45,46,55,56,47,48,54,57,49,29,34,35,62,52,53,58,36,37,38,39,40,41,42,43,63,64,65,11,50,51,60,61,12,13,18,19,20,21,22,23,24,25,0,2,3,6,7,10,30,31,15,16,8,4,5,9,17,1,32,33,14,26,27,28]
,[45,60,46,47,56,57,48,49,55,58,28,34,35,36,63,53,54,59,37,38,39,40,41,42,43,44,64,65,10,50,51,52,61,62,11,12,13,18,19,20,21,22,23,24,25,0,2,3,6,7,29,30,31,15,16,8,4,5,9,17,1,32,33,14,26,27]
,[46,61,47,48,57,58,49,27,56,59,34,35,36,37,64,54,55,60,38,39,40,41,42,43,44,45,65,7,50,51,52,53,62,63,10,11,12,13,18,19,20,21,22,23,24,25,0,2,3,6,28,29,30,31,15,16,8,4,5,9,17,1,32,33,14,26]
,[47,62,48,49,58,59,26,34,57,60,35,36,37,38,65,55,56,61,39,40,41,42,43,44,45,46,6,50,51,52,53,54,63,64,7,10,11,12,13,18,19,20,21,22,23,24,25,0,2,3,27,28,29,30,31,15,16,8,4,5,9,17,1,32,33,14]
,[48,63,49,14,59,60,34,35,58,61,36,37,38,39,3,56,57,62,40,41,42,43,44,45,46,47,50,51,52,53,54,55,64,65,6,7,10,11,12,13,18,19,20,21,22,23,24,25,0,2,26,27,28,29,30,31,15,16,8,4,5,9,17,1,32,33]
,[49,64,33,34,60,61,35,36,59,62,37,38,39,40,50,57,58,63,41,42,43,44,45,46,47,48,51,52,53,54,55,56,65,2,3,6,7,10,11,12,13,18,19,20,21,22,23,24,25,0,14,26,27,28,29,30,31,15,16,8,4,5,9,17,1,32]
,[50,35,51,52,47,48,53,54,46,49,55,56,57,58,43,44,45,25,59,60,61,62,63,64,65,17,36,37,38,39,40,41,42,34,33,1,26,27,28,29,30,31,32,14,15,16,8,4,5,9,0,2,3,6,7,10,11,12,13,18,19,20,21,22,23,24]
,[51,36,52,53,48,49,54,55,47,24,56,57,58,59,44,45,46,34,60,61,62,63,64,65,9,50,37,38,39,40,41,42,43,35,17,33,1,26,27,28,29,30,31,32,14,15,16,8,4,5,25,0,2,3,6,7,10,11,12,13,18,19,20,21,22,23]
,[52,37,53,54,49,23,55,56,48,34,57,58,59,60,45,46,47,35,61,62,63,64,65,5,50,51,38,39,40,41,42,43,44,36,9,17,33,1,26,27,28,29,30,31,32,14,15,16,8,4,24,25,0,2,3,6,7,10,11,12,13,18,19,20,21,22]
,[53,38,54,55,22,34,56,57,49,35,58,59,60,61,46,47,48,36,62,63,64,65,4,50,51,52,39,40,41,42,43,44,45,37,5,9,17,33,1,26,27,28,29,30,31,32,14,15,16,8,23,24,25,0,2,3,6,7,10,11,12,13,18,19,20,21]
,[54,39,55,56,34,35,57,58,21,36,59,60,61,62,47,48,49,37,63,64,65,8,50,51,52,53,40,41,42,43,44,45,46,38,4,5,9,17,33,1,26,27,28,29,30,31,32,14,15,16,22,23,24,25,0,2,3,6,7,10,11,12,13,18,19,20]
,[55,40,56,57,35,36,58,59,34,37,60,61,62,63,48,49,20,38,64,65,16,50,51,52,53,54,41,42,43,44,45,46,47,39,8,4,5,9,17,33,1,26,27,28,29,30,31,32,14,15,21,22,23,24,25,0,2,3,6,7,10,11,12,13,18,19]
,[56,41,57,58,36,37,59,60,35,38,61,62,63,64,49,19,34,39,65,15,50,51,52,53,54,55,42,43,44,45,46,47,48,40,16,8,4,5,9,17,33,1,26,27,28,29,30,31,32,14,20,21,22,23,24,25,0,2,3,6,7,10,11,12,13,18]
,[57,42,58,59,37,38,60,61,36,39,62,63,64,65,18,34,35,40,14,50,51,52,53,54,55,56,43,44,45,46,47,48,49,41,15,16,8,4,5,9,17,33,1,26,27,28,29,30,31,32,19,20,21,22,23,24,25,0,2,3,6,7,10,11,12,13]
,[58,43,59,60,38,39,61,62,37,40,63,64,65,32,34,35,36,41,50,51,52,53,54,55,56,57,44,45,46,47,48,49,13,42,14,15,16,8,4,5,9,17,33,1,26,27,28,29,30,31,18,19,20,21,22,23,24,25,0,2,3,6,7,10,11,12]
,[59,44,60,61,39,40,62,63,38,41,64,65,31,50,35,36,37,42,51,52,53,54,55,56,57,58,45,46,47,48,49,12,34,43,32,14,15,16,8,4,5,9,17,33,1,26,27,28,29,30,13,18,19,20,21,22,23,24,25,0,2,3,6,7,10,11]
,[60,45,61,62,40,41,63,64,39,42,65,30,50,51,36,37,38,43,52,53,54,55,56,57,58,59,46,47,48,49,11,34,35,44,31,32,14,15,16,8,4,5,9,17,33,1,26,27,28,29,12,13,18,19,20,21,22,23,24,25,0,2,3,6,7,10]
,[61,46,62,63,41,42,64,65,40,43,29,50,51,52,37,38,39,44,53,54,55,56,57,58,59,60,47,48,49,10,34,35,36,45,30,31,32,14,15,16,8,4,5,9,17,33,1,26,27,28,11,12,13,18,19,20,21,22,23,24,25,0,2,3,6,7]
,[62,47,63,64,42,43,65,28,41,44,50,51,52,53,38,39,40,45,54,55,56,57,58,59,60,61,48,49,7,34,35,36,37,46,29,30,31,32,14,15,16,8,4,5,9,17,33,1,26,27,10,11,12,13,18,19,20,21,22,23,24,25,0,2,3,6]
,[63,48,64,65,43,44,27,50,42,45,51,52,53,54,39,40,41,46,55,56,57,58,59,60,61,62,49,6,34,35,36,37,38,47,28,29,30,31,32,14,15,16,8,4,5,9,17,33,1,26,7,10,11,12,13,18,19,20,21,22,23,24,25,0,2,3]
,[64,49,65,26,44,45,50,51,43,46,52,53,54,55,40,41,42,47,56,57,58,59,60,61,62,63,3,34,35,36,37,38,39,48,27,28,29,30,31,32,14,15,16,8,4,5,9,17,33,1,6,7,10,11,12,13,18,19,20,21,22,23,24,25,0,2]
,[65,2,1,50,45,46,51,52,44,47,53,54,55,56,41,42,43,48,57,58,59,60,61,62,63,64,34,35,36,37,38,39,40,49,26,27,28,29,30,31,32,14,15,16,8,4,5,9,17,33,3,6,7,10,11,12,13,18,19,20,21,22,23,24,25,0]
]
,35:
[[1,0,3,2,5,4,7,6,9,8,11,10,13,12,15,14,17,16,19,18,21,20,23,22,25,24,27,26,29,28,31,30,33,32,35,34,37,36,39,38,41,40,43,42,45,44,47,46,49,48,51,50,53,52,55,54,57,56,59,58,61,60,63,62,65,64,67,66,69,68]
,[2,4,0,5,1,3,8,9,6,7,12,13,10,11,16,17,14,15,20,22,18,23,19,21,26,27,24,25,30,31,28,29,34,35,32,33,38,40,36,41,37,39,44,45,42,43,48,49,46,47,52,53,50,51,56,57,54,55,60,61,58,59,64,65,62,63,68,69,66,67]
,[3,5,4,0,2,1,9,8,7,6,13,12,11,10,17,16,15,14,21,23,22,18,20,19,27,26,25,24,31,30,29,28,35,34,33,32,39,41,40,36,38,37,45,44,43,42,49,48,47,46,53,52,51,50,57,56,55,54,61,60,59,58,65,64,63,62,69,68,67,66]
,[4,9,6,7,0,8,2,3,5,1,14,15,16,17,10,11,12,13,22,27,24,25,18,26,20,21,23,19,32,33,34,35,28,29,30,31,40,45,42,43,36,44,38,39,41,37,50,51,52,53,46,47,48,49,58,59,60,61,54,55,56,57,66,67,68,69,62,63,64,65]
,[5,6,8,9,7,0,1,4,2,3,15,16,17,14,13,10,11,12,23,24,26,27,25,18,19,22,20,21,33,34,35,32,31,28,29,30,41,42,44,45,43,36,37,40,38,39,51,52,53,50,49,46,47,48,59,60,61,58,57,54,55,56,67,68,69,66,65,62,63,64]
,[6,3,7,1,8,9,0,2,4,5,16,17,14,15,12,13,10,11,24,21,25,19,26,27,18,20,22,23,34,35,32,33,30,31,28,29,42,39,43,37,44,45,36,38,40,41,52,53,50,51,48,49,46,47,60,61,58,59,56,57,54,55,68,69,66,67,64,65,62,63]
,[7,8,5,6,9,2,3,0,1,4,17,14,15,16,11,12,13,10,25,26,23,24,27,20,21,18,19,22,35,32,33,34,29,30,31,28,43,44,41,42,45,38,39,36,37,40,53,50,51,52,47,48,49,46,61,58,59,60,55,56,57,54,69,66,67,68,63,64,65,62]
,[8,17,10,11,15,16,12,13,0,14,2,3,6,7,9,4,5,1,26,35,28,29,33,34,30,31,18,32,20,21,24,25,27,22,23,19,44,53,46,47,51,52,48,49,36,50,38,39,42,43,45,40,41,37,62,63,64,65,66,67,68,69,54,55,56,57,58,59,60,61]
,[9,10,14,15,12,13,16,17,11,0,1,8,4,5,2,3,6,7,27,28,32,33,30,31,34,35,29,18,19,26,22,23,20,21,24,25,45,46,50,51,48,49,52,53,47,36,37,44,40,41,38,39,42,43,63,64,65,66,67,68,69,62,61,54,55,56,57,58,59,60]
,[10,7,11,12,16,17,13,1,14,15,0,2,3,6,8,9,4,5,28,25,29,30,34,35,31,19,32,33,18,20,21,24,26,27,22,23,46,43,47,48,52,53,49,37,50,51,36,38,39,42,44,45,40,41,64,65,66,67,68,69,62,63,60,61,54,55,56,57,58,59]
,[11,14,12,13,17,6,5,10,15,16,7,0,2,3,1,8,9,4,29,32,30,31,35,24,23,28,33,34,25,18,20,21,19,26,27,22,47,50,48,49,53,42,41,46,51,52,43,36,38,39,37,44,45,40,65,66,67,68,69,62,63,64,59,60,61,54,55,56,57,58]
,[12,15,13,4,3,14,10,11,16,17,6,7,0,2,5,1,8,9,30,33,31,22,21,32,28,29,34,35,24,25,18,20,23,19,26,27,48,51,49,40,39,50,46,47,52,53,42,43,36,38,41,37,44,45,66,67,68,69,62,63,64,65,58,59,60,61,54,55,56,57]
,[13,16,9,10,14,15,11,12,17,2,3,6,7,0,4,5,1,8,31,34,27,28,32,33,29,30,35,20,21,24,25,18,22,23,19,26,49,52,45,46,50,51,47,48,53,38,39,42,43,36,40,41,37,44,67,68,69,62,63,64,65,66,57,58,59,60,61,54,55,56]
,[14,11,15,16,13,7,17,5,12,10,9,1,8,4,0,2,3,6,32,29,33,34,31,25,35,23,30,28,27,19,26,22,18,20,21,24,50,47,51,52,49,43,53,41,48,46,45,37,44,40,36,38,39,42,68,69,62,63,64,65,66,67,56,57,58,59,60,61,54,55]
,[15,12,16,17,6,10,4,14,13,11,5,9,1,8,7,0,2,3,33,30,34,35,24,28,22,32,31,29,23,27,19,26,25,18,20,21,51,48,52,53,42,46,40,50,49,47,41,45,37,44,43,36,38,39,69,62,63,64,65,66,67,68,55,56,57,58,59,60,61,54]
,[16,13,17,8,10,11,14,15,3,12,4,5,9,1,6,7,0,2,34,31,35,26,28,29,32,33,21,30,22,23,27,19,24,25,18,20,52,69,54,55,66,67,56,57,63,68,58,59,60,61,64,65,36,62,38,39,42,43,46,47,48,49,53,44,50,51,40,41,45,37]
,[17,2,1,14,11,12,15,16,10,13,8,4,5,9,3,6,7,0,35,20,19,32,29,30,33,34,28,31,26,22,23,27,21,24,25,18,53,54,62,63,59,60,64,65,58,61,66,67,68,69,55,56,57,36,37,50,51,52,44,40,41,45,38,39,42,43,46,47,48,49]
,[18,19,20,21,22,23,24,25,26,27,28,29,30,31,32,33,34,35,0,1,2,3,4,5,6,7,8,9,10,11,12,13,14,15,16,17,54,49,55,56,67,68,57,58,64,69,59,60,61,37,65,66,62,63,36,38,39,42,43,46,47,48,52,53,44,50,51,40,41,45]
,[19,20,21,22,23,24,25,26,27,28,29,30,31,32,33,34,35,18,17,0,1,2,3,4,5,6,7,8,9,10,11,12,13,14,15,16,55,62,56,57,68,69,58,59,65,48,60,61,45,54,66,67,63,64,49,36,38,39,42,43,46,47,37,52,53,44,50,51,40,41]
,[20,21,22,23,24,25,26,27,28,29,30,31,32,33,34,35,18,19,16,17,0,1,2,3,4,5,6,7,8,9,10,11,12,13,14,15,56,63,57,58,69,47,59,60,66,62,61,41,54,55,67,68,64,65,48,49,36,38,39,42,43,46,45,37,52,53,44,50,51,40]
,[21,22,23,24,25,26,27,28,29,30,31,32,33,34,35,18,19,20,15,16,17,0,1,2,3,4,5,6,7,8,9,10,11,12,13,14,57,64,58,59,46,62,60,61,67,63,40,54,55,56,68,69,65,66,47,48,49,36,38,39,42,43,41,45,37,52,53,44,50,51]
,[22,23,24,25,26,27,28,29,30,31,32,33,34,35,18,19,20,21,14,15,16,17,0,1,2,3,4,5,6,7,8,9,10,11,12,13,58,65,59,60,62,63,61,51,68,64,54,55,56,57,69,43,66,67,46,47,48,49,36,38,39,42,40,41,45,37,52,53,44,50]
,[23,24,25,26,27,28,29,30,31,32,33,34,35,18,19,20,21,22,13,14,15,16,17,0,1,2,3,4,5,6,7,8,9,10,11,12,59,66,60,61,63,64,50,54,69,65,55,56,57,58,42,62,67,68,43,46,47,48,49,36,38,39,51,40,41,45,37,52,53,44]
,[24,25,26,27,28,29,30,31,32,33,34,35,18,19,20,21,22,23,12,13,14,15,16,17,0,1,2,3,4,5,6,7,8,9,10,11,60,67,61,44,64,65,54,55,39,66,56,57,58,59,62,63,68,69,42,43,46,47,48,49,36,38,50,51,40,41,45,37,52,53]
,[25,26,27,28,29,30,31,32,33,34,35,18,19,20,21,22,23,24,11,12,13,14,15,16,17,0,1,2,3,4,5,6,7,8,9,10,61,68,53,54,65,66,55,56,62,67,57,58,59,60,63,64,69,38,39,42,43,46,47,48,49,36,44,50,51,40,41,45,37,52]
,[26,27,28,29,30,31,32,33,34,35,18,19,20,21,22,23,24,25,10,11,12,13,14,15,16,17,0,1,2,3,4,5,6,7,8,9,62,55,63,64,60,61,65,66,59,49,67,68,69,45,56,57,58,54,53,37,50,51,52,44,40,41,36,38,39,42,43,46,47,48]
,[27,28,29,30,31,32,33,34,35,18,19,20,21,22,23,24,25,26,9,10,11,12,13,14,15,16,17,0,1,2,3,4,5,6,7,8,63,56,64,65,61,48,66,67,60,54,68,69,41,62,57,58,59,55,45,53,37,50,51,52,44,40,49,36,38,39,42,43,46,47]
,[28,29,30,31,32,33,34,35,18,19,20,21,22,23,24,25,26,27,8,9,10,11,12,13,14,15,16,17,0,1,2,3,4,5,6,7,64,57,65,66,47,54,67,68,61,55,69,40,62,63,58,59,60,56,41,45,53,37,50,51,52,44,48,49,36,38,39,42,43,46]
,[29,30,31,32,33,34,35,18,19,20,21,22,23,24,25,26,27,28,7,8,9,10,11,12,13,14,15,16,17,0,1,2,3,4,5,6,65,58,66,67,54,55,68,69,46,56,44,62,63,64,59,60,61,57,40,41,45,53,37,50,51,52,47,48,49,36,38,39,42,43]
,[30,31,32,33,34,35,18,19,20,21,22,23,24,25,26,27,28,29,6,7,8,9,10,11,12,13,14,15,16,17,0,1,2,3,4,5,66,59,67,68,55,56,69,52,54,57,62,63,64,65,60,61,43,58,44,40,41,45,53,37,50,51,46,47,48,49,36,38,39,42]
,[31,32,33,34,35,18,19,20,21,22,23,24,25,26,27,28,29,30,5,6,7,8,9,10,11,12,13,14,15,16,17,0,1,2,3,4,67,60,68,69,56,57,51,62,55,58,63,64,65,66,61,42,54,59,52,44,40,41,45,53,37,50,43,46,47,48,49,36,38,39]
,[32,33,34,35,18,19,20,21,22,23,24,25,26,27,28,29,30,31,4,5,6,7,8,9,10,11,12,13,14,15,16,17,0,1,2,3,68,61,69,50,57,58,62,63,56,59,64,65,66,67,39,54,55,60,51,52,44,40,41,45,53,37,42,43,46,47,48,49,36,38]
,[33,34,35,18,19,20,21,22,23,24,25,26,27,28,29,30,31,32,3,4,5,6,7,8,9,10,11,12,13,14,15,16,17,0,1,2,69,38,37,62,58,59,63,64,57,60,65,66,67,68,54,55,56,61,50,51,52,44,40,41,45,53,39,42,43,46,47,48,49,36]
,[34,36,37,38,39,40,41,42,43,44,45,46,47,48,49,50,51,52,54,55,56,57,58,59,60,61,62,63,64,65,66,67,68,69,0,53,1,2,3,4,5,6,7,8,9,10,11,12,13,14,15,16,17,35,18,19,20,21,22,23,24,25,26,27,28,29,30,31,32,33]
,[35,53,54,55,56,57,58,59,60,61,62,63,64,65,66,67,68,69,36,37,38,39,40,41,42,43,44,45,46,47,48,49,50,51,52,0,18,19,20,21,22,23,24,25,26,27,28,29,30,31,32,33,34,1,2,3,4,5,6,7,8,9,10,11,12,13,14,15,16,17]
,[36,37,38,39,40,41,42,43,44,45,46,47,48,49,50,51,52,33,55,56,57,58,59,60,61,62,63,64,65,66,67,68,69,17,53,54,0,1,2,3,4,5,6,7,8,9,10,11,12,13,14,15,16,34,35,18,19,20,21,22,23,24,25,26,27,28,29,30,31,32]
,[37,38,39,40,41,42,43,44,45,46,47,48,49,50,51,52,32,36,56,57,58,59,60,61,62,63,64,65,66,67,68,69,16,53,54,55,17,0,1,2,3,4,5,6,7,8,9,10,11,12,13,14,15,33,34,35,18,19,20,21,22,23,24,25,26,27,28,29,30,31]
,[38,39,40,41,42,43,44,45,46,47,48,49,50,51,52,31,36,37,57,58,59,60,61,62,63,64,65,66,67,68,69,15,53,54,55,56,16,17,0,1,2,3,4,5,6,7,8,9,10,11,12,13,14,32,33,34,35,18,19,20,21,22,23,24,25,26,27,28,29,30]
,[39,40,41,42,43,44,45,46,47,48,49,50,51,52,30,36,37,38,58,59,60,61,62,63,64,65,66,67,68,69,14,53,54,55,56,57,15,16,17,0,1,2,3,4,5,6,7,8,9,10,11,12,13,31,32,33,34,35,18,19,20,21,22,23,24,25,26,27,28,29]
,[40,41,42,43,44,45,46,47,48,49,50,51,52,29,36,37,38,39,59,60,61,62,63,64,65,66,67,68,69,13,53,54,55,56,57,58,14,15,16,17,0,1,2,3,4,5,6,7,8,9,10,11,12,30,31,32,33,34,35,18,19,20,21,22,23,24,25,26,27,28]
,[41,42,43,44,45,46,47,48,49,50,51,52,28,36,37,38,39,40,60,61,62,63,64,65,66,67,68,69,12,53,54,55,56,57,58,59,13,14,15,16,17,0,1,2,3,4,5,6,7,8,9,10,11,29,30,31,32,33,34,35,18,19,20,21,22,23,24,25,26,27]
,[42,43,44,45,46,47,48,49,50,51,52,27,36,37,38,39,40,41,61,62,63,64,65,66,67,68,69,11,53,54,55,56,57,58,59,60,12,13,14,15,16,17,0,1,2,3,4,5,6,7,8,9,10,28,29,30,31,32,33,34,35,18,19,20,21,22,23,24,25,26]
,[43,44,45,46,47,48,49,50,51,52,26,36,37,38,39,40,41,42,62,63,64,65,66,67,68,69,10,53,54,55,56,57,58,59,60,61,11,12,13,14,15,16,17,0,1,2,3,4,5,6,7,8,9,27,28,29,30,31,32,33,34,35,18,19,20,21,22,23,24,25]
,[44,45,46,47,48,49,50,51,52,25,36,37,38,39,40,41,42,43,63,64,65,66,67,68,69,9,53,54,55,56,57,58,59,60,61,62,10,11,12,13,14,15,16,17,0,1,2,3,4,5,6,7,8,26,27,28,29,30,31,32,33,34,35,18,19,20,21,22,23,24]
,[45,46,47,48,49,50,51,52,24,36,37,38,39,40,41,42,43,44,64,65,66,67,68,69,8,53,54,55,56,57,58,59,60,61,62,63,9,10,11,12,13,14,15,16,17,0,1,2,3,4,5,6,7,25,26,27,28,29,30,31,32,33,34,35,18,19,20,21,22,23]
,[46,47,48,49,50,51,52,23,36,37,38,39,40,41,42,43,44,45,65,66,67,68,69,7,53,54,55,56,57,58,59,60,61,62,63,64,8,9,10,11,12,13,14,15,16,17,0,1,2,3,4,5,6,24,25,26,27,28,29,30,31,32,33,34,35,18,19,20,21,22]
,[47,48,49,50,51,52,22,36,37,38,39,40,41,42,43,44,45,46,66,67,68,69,6,53,54,55,56,57,58,59,60,61,62,63,64,65,7,8,9,10,11,12,13,14,15,16,17,0,1,2,3,4,5,23,24,25,26,27,28,29,30,31,32,33,34,35,18,19,20,21]
,[48,49,50,51,52,21,36,37,38,39,40,41,42,43,44,45,46,47,67,68,69,5,53,54,55,56,57,58,59,60,61,62,63,64,65,66,6,7,8,9,10,11,12,13,14,15,16,17,0,1,2,3,4,22,23,24,25,26,27,28,29,30,31,32,33,34,35,18,19,20]
,[49,50,51,52,20,36,37,38,39,40,41,42,43,44,45,46,47,48,68,69,4,53,54,55,56,57,58,59,60,61,62,63,64,65,66,67,5,6,7,8,9,10,11,12,13,14,15,16,17,0,1,2,3,21,22,23,24,25,26,27,28,29,30,31,32,33,34,35,18,19]
,[50,51,52,19,36,37,38,39,40,41,42,43,44,45,46,47,48,49,69,3,53,54,55,56,57,58,59,60,61,62,63,64,65,66,67,68,4,5,6,7,8,9,10,11,12,13,14,15,16,17,0,1,2,20,21,22,23,24,25,26,27,28,29,30,31,32,33,34,35,18]
,[51,52,18,36,37,38,39,40,41,42,43,44,45,46,47,48,49,50,2,53,54,55,56,57,58,59,60,61,62,63,64,65,66,67,68,69,3,4,5,6,7,8,9,10,11,12,13,14,15,16,17,0,1,19,20,21,22,23,24,25,26,27,28,29,30,31,32,33,34,35]
,[52,35,36,37,38,39,40,41,42,43,44,45,46,47,48,49,50,51,53,54,55,56,57,58,59,60,61,62,63,64,65,66,67,68,69,1,2,3,4,5,6,7,8,9,10,11,12,13,14,15,16,17,0,18,19,20,21,22,23,24,25,26,27,28,29,30,31,32,33,34]
,[53,54,55,56,57,58,59,60,61,62,63,64,65,66,67,68,69,34,37,38,39,40,41,42,43,44,45,46,47,48,49,50,51,52,17,36,35,18,19,20,21,22,23,24,25,26,27,28,29,30,31,32,33,0,1,2,3,4,5,6,7,8,9,10,11,12,13,14,15,16]
,[54,55,56,57,58,59,60,61,62,63,64,65,66,67,68,69,33,53,38,39,40,41,42,43,44,45,46,47,48,49,50,51,52,16,36,37,34,35,18,19,20,21,22,23,24,25,26,27,28,29,30,31,32,17,0,1,2,3,4,5,6,7,8,9,10,11,12,13,14,15]
,[55,56,57,58,59,60,61,62,63,64,65,66,67,68,69,32,53,54,39,40,41,42,43,44,45,46,47,48,49,50,51,52,15,36,37,38,33,34,35,18,19,20,21,22,23,24,25,26,27,28,29,30,31,16,17,0,1,2,3,4,5,6,7,8,9,10,11,12,13,14]
,[56,57,58,59,60,61,62,63,64,65,66,67,68,69,31,53,54,55,40,41,42,43,44,45,46,47,48,49,50,51,52,14,36,37,38,39,32,33,34,35,18,19,20,21,22,23,24,25,26,27,28,29,30,15,16,17,0,1,2,3,4,5,6,7,8,9,10,11,12,13]
,[57,58,59,60,61,62,63,64,65,66,67,68,69,30,53,54,55,56,41,42,43,44,45,46,47,48,49,50,51,52,13,36,37,38,39,40,31,32,33,34,35,18,19,20,21,22,23,24,25,26,27,28,29,14,15,16,17,0,1,2,3,4,5,6,7,8,9,10,11,12]
,[58,59,60,61,62,63,64,65,66,67,68,69,29,53,54,55,56,57,42,43,44,45,46,47,48,49,50,51,52,12,36,37,38,39,40,41,30,31,32,33,34,35,18,19,20,21,22,23,24,25,26,27,28,13,14,15,16,17,0,1,2,3,4,5,6,7,8,9,10,11]
,[59,60,61,62,63,64,65,66,67,68,69,28,53,54,55,56,57,58,43,44,45,46,47,48,49,50,51,52,11,36,37,38,39,40,41,42,29,30,31,32,33,34,35,18,19,20,21,22,23,24,25,26,27,12,13,14,15,16,17,0,1,2,3,4,5,6,7,8,9,10]
,[60,61,62,63,64,65,66,67,68,69,27,53,54,55,56,57,58,59,44,45,46,47,48,49,50,51,52,10,36,37,38,39,40,41,42,43,28,29,30,31,32,33,34,35,18,19,20,21,22,23,24,25,26,11,12,13,14,15,16,17,0,1,2,3,4,5,6,7,8,9]
,[61,62,63,64,65,66,67,68,69,26,53,54,55,56,57,58,59,60,45,46,47,48,49,50,51,52,9,36,37,38,39,40,41,42,43,44,27,28,29,30,31,32,33,34,35,18,19,20,21,22,23,24,25,10,11,12,13,14,15,16,17,0,1,2,3,4,5,6,7,8]
,[62,63,64,65,66,67,68,69,25,53,54,55,56,57,58,59,60,61,46,47,48,49,50,51,52,8,36,37,38,39,40,41,42,43,44,45,26,27,28,29,30,31,32,33,34,35,18,19,20,21,22,23,24,9,10,11,12,13,14,15,16,17,0,1,2,3,4,5,6,7]
,[63,64,65,66,67,68,69,24,53,54,55,56,57,58,59,60,61,62,47,48,49,50,51,52,7,36,37,38,39,40,41,42,43,44,45,46,25,26,27,28,29,30,31,32,33,34,35,18,19,20,21,22,23,8,9,10,11,12,13,14,15,16,17,0,1,2,3,4,5,6]
,[64,65,66,67,68,69,23,53,54,55,56,57,58,59,60,61,62,63,48,49,50,51,52,6,36,37,38,39,40,41,42,43,44,45,46,47,24,25,26,27,28,29,30,31,32,33,34,35,18,19,20,21,22,7,8,9,10,11,12,13,14,15,16,17,0,1,2,3,4,5]
,[65,66,67,68,69,22,53,54,55,56,57,58,59,60,61,62,63,64,49,50,51,52,5,36,37,38,39,40,41,42,43,44,45,46,47,48,23,24,25,26,27,28,29,30,31,32,33,34,35,18,19,20,21,6,7,8,9,10,11,12,13,14,15,16,17,0,1,2,3,4]
,[66,67,68,69,21,53,54,55,56,57,58,59,60,61,62,63,64,65,50,51,52,4,36,37,38,39,40,41,42,43,44,45,46,47,48,49,22,23,24,25,26,27,28,29,30,31,32,33,34,35,18,19,20,5,6,7,8,9,10,11,12,13,14,15,16,17,0,1,2,3]
,[67,68,69,20,53,54,55,56,57,58,59,60,61,62,63,64,65,66,51,52,3,36,37,38,39,40,41,42,43,44,45,46,47,48,49,50,21,22,23,24,25,26,27,28,29,30,31,32,33,34,35,18,19,4,5,6,7,8,9,10,11,12,13,14,15,16,17,0,1,2]
,[68,69,19,53,54,55,56,57,58,59,60,61,62,63,64,65,66,67,52,2,36,37,38,39,40,41,42,43,44,45,46,47,48,49,50,51,20,21,22,23,24,25,26,27,28,29,30,31,32,33,34,35,18,3,4,5,6,7,8,9,10,11,12,13,14,15,16,17,0,1]
,[69,18,53,54,55,56,57,58,59,60,61,62,63,64,65,66,67,68,1,36,37,38,39,40,41,42,43,44,45,46,47,48,49,50,51,52,19,20,21,22,23,24,25,26,27,28,29,30,31,32,33,34,35,2,3,4,5,6,7,8,9,10,11,12,13,14,15,16,17,0]
]
