,1:
[[1,0]
]
,3:
[[1,0,5,4,3,2]
,[2,4,0,5,1,3]
,[3,2,1,0,5,4]
,[4,5,3,2,0,1]
,[5,3,4,1,2,0]
]
,5:
[[1,0,7,4,3,6,5,2,9,8]
,[2,4,0,8,1,7,9,5,3,6]
,[3,2,1,0,9,8,7,6,5,4]
,[4,6,3,2,0,9,1,8,7,5]
,[5,3,4,1,2,0,8,9,6,7]
,[6,7,8,9,5,4,0,1,2,3]
,[7,8,9,5,6,3,4,0,1,2]
,[8,9,5,6,7,2,3,4,0,1]
,[9,5,6,7,8,1,2,3,4,0]
]
,7:
[[1,0,3,2,5,4,13,8,7,10,9,12,11,6]
,[2,3,0,1,6,12,4,9,10,7,8,13,5,11]
,[3,2,1,0,11,6,5,10,9,8,7,4,13,12]
,[4,5,6,10,0,1,2,11,12,13,3,7,8,9]
,[5,6,9,4,3,0,1,12,13,2,11,10,7,8]
,[6,8,4,5,2,3,0,13,1,11,12,9,10,7]
,[7,4,5,6,1,2,3,0,11,12,13,8,9,10]
,[8,9,10,11,12,13,7,6,0,1,2,3,4,5]
,[9,10,11,12,13,7,8,5,6,0,1,2,3,4]
,[10,11,12,13,7,8,9,4,5,6,0,1,2,3]
,[11,12,13,7,8,9,10,3,4,5,6,0,1,2]
,[12,13,7,8,9,10,11,2,3,4,5,6,0,1]
,[13,7,8,9,10,11,12,1,2,3,4,5,6,0]
]
,9:
[[1,0,7,4,3,6,5,2,17,10,9,16,13,12,15,14,11,8]
,[2,4,0,8,1,7,15,5,3,11,13,9,17,10,16,6,14,12]
,[3,2,1,0,13,8,7,6,5,12,11,10,9,4,17,16,15,14]
,[4,6,3,2,0,14,1,8,7,13,15,12,11,9,5,10,17,16]
,[5,3,4,1,2,0,8,16,6,14,12,13,10,11,9,17,7,15]
,[6,7,8,12,5,4,0,1,2,15,16,17,3,14,13,9,10,11]
,[7,8,11,5,6,3,4,0,1,16,17,2,14,15,12,13,9,10]
,[8,10,5,6,7,2,3,4,0,17,1,14,15,16,11,12,13,9]
,[9,5,6,7,8,1,2,3,4,0,14,15,16,17,10,11,12,13]
,[10,11,12,13,14,15,16,17,9,8,0,1,2,3,4,5,6,7]
,[11,12,13,14,15,16,17,9,10,7,8,0,1,2,3,4,5,6]
,[12,13,14,15,16,17,9,10,11,6,7,8,0,1,2,3,4,5]
,[13,14,15,16,17,9,10,11,12,5,6,7,8,0,1,2,3,4]
,[14,15,16,17,9,10,11,12,13,4,5,6,7,8,0,1,2,3]
,[15,16,17,9,10,11,12,13,14,3,4,5,6,7,8,0,1,2]
,[16,17,9,10,11,12,13,14,15,2,3,4,5,6,7,8,0,1]
,[17,9,10,11,12,13,14,15,16,1,2,3,4,5,6,7,8,0]
]
,11:
[[1,0,5,4,3,2,7,6,19,10,9,12,11,16,15,14,13,18,17,8,21,20]
,[2,4,0,5,1,3,8,10,6,20,7,13,15,11,16,12,14,19,21,17,9,18]
,[3,2,1,0,5,4,9,8,7,6,21,14,13,12,11,16,15,20,19,18,17,10]
,[4,5,3,2,0,1,10,18,9,8,6,15,16,14,13,11,12,21,7,20,19,17]
,[5,3,4,1,2,0,17,9,10,7,8,16,14,15,12,13,11,6,20,21,18,19]
,[6,7,8,9,10,16,0,1,2,3,4,17,18,19,20,21,5,11,12,13,14,15]
,[7,8,9,10,15,6,5,0,1,2,3,18,19,20,21,4,17,16,11,12,13,14]
,[8,9,10,14,6,7,4,5,0,1,2,19,20,21,3,17,18,15,16,11,12,13]
,[9,10,13,6,7,8,3,4,5,0,1,20,21,2,17,18,19,14,15,16,11,12]
,[10,12,6,7,8,9,2,3,4,5,0,21,1,17,18,19,20,13,14,15,16,11]
,[11,6,7,8,9,10,1,2,3,4,5,0,17,18,19,20,21,12,13,14,15,16]
,[12,13,14,15,16,17,18,19,20,21,11,10,0,1,2,3,4,5,6,7,8,9]
,[13,14,15,16,17,18,19,20,21,11,12,9,10,0,1,2,3,4,5,6,7,8]
,[14,15,16,17,18,19,20,21,11,12,13,8,9,10,0,1,2,3,4,5,6,7]
,[15,16,17,18,19,20,21,11,12,13,14,7,8,9,10,0,1,2,3,4,5,6]
,[16,17,18,19,20,21,11,12,13,14,15,6,7,8,9,10,0,1,2,3,4,5]
,[17,18,19,20,21,11,12,13,14,15,16,5,6,7,8,9,10,0,1,2,3,4]
,[18,19,20,21,11,12,13,14,15,16,17,4,5,6,7,8,9,10,0,1,2,3]
,[19,20,21,11,12,13,14,15,16,17,18,3,4,5,6,7,8,9,10,0,1,2]
,[20,21,11,12,13,14,15,16,17,18,19,2,3,4,5,6,7,8,9,10,0,1]
,[21,11,12,13,14,15,16,17,18,19,20,1,2,3,4,5,6,7,8,9,10,0]
]
,13:
[[1,0,3,2,5,4,19,8,7,10,9,12,11,14,13,16,15,18,17,6,21,20,23,22,25,24]
,[2,3,0,1,6,12,4,9,10,7,8,24,5,15,16,13,14,19,25,17,22,23,20,21,11,18]
,[3,2,1,0,11,6,5,10,9,8,7,4,25,16,15,14,13,24,19,18,23,22,21,20,17,12]
,[4,5,6,10,0,1,2,11,12,22,3,7,8,17,18,19,23,13,14,15,24,25,9,16,20,21]
,[5,6,9,4,3,0,1,12,21,2,11,10,7,18,19,22,17,16,13,14,25,8,15,24,23,20]
,[6,8,4,5,2,3,0,20,1,11,12,9,10,19,21,17,18,15,16,13,7,14,24,25,22,23]
,[7,4,5,6,1,2,3,0,11,12,23,8,9,20,17,18,19,14,15,16,13,24,25,10,21,22]
,[8,9,10,11,12,18,7,6,0,1,2,3,4,21,22,23,24,25,5,20,19,13,14,15,16,17]
,[9,10,11,12,17,7,8,5,6,0,1,2,3,22,23,24,25,4,20,21,18,19,13,14,15,16]
,[10,11,12,16,7,8,9,4,5,6,0,1,2,23,24,25,3,20,21,22,17,18,19,13,14,15]
,[11,12,15,7,8,9,10,3,4,5,6,0,1,24,25,2,20,21,22,23,16,17,18,19,13,14]
,[12,14,7,8,9,10,11,2,3,4,5,6,0,25,1,20,21,22,23,24,15,16,17,18,19,13]
,[13,7,8,9,10,11,12,1,2,3,4,5,6,0,20,21,22,23,24,25,14,15,16,17,18,19]
,[14,15,16,17,18,19,20,21,22,23,24,25,13,12,0,1,2,3,4,5,6,7,8,9,10,11]
,[15,16,17,18,19,20,21,22,23,24,25,13,14,11,12,0,1,2,3,4,5,6,7,8,9,10]
,[16,17,18,19,20,21,22,23,24,25,13,14,15,10,11,12,0,1,2,3,4,5,6,7,8,9]
,[17,18,19,20,21,22,23,24,25,13,14,15,16,9,10,11,12,0,1,2,3,4,5,6,7,8]
,[18,19,20,21,22,23,24,25,13,14,15,16,17,8,9,10,11,12,0,1,2,3,4,5,6,7]
,[19,20,21,22,23,24,25,13,14,15,16,17,18,7,8,9,10,11,12,0,1,2,3,4,5,6]
,[20,21,22,23,24,25,13,14,15,16,17,18,19,6,7,8,9,10,11,12,0,1,2,3,4,5]
,[21,22,23,24,25,13,14,15,16,17,18,19,20,5,6,7,8,9,10,11,12,0,1,2,3,4]
,[22,23,24,25,13,14,15,16,17,18,19,20,21,4,5,6,7,8,9,10,11,12,0,1,2,3]
,[23,24,25,13,14,15,16,17,18,19,20,21,22,3,4,5,6,7,8,9,10,11,12,0,1,2]
,[24,25,13,14,15,16,17,18,19,20,21,22,23,2,3,4,5,6,7,8,9,10,11,12,0,1]
,[25,13,14,15,16,17,18,19,20,21,22,23,24,1,2,3,4,5,6,7,8,9,10,11,12,0]
]
,15:
[[1,0,3,2,5,4,7,6,9,8,11,10,13,12,29,16,15,18,17,20,19,22,21,24,23,26,25,28,27,14]
,[2,3,0,1,6,7,4,5,10,11,8,9,14,28,12,17,18,15,16,21,22,19,20,25,26,23,24,29,13,27]
,[3,2,1,0,7,6,5,4,11,10,9,8,27,14,13,18,17,16,15,22,21,20,19,26,25,24,23,12,29,28]
,[4,5,6,7,0,1,2,3,12,13,14,26,8,9,10,19,20,21,22,15,16,17,18,27,28,29,11,23,24,25]
,[5,6,7,4,3,0,1,2,13,14,25,12,11,8,9,20,21,22,19,18,15,16,17,28,29,10,27,26,23,24]
,[6,7,4,5,2,3,0,1,14,24,12,13,10,11,8,21,22,19,20,17,18,15,16,29,9,27,28,25,26,23]
,[7,4,5,6,1,2,3,0,23,12,13,14,9,10,11,22,19,20,21,16,17,18,15,8,27,28,29,24,25,26]
,[8,9,10,11,12,13,14,22,0,1,2,3,4,5,6,23,24,25,26,27,28,29,7,15,16,17,18,19,20,21]
,[9,10,11,12,13,14,21,8,7,0,1,2,3,4,5,24,25,26,27,28,29,6,23,22,15,16,17,18,19,20]
,[10,11,12,13,14,20,8,9,6,7,0,1,2,3,4,25,26,27,28,29,5,23,24,21,22,15,16,17,18,19]
,[11,12,13,14,19,8,9,10,5,6,7,0,1,2,3,26,27,28,29,4,23,24,25,20,21,22,15,16,17,18]
,[12,13,14,18,8,9,10,11,4,5,6,7,0,1,2,27,28,29,3,23,24,25,26,19,20,21,22,15,16,17]
,[13,14,17,8,9,10,11,12,3,4,5,6,7,0,1,28,29,2,23,24,25,26,27,18,19,20,21,22,15,16]
,[14,16,8,9,10,11,12,13,2,3,4,5,6,7,0,29,1,23,24,25,26,27,28,17,18,19,20,21,22,15]
,[15,8,9,10,11,12,13,14,1,2,3,4,5,6,7,0,23,24,25,26,27,28,29,16,17,18,19,20,21,22]
,[16,17,18,19,20,21,22,23,24,25,26,27,28,29,15,14,0,1,2,3,4,5,6,7,8,9,10,11,12,13]
,[17,18,19,20,21,22,23,24,25,26,27,28,29,15,16,13,14,0,1,2,3,4,5,6,7,8,9,10,11,12]
,[18,19,20,21,22,23,24,25,26,27,28,29,15,16,17,12,13,14,0,1,2,3,4,5,6,7,8,9,10,11]
,[19,20,21,22,23,24,25,26,27,28,29,15,16,17,18,11,12,13,14,0,1,2,3,4,5,6,7,8,9,10]
,[20,21,22,23,24,25,26,27,28,29,15,16,17,18,19,10,11,12,13,14,0,1,2,3,4,5,6,7,8,9]
,[21,22,23,24,25,26,27,28,29,15,16,17,18,19,20,9,10,11,12,13,14,0,1,2,3,4,5,6,7,8]
,[22,23,24,25,26,27,28,29,15,16,17,18,19,20,21,8,9,10,11,12,13,14,0,1,2,3,4,5,6,7]
,[23,24,25,26,27,28,29,15,16,17,18,19,20,21,22,7,8,9,10,11,12,13,14,0,1,2,3,4,5,6]
,[24,25,26,27,28,29,15,16,17,18,19,20,21,22,23,6,7,8,9,10,11,12,13,14,0,1,2,3,4,5]
,[25,26,27,28,29,15,16,17,18,19,20,21,22,23,24,5,6,7,8,9,10,11,12,13,14,0,1,2,3,4]
,[26,27,28,29,15,16,17,18,19,20,21,22,23,24,25,4,5,6,7,8,9,10,11,12,13,14,0,1,2,3]
,[27,28,29,15,16,17,18,19,20,21,22,23,24,25,26,3,4,5,6,7,8,9,10,11,12,13,14,0,1,2]
,[28,29,15,16,17,18,19,20,21,22,23,24,25,26,27,2,3,4,5,6,7,8,9,10,11,12,13,14,0,1]
,[29,15,16,17,18,19,20,21,22,23,24,25,26,27,28,1,2,3,4,5,6,7,8,9,10,11,12,13,14,0]
]
,17:
[[1,0,7,4,3,6,5,2,25,10,9,16,13,12,15,14,11,18,17,24,21,20,23,22,19,8,27,26,33,30,29,32,31,28]
,[2,4,0,8,1,7,15,5,3,11,13,9,29,10,16,6,14,19,21,17,25,18,24,32,22,20,28,30,26,12,27,33,23,31]
,[3,2,1,0,13,8,7,6,5,12,11,10,9,4,31,16,15,20,19,18,17,30,25,24,23,22,29,28,27,26,21,14,33,32]
,[4,6,3,2,0,14,1,8,7,13,15,12,11,9,5,10,33,21,23,20,19,17,31,18,25,24,30,32,29,28,26,22,27,16]
,[5,3,4,1,2,0,8,16,6,14,12,13,10,11,9,32,7,22,20,21,18,19,17,25,33,23,31,29,30,27,28,26,15,24]
,[6,7,8,12,5,4,0,1,2,15,16,28,3,14,13,9,10,23,24,25,29,22,21,17,18,19,32,33,11,20,31,30,26,27]
,[7,8,11,5,6,3,4,0,1,16,27,2,14,15,12,13,9,24,25,28,22,23,20,21,17,18,33,10,19,31,32,29,30,26]
,[8,10,5,6,7,2,3,4,0,26,1,14,15,16,11,12,13,25,27,22,23,24,19,20,21,17,9,18,31,32,33,28,29,30]
,[9,5,6,7,8,1,2,3,4,0,14,15,16,30,10,11,12,26,22,23,24,25,18,19,20,21,17,31,32,33,13,27,28,29]
,[10,11,12,13,14,15,16,24,9,8,0,1,2,3,4,5,6,27,28,29,30,31,32,33,7,26,25,17,18,19,20,21,22,23]
,[11,12,13,14,15,16,23,9,10,7,8,0,1,2,3,4,5,28,29,30,31,32,33,6,26,27,24,25,17,18,19,20,21,22]
,[12,13,14,15,16,22,9,10,11,6,7,8,0,1,2,3,4,29,30,31,32,33,5,26,27,28,23,24,25,17,18,19,20,21]
,[13,14,15,16,21,9,10,11,12,5,6,7,8,0,1,2,3,30,31,32,33,4,26,27,28,29,22,23,24,25,17,18,19,20]
,[14,15,16,20,9,10,11,12,13,4,5,6,7,8,0,1,2,31,32,33,3,26,27,28,29,30,21,22,23,24,25,17,18,19]
,[15,16,19,9,10,11,12,13,14,3,4,5,6,7,8,0,1,32,33,2,26,27,28,29,30,31,20,21,22,23,24,25,17,18]
,[16,18,9,10,11,12,13,14,15,2,3,4,5,6,7,8,0,33,1,26,27,28,29,30,31,32,19,20,21,22,23,24,25,17]
,[17,9,10,11,12,13,14,15,16,1,2,3,4,5,6,7,8,0,26,27,28,29,30,31,32,33,18,19,20,21,22,23,24,25]
,[18,19,20,21,22,23,24,25,26,27,28,29,30,31,32,33,17,16,0,1,2,3,4,5,6,7,8,9,10,11,12,13,14,15]
,[19,20,21,22,23,24,25,26,27,28,29,30,31,32,33,17,18,15,16,0,1,2,3,4,5,6,7,8,9,10,11,12,13,14]
,[20,21,22,23,24,25,26,27,28,29,30,31,32,33,17,18,19,14,15,16,0,1,2,3,4,5,6,7,8,9,10,11,12,13]
,[21,22,23,24,25,26,27,28,29,30,31,32,33,17,18,19,20,13,14,15,16,0,1,2,3,4,5,6,7,8,9,10,11,12]
,[22,23,24,25,26,27,28,29,30,31,32,33,17,18,19,20,21,12,13,14,15,16,0,1,2,3,4,5,6,7,8,9,10,11]
,[23,24,25,26,27,28,29,30,31,32,33,17,18,19,20,21,22,11,12,13,14,15,16,0,1,2,3,4,5,6,7,8,9,10]
,[24,25,26,27,28,29,30,31,32,33,17,18,19,20,21,22,23,10,11,12,13,14,15,16,0,1,2,3,4,5,6,7,8,9]
,[25,26,27,28,29,30,31,32,33,17,18,19,20,21,22,23,24,9,10,11,12,13,14,15,16,0,1,2,3,4,5,6,7,8]
,[26,27,28,29,30,31,32,33,17,18,19,20,21,22,23,24,25,8,9,10,11,12,13,14,15,16,0,1,2,3,4,5,6,7]
,[27,28,29,30,31,32,33,17,18,19,20,21,22,23,24,25,26,7,8,9,10,11,12,13,14,15,16,0,1,2,3,4,5,6]
,[28,29,30,31,32,33,17,18,19,20,21,22,23,24,25,26,27,6,7,8,9,10,11,12,13,14,15,16,0,1,2,3,4,5]
,[29,30,31,32,33,17,18,19,20,21,22,23,24,25,26,27,28,5,6,7,8,9,10,11,12,13,14,15,16,0,1,2,3,4]
,[30,31,32,33,17,18,19,20,21,22,23,24,25,26,27,28,29,4,5,6,7,8,9,10,11,12,13,14,15,16,0,1,2,3]
,[31,32,33,17,18,19,20,21,22,23,24,25,26,27,28,29,30,3,4,5,6,7,8,9,10,11,12,13,14,15,16,0,1,2]
,[32,33,17,18,19,20,21,22,23,24,25,26,27,28,29,30,31,2,3,4,5,6,7,8,9,10,11,12,13,14,15,16,0,1]
,[33,17,18,19,20,21,22,23,24,25,26,27,28,29,30,31,32,1,2,3,4,5,6,7,8,9,10,11,12,13,14,15,16,0]
]
,19:
[[1,0,7,4,3,6,5,2,9,8,11,10,17,14,13,16,15,12,37,20,19,26,23,22,25,24,21,28,27,30,29,36,33,32,35,34,31,18]
,[2,4,0,8,1,7,9,5,3,6,12,14,10,18,11,17,35,15,13,21,23,19,27,20,26,28,24,22,25,31,33,29,37,30,36,16,34,32]
,[3,2,1,0,9,8,7,6,5,4,13,12,11,10,33,18,17,16,15,22,21,20,19,28,27,26,25,24,23,32,31,30,29,14,37,36,35,34]
,[4,6,3,2,0,9,1,8,7,5,14,16,13,12,10,34,11,18,17,23,25,22,21,19,28,20,27,26,24,33,35,32,31,29,15,30,37,36]
,[5,3,4,1,2,0,8,9,6,7,15,13,14,11,12,10,18,36,16,24,22,23,20,21,19,27,28,25,26,34,32,33,30,31,29,37,17,35]
,[6,7,8,9,5,4,0,1,2,3,16,17,18,32,15,14,10,11,12,25,26,27,28,24,23,19,20,21,22,35,36,37,13,34,33,29,30,31]
,[7,8,9,5,6,3,4,0,1,2,17,18,31,15,16,13,14,10,11,26,27,28,24,25,22,23,19,20,21,36,37,12,34,35,32,33,29,30]
,[8,9,5,6,7,2,3,4,0,1,18,30,15,16,17,12,13,14,10,27,28,24,25,26,21,22,23,19,20,37,11,34,35,36,31,32,33,29]
,[9,5,6,7,8,1,2,3,4,0,29,15,16,17,18,11,12,13,14,28,24,25,26,27,20,21,22,23,19,10,34,35,36,37,30,31,32,33]
,[10,11,12,13,14,15,16,17,18,28,0,1,2,3,4,5,6,7,8,29,30,31,32,33,34,35,36,37,9,19,20,21,22,23,24,25,26,27]
,[11,12,13,14,15,16,17,18,27,10,9,0,1,2,3,4,5,6,7,30,31,32,33,34,35,36,37,8,29,28,19,20,21,22,23,24,25,26]
,[12,13,14,15,16,17,18,26,10,11,8,9,0,1,2,3,4,5,6,31,32,33,34,35,36,37,7,29,30,27,28,19,20,21,22,23,24,25]
,[13,14,15,16,17,18,25,10,11,12,7,8,9,0,1,2,3,4,5,32,33,34,35,36,37,6,29,30,31,26,27,28,19,20,21,22,23,24]
,[14,15,16,17,18,24,10,11,12,13,6,7,8,9,0,1,2,3,4,33,34,35,36,37,5,29,30,31,32,25,26,27,28,19,20,21,22,23]
,[15,16,17,18,23,10,11,12,13,14,5,6,7,8,9,0,1,2,3,34,35,36,37,4,29,30,31,32,33,24,25,26,27,28,19,20,21,22]
,[16,17,18,22,10,11,12,13,14,15,4,5,6,7,8,9,0,1,2,35,36,37,3,29,30,31,32,33,34,23,24,25,26,27,28,19,20,21]
,[17,18,21,10,11,12,13,14,15,16,3,4,5,6,7,8,9,0,1,36,37,2,29,30,31,32,33,34,35,22,23,24,25,26,27,28,19,20]
,[18,20,10,11,12,13,14,15,16,17,2,3,4,5,6,7,8,9,0,37,1,29,30,31,32,33,34,35,36,21,22,23,24,25,26,27,28,19]
,[19,10,11,12,13,14,15,16,17,18,1,2,3,4,5,6,7,8,9,0,29,30,31,32,33,34,35,36,37,20,21,22,23,24,25,26,27,28]
,[20,21,22,23,24,25,26,27,28,29,30,31,32,33,34,35,36,37,19,18,0,1,2,3,4,5,6,7,8,9,10,11,12,13,14,15,16,17]
,[21,22,23,24,25,26,27,28,29,30,31,32,33,34,35,36,37,19,20,17,18,0,1,2,3,4,5,6,7,8,9,10,11,12,13,14,15,16]
,[22,23,24,25,26,27,28,29,30,31,32,33,34,35,36,37,19,20,21,16,17,18,0,1,2,3,4,5,6,7,8,9,10,11,12,13,14,15]
,[23,24,25,26,27,28,29,30,31,32,33,34,35,36,37,19,20,21,22,15,16,17,18,0,1,2,3,4,5,6,7,8,9,10,11,12,13,14]
,[24,25,26,27,28,29,30,31,32,33,34,35,36,37,19,20,21,22,23,14,15,16,17,18,0,1,2,3,4,5,6,7,8,9,10,11,12,13]
,[25,26,27,28,29,30,31,32,33,34,35,36,37,19,20,21,22,23,24,13,14,15,16,17,18,0,1,2,3,4,5,6,7,8,9,10,11,12]
,[26,27,28,29,30,31,32,33,34,35,36,37,19,20,21,22,23,24,25,12,13,14,15,16,17,18,0,1,2,3,4,5,6,7,8,9,10,11]
,[27,28,29,30,31,32,33,34,35,36,37,19,20,21,22,23,24,25,26,11,12,13,14,15,16,17,18,0,1,2,3,4,5,6,7,8,9,10]
,[28,29,30,31,32,33,34,35,36,37,19,20,21,22,23,24,25,26,27,10,11,12,13,14,15,16,17,18,0,1,2,3,4,5,6,7,8,9]
,[29,30,31,32,33,34,35,36,37,19,20,21,22,23,24,25,26,27,28,9,10,11,12,13,14,15,16,17,18,0,1,2,3,4,5,6,7,8]
,[30,31,32,33,34,35,36,37,19,20,21,22,23,24,25,26,27,28,29,8,9,10,11,12,13,14,15,16,17,18,0,1,2,3,4,5,6,7]
,[31,32,33,34,35,36,37,19,20,21,22,23,24,25,26,27,28,29,30,7,8,9,10,11,12,13,14,15,16,17,18,0,1,2,3,4,5,6]
,[32,33,34,35,36,37,19,20,21,22,23,24,25,26,27,28,29,30,31,6,7,8,9,10,11,12,13,14,15,16,17,18,0,1,2,3,4,5]
,[33,34,35,36,37,19,20,21,22,23,24,25,26,27,28,29,30,31,32,5,6,7,8,9,10,11,12,13,14,15,16,17,18,0,1,2,3,4]
,[34,35,36,37,19,20,21,22,23,24,25,26,27,28,29,30,31,32,33,4,5,6,7,8,9,10,11,12,13,14,15,16,17,18,0,1,2,3]
,[35,36,37,19,20,21,22,23,24,25,26,27,28,29,30,31,32,33,34,3,4,5,6,7,8,9,10,11,12,13,14,15,16,17,18,0,1,2]
,[36,37,19,20,21,22,23,24,25,26,27,28,29,30,31,32,33,34,35,2,3,4,5,6,7,8,9,10,11,12,13,14,15,16,17,18,0,1]
,[37,19,20,21,22,23,24,25,26,27,28,29,30,31,32,33,34,35,36,1,2,3,4,5,6,7,8,9,10,11,12,13,14,15,16,17,18,0]
]
,21:
[[1,0,5,4,3,2,7,6,19,10,9,12,11,16,15,14,13,18,17,8,41,22,21,26,25,24,23,28,27,40,31,30,33,32,37,36,35,34,39,38,29,20]
,[2,4,0,5,1,3,8,10,6,20,7,13,15,11,16,12,14,19,39,17,9,23,25,21,26,22,24,29,31,27,41,28,34,36,32,37,33,35,40,18,38,30]
,[3,2,1,0,5,4,9,8,7,6,31,14,13,12,11,16,15,20,19,18,17,24,23,22,21,26,25,30,29,28,27,10,35,34,33,32,37,36,41,40,39,38]
,[4,5,3,2,0,1,10,18,9,8,6,15,16,14,13,11,12,38,7,20,19,25,26,24,23,21,22,31,39,30,29,27,36,37,35,34,32,33,17,28,41,40]
,[5,3,4,1,2,0,17,9,10,7,8,16,14,15,12,13,11,6,20,40,18,26,24,25,22,23,21,38,30,31,28,29,37,35,36,33,34,32,27,41,19,39]
,[6,7,8,9,10,16,0,1,2,3,4,17,18,19,20,36,5,11,12,13,14,27,28,29,30,31,37,21,22,23,24,25,38,39,40,41,15,26,32,33,34,35]
,[7,8,9,10,15,6,5,0,1,2,3,18,19,20,35,4,17,16,11,12,13,28,29,30,31,36,27,26,21,22,23,24,39,40,41,14,25,38,37,32,33,34]
,[8,9,10,14,6,7,4,5,0,1,2,19,20,34,3,17,18,15,16,11,12,29,30,31,35,27,28,25,26,21,22,23,40,41,13,24,38,39,36,37,32,33]
,[9,10,13,6,7,8,3,4,5,0,1,20,33,2,17,18,19,14,15,16,11,30,31,34,27,28,29,24,25,26,21,22,41,12,23,38,39,40,35,36,37,32]
,[10,12,6,7,8,9,2,3,4,5,0,32,1,17,18,19,20,13,14,15,16,31,33,27,28,29,30,23,24,25,26,21,11,22,38,39,40,41,34,35,36,37]
,[11,6,7,8,9,10,1,2,3,4,5,0,17,18,19,20,37,12,13,14,15,32,27,28,29,30,31,22,23,24,25,26,21,38,39,40,41,16,33,34,35,36]
,[12,13,14,15,16,17,18,19,20,30,11,10,0,1,2,3,4,5,6,7,8,33,34,35,36,37,38,39,40,41,9,32,31,21,22,23,24,25,26,27,28,29]
,[13,14,15,16,17,18,19,20,29,11,12,9,10,0,1,2,3,4,5,6,7,34,35,36,37,38,39,40,41,8,32,33,30,31,21,22,23,24,25,26,27,28]
,[14,15,16,17,18,19,20,28,11,12,13,8,9,10,0,1,2,3,4,5,6,35,36,37,38,39,40,41,7,32,33,34,29,30,31,21,22,23,24,25,26,27]
,[15,16,17,18,19,20,27,11,12,13,14,7,8,9,10,0,1,2,3,4,5,36,37,38,39,40,41,6,32,33,34,35,28,29,30,31,21,22,23,24,25,26]
,[16,17,18,19,20,26,11,12,13,14,15,6,7,8,9,10,0,1,2,3,4,37,38,39,40,41,5,32,33,34,35,36,27,28,29,30,31,21,22,23,24,25]
,[17,18,19,20,25,11,12,13,14,15,16,5,6,7,8,9,10,0,1,2,3,38,39,40,41,4,32,33,34,35,36,37,26,27,28,29,30,31,21,22,23,24]
,[18,19,20,24,11,12,13,14,15,16,17,4,5,6,7,8,9,10,0,1,2,39,40,41,3,32,33,34,35,36,37,38,25,26,27,28,29,30,31,21,22,23]
,[19,20,23,11,12,13,14,15,16,17,18,3,4,5,6,7,8,9,10,0,1,40,41,2,32,33,34,35,36,37,38,39,24,25,26,27,28,29,30,31,21,22]
,[20,22,11,12,13,14,15,16,17,18,19,2,3,4,5,6,7,8,9,10,0,41,1,32,33,34,35,36,37,38,39,40,23,24,25,26,27,28,29,30,31,21]
,[21,11,12,13,14,15,16,17,18,19,20,1,2,3,4,5,6,7,8,9,10,0,32,33,34,35,36,37,38,39,40,41,22,23,24,25,26,27,28,29,30,31]
,[22,23,24,25,26,27,28,29,30,31,32,33,34,35,36,37,38,39,40,41,21,20,0,1,2,3,4,5,6,7,8,9,10,11,12,13,14,15,16,17,18,19]
,[23,24,25,26,27,28,29,30,31,32,33,34,35,36,37,38,39,40,41,21,22,19,20,0,1,2,3,4,5,6,7,8,9,10,11,12,13,14,15,16,17,18]
,[24,25,26,27,28,29,30,31,32,33,34,35,36,37,38,39,40,41,21,22,23,18,19,20,0,1,2,3,4,5,6,7,8,9,10,11,12,13,14,15,16,17]
,[25,26,27,28,29,30,31,32,33,34,35,36,37,38,39,40,41,21,22,23,24,17,18,19,20,0,1,2,3,4,5,6,7,8,9,10,11,12,13,14,15,16]
,[26,27,28,29,30,31,32,33,34,35,36,37,38,39,40,41,21,22,23,24,25,16,17,18,19,20,0,1,2,3,4,5,6,7,8,9,10,11,12,13,14,15]
,[27,28,29,30,31,32,33,34,35,36,37,38,39,40,41,21,22,23,24,25,26,15,16,17,18,19,20,0,1,2,3,4,5,6,7,8,9,10,11,12,13,14]
,[28,29,30,31,32,33,34,35,36,37,38,39,40,41,21,22,23,24,25,26,27,14,15,16,17,18,19,20,0,1,2,3,4,5,6,7,8,9,10,11,12,13]
,[29,30,31,32,33,34,35,36,37,38,39,40,41,21,22,23,24,25,26,27,28,13,14,15,16,17,18,19,20,0,1,2,3,4,5,6,7,8,9,10,11,12]
,[30,31,32,33,34,35,36,37,38,39,40,41,21,22,23,24,25,26,27,28,29,12,13,14,15,16,17,18,19,20,0,1,2,3,4,5,6,7,8,9,10,11]
,[31,32,33,34,35,36,37,38,39,40,41,21,22,23,24,25,26,27,28,29,30,11,12,13,14,15,16,17,18,19,20,0,1,2,3,4,5,6,7,8,9,10]
,[32,33,34,35,36,37,38,39,40,41,21,22,23,24,25,26,27,28,29,30,31,10,11,12,13,14,15,16,17,18,19,20,0,1,2,3,4,5,6,7,8,9]
,[33,34,35,36,37,38,39,40,41,21,22,23,24,25,26,27,28,29,30,31,32,9,10,11,12,13,14,15,16,17,18,19,20,0,1,2,3,4,5,6,7,8]
,[34,35,36,37,38,39,40,41,21,22,23,24,25,26,27,28,29,30,31,32,33,8,9,10,11,12,13,14,15,16,17,18,19,20,0,1,2,3,4,5,6,7]
,[35,36,37,38,39,40,41,21,22,23,24,25,26,27,28,29,30,31,32,33,34,7,8,9,10,11,12,13,14,15,16,17,18,19,20,0,1,2,3,4,5,6]
,[36,37,38,39,40,41,21,22,23,24,25,26,27,28,29,30,31,32,33,34,35,6,7,8,9,10,11,12,13,14,15,16,17,18,19,20,0,1,2,3,4,5]
,[37,38,39,40,41,21,22,23,24,25,26,27,28,29,30,31,32,33,34,35,36,5,6,7,8,9,10,11,12,13,14,15,16,17,18,19,20,0,1,2,3,4]
,[38,39,40,41,21,22,23,24,25,26,27,28,29,30,31,32,33,34,35,36,37,4,5,6,7,8,9,10,11,12,13,14,15,16,17,18,19,20,0,1,2,3]
,[39,40,41,21,22,23,24,25,26,27,28,29,30,31,32,33,34,35,36,37,38,3,4,5,6,7,8,9,10,11,12,13,14,15,16,17,18,19,20,0,1,2]
,[40,41,21,22,23,24,25,26,27,28,29,30,31,32,33,34,35,36,37,38,39,2,3,4,5,6,7,8,9,10,11,12,13,14,15,16,17,18,19,20,0,1]
,[41,21,22,23,24,25,26,27,28,29,30,31,32,33,34,35,36,37,38,39,40,1,2,3,4,5,6,7,8,9,10,11,12,13,14,15,16,17,18,19,20,0]
]
,23:
[[1,0,5,4,3,2,7,6,11,10,9,8,13,12,17,16,15,14,19,18,43,22,21,24,23,28,27,26,25,30,29,34,33,32,31,36,35,40,39,38,37,42,41,20,45,44]
,[2,4,0,5,1,3,8,10,6,11,7,9,14,16,12,17,13,15,20,22,18,44,19,25,27,23,28,24,26,31,33,29,34,30,32,37,39,35,40,36,38,43,45,41,21,42]
,[3,2,1,0,5,4,9,8,7,6,11,10,15,14,13,12,17,16,21,20,19,18,45,26,25,24,23,28,27,32,31,30,29,34,33,38,37,36,35,40,39,44,43,42,41,22]
,[4,5,3,2,0,1,10,11,9,8,6,7,16,17,15,14,12,13,22,42,21,20,18,27,28,26,25,23,24,33,34,32,31,29,30,39,40,38,37,35,36,45,19,44,43,41]
,[5,3,4,1,2,0,11,9,10,7,8,6,17,15,16,13,14,12,41,21,22,19,20,28,26,27,24,25,23,34,32,33,30,31,29,40,38,39,36,37,35,18,44,45,42,43]
,[6,7,8,9,10,11,0,1,2,3,4,5,18,19,20,21,22,40,12,13,14,15,16,29,30,31,32,33,34,23,24,25,26,27,28,41,42,43,44,45,17,35,36,37,38,39]
,[7,8,9,10,11,6,5,0,1,2,3,4,19,20,21,22,39,18,17,12,13,14,15,30,31,32,33,34,29,28,23,24,25,26,27,42,43,44,45,16,41,40,35,36,37,38]
,[8,9,10,11,6,7,4,5,0,1,2,3,20,21,22,38,18,19,16,17,12,13,14,31,32,33,34,29,30,27,28,23,24,25,26,43,44,45,15,41,42,39,40,35,36,37]
,[9,10,11,6,7,8,3,4,5,0,1,2,21,22,37,18,19,20,15,16,17,12,13,32,33,34,29,30,31,26,27,28,23,24,25,44,45,14,41,42,43,38,39,40,35,36]
,[10,11,6,7,8,9,2,3,4,5,0,1,22,36,18,19,20,21,14,15,16,17,12,33,34,29,30,31,32,25,26,27,28,23,24,45,13,41,42,43,44,37,38,39,40,35]
,[11,6,7,8,9,10,1,2,3,4,5,0,35,18,19,20,21,22,13,14,15,16,17,34,29,30,31,32,33,24,25,26,27,28,23,12,41,42,43,44,45,36,37,38,39,40]
,[12,13,14,15,16,17,18,19,20,21,22,34,0,1,2,3,4,5,6,7,8,9,10,35,36,37,38,39,40,41,42,43,44,45,11,23,24,25,26,27,28,29,30,31,32,33]
,[13,14,15,16,17,18,19,20,21,22,33,12,11,0,1,2,3,4,5,6,7,8,9,36,37,38,39,40,41,42,43,44,45,10,35,34,23,24,25,26,27,28,29,30,31,32]
,[14,15,16,17,18,19,20,21,22,32,12,13,10,11,0,1,2,3,4,5,6,7,8,37,38,39,40,41,42,43,44,45,9,35,36,33,34,23,24,25,26,27,28,29,30,31]
,[15,16,17,18,19,20,21,22,31,12,13,14,9,10,11,0,1,2,3,4,5,6,7,38,39,40,41,42,43,44,45,8,35,36,37,32,33,34,23,24,25,26,27,28,29,30]
,[16,17,18,19,20,21,22,30,12,13,14,15,8,9,10,11,0,1,2,3,4,5,6,39,40,41,42,43,44,45,7,35,36,37,38,31,32,33,34,23,24,25,26,27,28,29]
,[17,18,19,20,21,22,29,12,13,14,15,16,7,8,9,10,11,0,1,2,3,4,5,40,41,42,43,44,45,6,35,36,37,38,39,30,31,32,33,34,23,24,25,26,27,28]
,[18,19,20,21,22,28,12,13,14,15,16,17,6,7,8,9,10,11,0,1,2,3,4,41,42,43,44,45,5,35,36,37,38,39,40,29,30,31,32,33,34,23,24,25,26,27]
,[19,20,21,22,27,12,13,14,15,16,17,18,5,6,7,8,9,10,11,0,1,2,3,42,43,44,45,4,35,36,37,38,39,40,41,28,29,30,31,32,33,34,23,24,25,26]
,[20,21,22,26,12,13,14,15,16,17,18,19,4,5,6,7,8,9,10,11,0,1,2,43,44,45,3,35,36,37,38,39,40,41,42,27,28,29,30,31,32,33,34,23,24,25]
,[21,22,25,12,13,14,15,16,17,18,19,20,3,4,5,6,7,8,9,10,11,0,1,44,45,2,35,36,37,38,39,40,41,42,43,26,27,28,29,30,31,32,33,34,23,24]
,[22,24,12,13,14,15,16,17,18,19,20,21,2,3,4,5,6,7,8,9,10,11,0,45,1,35,36,37,38,39,40,41,42,43,44,25,26,27,28,29,30,31,32,33,34,23]
,[23,12,13,14,15,16,17,18,19,20,21,22,1,2,3,4,5,6,7,8,9,10,11,0,35,36,37,38,39,40,41,42,43,44,45,24,25,26,27,28,29,30,31,32,33,34]
,[24,25,26,27,28,29,30,31,32,33,34,35,36,37,38,39,40,41,42,43,44,45,23,22,0,1,2,3,4,5,6,7,8,9,10,11,12,13,14,15,16,17,18,19,20,21]
,[25,26,27,28,29,30,31,32,33,34,35,36,37,38,39,40,41,42,43,44,45,23,24,21,22,0,1,2,3,4,5,6,7,8,9,10,11,12,13,14,15,16,17,18,19,20]
,[26,27,28,29,30,31,32,33,34,35,36,37,38,39,40,41,42,43,44,45,23,24,25,20,21,22,0,1,2,3,4,5,6,7,8,9,10,11,12,13,14,15,16,17,18,19]
,[27,28,29,30,31,32,33,34,35,36,37,38,39,40,41,42,43,44,45,23,24,25,26,19,20,21,22,0,1,2,3,4,5,6,7,8,9,10,11,12,13,14,15,16,17,18]
,[28,29,30,31,32,33,34,35,36,37,38,39,40,41,42,43,44,45,23,24,25,26,27,18,19,20,21,22,0,1,2,3,4,5,6,7,8,9,10,11,12,13,14,15,16,17]
,[29,30,31,32,33,34,35,36,37,38,39,40,41,42,43,44,45,23,24,25,26,27,28,17,18,19,20,21,22,0,1,2,3,4,5,6,7,8,9,10,11,12,13,14,15,16]
,[30,31,32,33,34,35,36,37,38,39,40,41,42,43,44,45,23,24,25,26,27,28,29,16,17,18,19,20,21,22,0,1,2,3,4,5,6,7,8,9,10,11,12,13,14,15]
,[31,32,33,34,35,36,37,38,39,40,41,42,43,44,45,23,24,25,26,27,28,29,30,15,16,17,18,19,20,21,22,0,1,2,3,4,5,6,7,8,9,10,11,12,13,14]
,[32,33,34,35,36,37,38,39,40,41,42,43,44,45,23,24,25,26,27,28,29,30,31,14,15,16,17,18,19,20,21,22,0,1,2,3,4,5,6,7,8,9,10,11,12,13]
,[33,34,35,36,37,38,39,40,41,42,43,44,45,23,24,25,26,27,28,29,30,31,32,13,14,15,16,17,18,19,20,21,22,0,1,2,3,4,5,6,7,8,9,10,11,12]
,[34,35,36,37,38,39,40,41,42,43,44,45,23,24,25,26,27,28,29,30,31,32,33,12,13,14,15,16,17,18,19,20,21,22,0,1,2,3,4,5,6,7,8,9,10,11]
,[35,36,37,38,39,40,41,42,43,44,45,23,24,25,26,27,28,29,30,31,32,33,34,11,12,13,14,15,16,17,18,19,20,21,22,0,1,2,3,4,5,6,7,8,9,10]
,[36,37,38,39,40,41,42,43,44,45,23,24,25,26,27,28,29,30,31,32,33,34,35,10,11,12,13,14,15,16,17,18,19,20,21,22,0,1,2,3,4,5,6,7,8,9]
,[37,38,39,40,41,42,43,44,45,23,24,25,26,27,28,29,30,31,32,33,34,35,36,9,10,11,12,13,14,15,16,17,18,19,20,21,22,0,1,2,3,4,5,6,7,8]
,[38,39,40,41,42,43,44,45,23,24,25,26,27,28,29,30,31,32,33,34,35,36,37,8,9,10,11,12,13,14,15,16,17,18,19,20,21,22,0,1,2,3,4,5,6,7]
,[39,40,41,42,43,44,45,23,24,25,26,27,28,29,30,31,32,33,34,35,36,37,38,7,8,9,10,11,12,13,14,15,16,17,18,19,20,21,22,0,1,2,3,4,5,6]
,[40,41,42,43,44,45,23,24,25,26,27,28,29,30,31,32,33,34,35,36,37,38,39,6,7,8,9,10,11,12,13,14,15,16,17,18,19,20,21,22,0,1,2,3,4,5]
,[41,42,43,44,45,23,24,25,26,27,28,29,30,31,32,33,34,35,36,37,38,39,40,5,6,7,8,9,10,11,12,13,14,15,16,17,18,19,20,21,22,0,1,2,3,4]
,[42,43,44,45,23,24,25,26,27,28,29,30,31,32,33,34,35,36,37,38,39,40,41,4,5,6,7,8,9,10,11,12,13,14,15,16,17,18,19,20,21,22,0,1,2,3]
,[43,44,45,23,24,25,26,27,28,29,30,31,32,33,34,35,36,37,38,39,40,41,42,3,4,5,6,7,8,9,10,11,12,13,14,15,16,17,18,19,20,21,22,0,1,2]
,[44,45,23,24,25,26,27,28,29,30,31,32,33,34,35,36,37,38,39,40,41,42,43,2,3,4,5,6,7,8,9,10,11,12,13,14,15,16,17,18,19,20,21,22,0,1]
,[45,23,24,25,26,27,28,29,30,31,32,33,34,35,36,37,38,39,40,41,42,43,44,1,2,3,4,5,6,7,8,9,10,11,12,13,14,15,16,17,18,19,20,21,22,0]
]
,25:
[[1,0,3,2,5,4,19,8,7,10,9,12,11,14,13,16,15,18,17,6,21,20,23,22,49,26,25,28,27,30,29,44,33,32,35,34,37,36,39,38,41,40,43,42,31,46,45,48,47,24]
,[2,3,0,1,6,12,4,9,10,7,8,24,5,15,16,13,14,19,43,17,22,23,20,21,11,27,28,25,26,31,37,29,34,35,32,33,49,30,40,41,38,39,44,18,42,47,48,45,46,36]
,[3,2,1,0,11,6,5,10,9,8,7,4,37,16,15,14,13,24,19,18,23,22,21,20,17,28,27,26,25,36,31,30,35,34,33,32,29,12,41,40,39,38,49,44,43,48,47,46,45,42]
,[4,5,6,10,0,1,2,11,12,22,3,7,8,17,18,19,23,13,14,15,24,46,9,16,20,29,30,31,35,25,26,27,36,37,47,28,32,33,42,43,44,48,38,39,40,49,21,34,41,45]
,[5,6,9,4,3,0,1,12,21,2,11,10,7,18,19,22,17,16,13,14,45,8,15,24,23,30,31,34,29,28,25,26,37,46,27,36,35,32,43,44,47,42,41,38,39,20,33,40,49,48]
,[6,8,4,5,2,3,0,20,1,11,12,9,10,19,21,17,18,15,16,13,7,14,24,48,22,31,33,29,30,27,28,25,45,26,36,37,34,35,44,46,42,43,40,41,38,32,39,49,23,47]
,[7,4,5,6,1,2,3,0,11,12,23,8,9,20,17,18,19,14,15,16,13,24,47,10,21,32,29,30,31,26,27,28,25,36,37,48,33,34,45,42,43,44,39,40,41,38,49,22,35,46]
,[8,9,10,11,12,18,7,6,0,1,2,3,4,21,22,23,24,42,5,20,19,13,14,15,16,33,34,35,36,37,43,32,31,25,26,27,28,29,46,47,48,49,17,30,45,44,38,39,40,41]
,[9,10,11,12,17,7,8,5,6,0,1,2,3,22,23,24,41,4,20,21,18,19,13,14,15,34,35,36,37,42,32,33,30,31,25,26,27,28,47,48,49,16,29,45,46,43,44,38,39,40]
,[10,11,12,16,7,8,9,4,5,6,0,1,2,23,24,40,3,20,21,22,17,18,19,13,14,35,36,37,41,32,33,34,29,30,31,25,26,27,48,49,15,28,45,46,47,42,43,44,38,39]
,[11,12,15,7,8,9,10,3,4,5,6,0,1,24,39,2,20,21,22,23,16,17,18,19,13,36,37,40,32,33,34,35,28,29,30,31,25,26,49,14,27,45,46,47,48,41,42,43,44,38]
,[12,14,7,8,9,10,11,2,3,4,5,6,0,38,1,20,21,22,23,24,15,16,17,18,19,37,39,32,33,34,35,36,27,28,29,30,31,25,13,26,45,46,47,48,49,40,41,42,43,44]
,[13,7,8,9,10,11,12,1,2,3,4,5,6,0,20,21,22,23,24,44,14,15,16,17,18,38,32,33,34,35,36,37,26,27,28,29,30,31,25,45,46,47,48,49,19,39,40,41,42,43]
,[14,15,16,17,18,19,20,21,22,23,24,36,13,12,0,1,2,3,4,5,6,7,8,9,10,39,40,41,42,43,44,45,46,47,48,49,11,38,37,25,26,27,28,29,30,31,32,33,34,35]
,[15,16,17,18,19,20,21,22,23,24,35,13,14,11,12,0,1,2,3,4,5,6,7,8,9,40,41,42,43,44,45,46,47,48,49,10,38,39,36,37,25,26,27,28,29,30,31,32,33,34]
,[16,17,18,19,20,21,22,23,24,34,13,14,15,10,11,12,0,1,2,3,4,5,6,7,8,41,42,43,44,45,46,47,48,49,9,38,39,40,35,36,37,25,26,27,28,29,30,31,32,33]
,[17,18,19,20,21,22,23,24,33,13,14,15,16,9,10,11,12,0,1,2,3,4,5,6,7,42,43,44,45,46,47,48,49,8,38,39,40,41,34,35,36,37,25,26,27,28,29,30,31,32]
,[18,19,20,21,22,23,24,32,13,14,15,16,17,8,9,10,11,12,0,1,2,3,4,5,6,43,44,45,46,47,48,49,7,38,39,40,41,42,33,34,35,36,37,25,26,27,28,29,30,31]
,[19,20,21,22,23,24,31,13,14,15,16,17,18,7,8,9,10,11,12,0,1,2,3,4,5,44,45,46,47,48,49,6,38,39,40,41,42,43,32,33,34,35,36,37,25,26,27,28,29,30]
,[20,21,22,23,24,30,13,14,15,16,17,18,19,6,7,8,9,10,11,12,0,1,2,3,4,45,46,47,48,49,5,38,39,40,41,42,43,44,31,32,33,34,35,36,37,25,26,27,28,29]
,[21,22,23,24,29,13,14,15,16,17,18,19,20,5,6,7,8,9,10,11,12,0,1,2,3,46,47,48,49,4,38,39,40,41,42,43,44,45,30,31,32,33,34,35,36,37,25,26,27,28]
,[22,23,24,28,13,14,15,16,17,18,19,20,21,4,5,6,7,8,9,10,11,12,0,1,2,47,48,49,3,38,39,40,41,42,43,44,45,46,29,30,31,32,33,34,35,36,37,25,26,27]
,[23,24,27,13,14,15,16,17,18,19,20,21,22,3,4,5,6,7,8,9,10,11,12,0,1,48,49,2,38,39,40,41,42,43,44,45,46,47,28,29,30,31,32,33,34,35,36,37,25,26]
,[24,26,13,14,15,16,17,18,19,20,21,22,23,2,3,4,5,6,7,8,9,10,11,12,0,49,1,38,39,40,41,42,43,44,45,46,47,48,27,28,29,30,31,32,33,34,35,36,37,25]
,[25,13,14,15,16,17,18,19,20,21,22,23,24,1,2,3,4,5,6,7,8,9,10,11,12,0,38,39,40,41,42,43,44,45,46,47,48,49,26,27,28,29,30,31,32,33,34,35,36,37]
,[26,27,28,29,30,31,32,33,34,35,36,37,38,39,40,41,42,43,44,45,46,47,48,49,25,24,0,1,2,3,4,5,6,7,8,9,10,11,12,13,14,15,16,17,18,19,20,21,22,23]
,[27,28,29,30,31,32,33,34,35,36,37,38,39,40,41,42,43,44,45,46,47,48,49,25,26,23,24,0,1,2,3,4,5,6,7,8,9,10,11,12,13,14,15,16,17,18,19,20,21,22]
,[28,29,30,31,32,33,34,35,36,37,38,39,40,41,42,43,44,45,46,47,48,49,25,26,27,22,23,24,0,1,2,3,4,5,6,7,8,9,10,11,12,13,14,15,16,17,18,19,20,21]
,[29,30,31,32,33,34,35,36,37,38,39,40,41,42,43,44,45,46,47,48,49,25,26,27,28,21,22,23,24,0,1,2,3,4,5,6,7,8,9,10,11,12,13,14,15,16,17,18,19,20]
,[30,31,32,33,34,35,36,37,38,39,40,41,42,43,44,45,46,47,48,49,25,26,27,28,29,20,21,22,23,24,0,1,2,3,4,5,6,7,8,9,10,11,12,13,14,15,16,17,18,19]
,[31,32,33,34,35,36,37,38,39,40,41,42,43,44,45,46,47,48,49,25,26,27,28,29,30,19,20,21,22,23,24,0,1,2,3,4,5,6,7,8,9,10,11,12,13,14,15,16,17,18]
,[32,33,34,35,36,37,38,39,40,41,42,43,44,45,46,47,48,49,25,26,27,28,29,30,31,18,19,20,21,22,23,24,0,1,2,3,4,5,6,7,8,9,10,11,12,13,14,15,16,17]
,[33,34,35,36,37,38,39,40,41,42,43,44,45,46,47,48,49,25,26,27,28,29,30,31,32,17,18,19,20,21,22,23,24,0,1,2,3,4,5,6,7,8,9,10,11,12,13,14,15,16]
,[34,35,36,37,38,39,40,41,42,43,44,45,46,47,48,49,25,26,27,28,29,30,31,32,33,16,17,18,19,20,21,22,23,24,0,1,2,3,4,5,6,7,8,9,10,11,12,13,14,15]
,[35,36,37,38,39,40,41,42,43,44,45,46,47,48,49,25,26,27,28,29,30,31,32,33,34,15,16,17,18,19,20,21,22,23,24,0,1,2,3,4,5,6,7,8,9,10,11,12,13,14]
,[36,37,38,39,40,41,42,43,44,45,46,47,48,49,25,26,27,28,29,30,31,32,33,34,35,14,15,16,17,18,19,20,21,22,23,24,0,1,2,3,4,5,6,7,8,9,10,11,12,13]
,[37,38,39,40,41,42,43,44,45,46,47,48,49,25,26,27,28,29,30,31,32,33,34,35,36,13,14,15,16,17,18,19,20,21,22,23,24,0,1,2,3,4,5,6,7,8,9,10,11,12]
,[38,39,40,41,42,43,44,45,46,47,48,49,25,26,27,28,29,30,31,32,33,34,35,36,37,12,13,14,15,16,17,18,19,20,21,22,23,24,0,1,2,3,4,5,6,7,8,9,10,11]
,[39,40,41,42,43,44,45,46,47,48,49,25,26,27,28,29,30,31,32,33,34,35,36,37,38,11,12,13,14,15,16,17,18,19,20,21,22,23,24,0,1,2,3,4,5,6,7,8,9,10]
,[40,41,42,43,44,45,46,47,48,49,25,26,27,28,29,30,31,32,33,34,35,36,37,38,39,10,11,12,13,14,15,16,17,18,19,20,21,22,23,24,0,1,2,3,4,5,6,7,8,9]
,[41,42,43,44,45,46,47,48,49,25,26,27,28,29,30,31,32,33,34,35,36,37,38,39,40,9,10,11,12,13,14,15,16,17,18,19,20,21,22,23,24,0,1,2,3,4,5,6,7,8]
,[42,43,44,45,46,47,48,49,25,26,27,28,29,30,31,32,33,34,35,36,37,38,39,40,41,8,9,10,11,12,13,14,15,16,17,18,19,20,21,22,23,24,0,1,2,3,4,5,6,7]
,[43,44,45,46,47,48,49,25,26,27,28,29,30,31,32,33,34,35,36,37,38,39,40,41,42,7,8,9,10,11,12,13,14,15,16,17,18,19,20,21,22,23,24,0,1,2,3,4,5,6]
,[44,45,46,47,48,49,25,26,27,28,29,30,31,32,33,34,35,36,37,38,39,40,41,42,43,6,7,8,9,10,11,12,13,14,15,16,17,18,19,20,21,22,23,24,0,1,2,3,4,5]
,[45,46,47,48,49,25,26,27,28,29,30,31,32,33,34,35,36,37,38,39,40,41,42,43,44,5,6,7,8,9,10,11,12,13,14,15,16,17,18,19,20,21,22,23,24,0,1,2,3,4]
,[46,47,48,49,25,26,27,28,29,30,31,32,33,34,35,36,37,38,39,40,41,42,43,44,45,4,5,6,7,8,9,10,11,12,13,14,15,16,17,18,19,20,21,22,23,24,0,1,2,3]
,[47,48,49,25,26,27,28,29,30,31,32,33,34,35,36,37,38,39,40,41,42,43,44,45,46,3,4,5,6,7,8,9,10,11,12,13,14,15,16,17,18,19,20,21,22,23,24,0,1,2]
,[48,49,25,26,27,28,29,30,31,32,33,34,35,36,37,38,39,40,41,42,43,44,45,46,47,2,3,4,5,6,7,8,9,10,11,12,13,14,15,16,17,18,19,20,21,22,23,24,0,1]
,[49,25,26,27,28,29,30,31,32,33,34,35,36,37,38,39,40,41,42,43,44,45,46,47,48,1,2,3,4,5,6,7,8,9,10,11,12,13,14,15,16,17,18,19,20,21,22,23,24,0]
]
,27:
[[1,0,3,2,5,4,13,8,7,10,9,12,11,6,15,14,17,16,19,18,47,22,21,24,23,26,25,28,27,30,29,32,31,40,35,34,37,36,39,38,33,42,41,44,43,46,45,20,49,48,51,50,53,52]
,[2,3,0,1,6,12,4,9,10,7,8,13,5,11,16,17,14,15,20,26,18,23,24,21,22,52,19,29,30,27,28,33,39,31,36,37,34,35,40,32,38,43,44,41,42,47,53,45,50,51,48,49,25,46]
,[3,2,1,0,11,6,5,10,9,8,7,4,13,12,17,16,15,14,25,20,19,24,23,22,21,18,53,30,29,28,27,38,33,32,37,36,35,34,31,40,39,44,43,42,41,52,47,46,51,50,49,48,45,26]
,[4,5,6,10,0,1,2,11,12,13,3,7,8,9,18,19,20,24,14,15,16,25,26,50,17,21,22,31,32,33,37,27,28,29,38,39,40,30,34,35,36,45,46,47,51,41,42,43,52,53,23,44,48,49]
,[5,6,9,4,3,0,1,12,13,2,11,10,7,8,19,20,23,18,17,14,15,26,49,16,25,24,21,32,33,36,31,30,27,28,39,40,29,38,37,34,35,46,47,50,45,44,41,42,53,22,43,52,51,48]
,[6,8,4,5,2,3,0,13,1,11,12,9,10,7,20,22,18,19,16,17,14,48,15,25,26,23,24,33,35,31,32,29,30,27,40,28,38,39,36,37,34,47,49,45,46,43,44,41,21,42,52,53,50,51]
,[7,4,5,6,1,2,3,0,11,12,13,8,9,10,21,18,19,20,15,16,17,14,25,26,51,22,23,34,31,32,33,28,29,30,27,38,39,40,35,36,37,48,45,46,47,42,43,44,41,52,53,24,49,50]
,[8,9,10,11,12,13,7,6,0,1,2,3,4,5,22,23,24,25,26,46,21,20,14,15,16,17,18,35,36,37,38,39,40,34,33,27,28,29,30,31,32,49,50,51,52,53,19,48,47,41,42,43,44,45]
,[9,10,11,12,13,7,8,5,6,0,1,2,3,4,23,24,25,26,45,21,22,19,20,14,15,16,17,36,37,38,39,40,34,35,32,33,27,28,29,30,31,50,51,52,53,18,48,49,46,47,41,42,43,44]
,[10,11,12,13,7,8,9,4,5,6,0,1,2,3,24,25,26,44,21,22,23,18,19,20,14,15,16,37,38,39,40,34,35,36,31,32,33,27,28,29,30,51,52,53,17,48,49,50,45,46,47,41,42,43]
,[11,12,13,7,8,9,10,3,4,5,6,0,1,2,25,26,43,21,22,23,24,17,18,19,20,14,15,38,39,40,34,35,36,37,30,31,32,33,27,28,29,52,53,16,48,49,50,51,44,45,46,47,41,42]
,[12,13,7,8,9,10,11,2,3,4,5,6,0,1,26,42,21,22,23,24,25,16,17,18,19,20,14,39,40,34,35,36,37,38,29,30,31,32,33,27,28,53,15,48,49,50,51,52,43,44,45,46,47,41]
,[13,7,8,9,10,11,12,1,2,3,4,5,6,0,41,21,22,23,24,25,26,15,16,17,18,19,20,40,34,35,36,37,38,39,28,29,30,31,32,33,27,14,48,49,50,51,52,53,42,43,44,45,46,47]
,[14,15,16,17,18,19,20,21,22,23,24,25,26,40,0,1,2,3,4,5,6,7,8,9,10,11,12,41,42,43,44,45,46,47,48,49,50,51,52,53,13,27,28,29,30,31,32,33,34,35,36,37,38,39]
,[15,16,17,18,19,20,21,22,23,24,25,26,39,14,13,0,1,2,3,4,5,6,7,8,9,10,11,42,43,44,45,46,47,48,49,50,51,52,53,12,41,40,27,28,29,30,31,32,33,34,35,36,37,38]
,[16,17,18,19,20,21,22,23,24,25,26,38,14,15,12,13,0,1,2,3,4,5,6,7,8,9,10,43,44,45,46,47,48,49,50,51,52,53,11,41,42,39,40,27,28,29,30,31,32,33,34,35,36,37]
,[17,18,19,20,21,22,23,24,25,26,37,14,15,16,11,12,13,0,1,2,3,4,5,6,7,8,9,44,45,46,47,48,49,50,51,52,53,10,41,42,43,38,39,40,27,28,29,30,31,32,33,34,35,36]
,[18,19,20,21,22,23,24,25,26,36,14,15,16,17,10,11,12,13,0,1,2,3,4,5,6,7,8,45,46,47,48,49,50,51,52,53,9,41,42,43,44,37,38,39,40,27,28,29,30,31,32,33,34,35]
,[19,20,21,22,23,24,25,26,35,14,15,16,17,18,9,10,11,12,13,0,1,2,3,4,5,6,7,46,47,48,49,50,51,52,53,8,41,42,43,44,45,36,37,38,39,40,27,28,29,30,31,32,33,34]
,[20,21,22,23,24,25,26,34,14,15,16,17,18,19,8,9,10,11,12,13,0,1,2,3,4,5,6,47,48,49,50,51,52,53,7,41,42,43,44,45,46,35,36,37,38,39,40,27,28,29,30,31,32,33]
,[21,22,23,24,25,26,33,14,15,16,17,18,19,20,7,8,9,10,11,12,13,0,1,2,3,4,5,48,49,50,51,52,53,6,41,42,43,44,45,46,47,34,35,36,37,38,39,40,27,28,29,30,31,32]
,[22,23,24,25,26,32,14,15,16,17,18,19,20,21,6,7,8,9,10,11,12,13,0,1,2,3,4,49,50,51,52,53,5,41,42,43,44,45,46,47,48,33,34,35,36,37,38,39,40,27,28,29,30,31]
,[23,24,25,26,31,14,15,16,17,18,19,20,21,22,5,6,7,8,9,10,11,12,13,0,1,2,3,50,51,52,53,4,41,42,43,44,45,46,47,48,49,32,33,34,35,36,37,38,39,40,27,28,29,30]
,[24,25,26,30,14,15,16,17,18,19,20,21,22,23,4,5,6,7,8,9,10,11,12,13,0,1,2,51,52,53,3,41,42,43,44,45,46,47,48,49,50,31,32,33,34,35,36,37,38,39,40,27,28,29]
,[25,26,29,14,15,16,17,18,19,20,21,22,23,24,3,4,5,6,7,8,9,10,11,12,13,0,1,52,53,2,41,42,43,44,45,46,47,48,49,50,51,30,31,32,33,34,35,36,37,38,39,40,27,28]
,[26,28,14,15,16,17,18,19,20,21,22,23,24,25,2,3,4,5,6,7,8,9,10,11,12,13,0,53,1,41,42,43,44,45,46,47,48,49,50,51,52,29,30,31,32,33,34,35,36,37,38,39,40,27]
,[27,14,15,16,17,18,19,20,21,22,23,24,25,26,1,2,3,4,5,6,7,8,9,10,11,12,13,0,41,42,43,44,45,46,47,48,49,50,51,52,53,28,29,30,31,32,33,34,35,36,37,38,39,40]
,[28,29,30,31,32,33,34,35,36,37,38,39,40,41,42,43,44,45,46,47,48,49,50,51,52,53,27,26,0,1,2,3,4,5,6,7,8,9,10,11,12,13,14,15,16,17,18,19,20,21,22,23,24,25]
,[29,30,31,32,33,34,35,36,37,38,39,40,41,42,43,44,45,46,47,48,49,50,51,52,53,27,28,25,26,0,1,2,3,4,5,6,7,8,9,10,11,12,13,14,15,16,17,18,19,20,21,22,23,24]
,[30,31,32,33,34,35,36,37,38,39,40,41,42,43,44,45,46,47,48,49,50,51,52,53,27,28,29,24,25,26,0,1,2,3,4,5,6,7,8,9,10,11,12,13,14,15,16,17,18,19,20,21,22,23]
,[31,32,33,34,35,36,37,38,39,40,41,42,43,44,45,46,47,48,49,50,51,52,53,27,28,29,30,23,24,25,26,0,1,2,3,4,5,6,7,8,9,10,11,12,13,14,15,16,17,18,19,20,21,22]
,[32,33,34,35,36,37,38,39,40,41,42,43,44,45,46,47,48,49,50,51,52,53,27,28,29,30,31,22,23,24,25,26,0,1,2,3,4,5,6,7,8,9,10,11,12,13,14,15,16,17,18,19,20,21]
,[33,34,35,36,37,38,39,40,41,42,43,44,45,46,47,48,49,50,51,52,53,27,28,29,30,31,32,21,22,23,24,25,26,0,1,2,3,4,5,6,7,8,9,10,11,12,13,14,15,16,17,18,19,20]
,[34,35,36,37,38,39,40,41,42,43,44,45,46,47,48,49,50,51,52,53,27,28,29,30,31,32,33,20,21,22,23,24,25,26,0,1,2,3,4,5,6,7,8,9,10,11,12,13,14,15,16,17,18,19]
,[35,36,37,38,39,40,41,42,43,44,45,46,47,48,49,50,51,52,53,27,28,29,30,31,32,33,34,19,20,21,22,23,24,25,26,0,1,2,3,4,5,6,7,8,9,10,11,12,13,14,15,16,17,18]
,[36,37,38,39,40,41,42,43,44,45,46,47,48,49,50,51,52,53,27,28,29,30,31,32,33,34,35,18,19,20,21,22,23,24,25,26,0,1,2,3,4,5,6,7,8,9,10,11,12,13,14,15,16,17]
,[37,38,39,40,41,42,43,44,45,46,47,48,49,50,51,52,53,27,28,29,30,31,32,33,34,35,36,17,18,19,20,21,22,23,24,25,26,0,1,2,3,4,5,6,7,8,9,10,11,12,13,14,15,16]
,[38,39,40,41,42,43,44,45,46,47,48,49,50,51,52,53,27,28,29,30,31,32,33,34,35,36,37,16,17,18,19,20,21,22,23,24,25,26,0,1,2,3,4,5,6,7,8,9,10,11,12,13,14,15]
,[39,40,41,42,43,44,45,46,47,48,49,50,51,52,53,27,28,29,30,31,32,33,34,35,36,37,38,15,16,17,18,19,20,21,22,23,24,25,26,0,1,2,3,4,5,6,7,8,9,10,11,12,13,14]
,[40,41,42,43,44,45,46,47,48,49,50,51,52,53,27,28,29,30,31,32,33,34,35,36,37,38,39,14,15,16,17,18,19,20,21,22,23,24,25,26,0,1,2,3,4,5,6,7,8,9,10,11,12,13]
,[41,42,43,44,45,46,47,48,49,50,51,52,53,27,28,29,30,31,32,33,34,35,36,37,38,39,40,13,14,15,16,17,18,19,20,21,22,23,24,25,26,0,1,2,3,4,5,6,7,8,9,10,11,12]
,[42,43,44,45,46,47,48,49,50,51,52,53,27,28,29,30,31,32,33,34,35,36,37,38,39,40,41,12,13,14,15,16,17,18,19,20,21,22,23,24,25,26,0,1,2,3,4,5,6,7,8,9,10,11]
,[43,44,45,46,47,48,49,50,51,52,53,27,28,29,30,31,32,33,34,35,36,37,38,39,40,41,42,11,12,13,14,15,16,17,18,19,20,21,22,23,24,25,26,0,1,2,3,4,5,6,7,8,9,10]
,[44,45,46,47,48,49,50,51,52,53,27,28,29,30,31,32,33,34,35,36,37,38,39,40,41,42,43,10,11,12,13,14,15,16,17,18,19,20,21,22,23,24,25,26,0,1,2,3,4,5,6,7,8,9]
,[45,46,47,48,49,50,51,52,53,27,28,29,30,31,32,33,34,35,36,37,38,39,40,41,42,43,44,9,10,11,12,13,14,15,16,17,18,19,20,21,22,23,24,25,26,0,1,2,3,4,5,6,7,8]
,[46,47,48,49,50,51,52,53,27,28,29,30,31,32,33,34,35,36,37,38,39,40,41,42,43,44,45,8,9,10,11,12,13,14,15,16,17,18,19,20,21,22,23,24,25,26,0,1,2,3,4,5,6,7]
,[47,48,49,50,51,52,53,27,28,29,30,31,32,33,34,35,36,37,38,39,40,41,42,43,44,45,46,7,8,9,10,11,12,13,14,15,16,17,18,19,20,21,22,23,24,25,26,0,1,2,3,4,5,6]
,[48,49,50,51,52,53,27,28,29,30,31,32,33,34,35,36,37,38,39,40,41,42,43,44,45,46,47,6,7,8,9,10,11,12,13,14,15,16,17,18,19,20,21,22,23,24,25,26,0,1,2,3,4,5]
,[49,50,51,52,53,27,28,29,30,31,32,33,34,35,36,37,38,39,40,41,42,43,44,45,46,47,48,5,6,7,8,9,10,11,12,13,14,15,16,17,18,19,20,21,22,23,24,25,26,0,1,2,3,4]
,[50,51,52,53,27,28,29,30,31,32,33,34,35,36,37,38,39,40,41,42,43,44,45,46,47,48,49,4,5,6,7,8,9,10,11,12,13,14,15,16,17,18,19,20,21,22,23,24,25,26,0,1,2,3]
,[51,52,53,27,28,29,30,31,32,33,34,35,36,37,38,39,40,41,42,43,44,45,46,47,48,49,50,3,4,5,6,7,8,9,10,11,12,13,14,15,16,17,18,19,20,21,22,23,24,25,26,0,1,2]
,[52,53,27,28,29,30,31,32,33,34,35,36,37,38,39,40,41,42,43,44,45,46,47,48,49,50,51,2,3,4,5,6,7,8,9,10,11,12,13,14,15,16,17,18,19,20,21,22,23,24,25,26,0,1]
,[53,27,28,29,30,31,32,33,34,35,36,37,38,39,40,41,42,43,44,45,46,47,48,49,50,51,52,1,2,3,4,5,6,7,8,9,10,11,12,13,14,15,16,17,18,19,20,21,22,23,24,25,26,0]
]
,29:
[[1,0,3,2,5,4,7,6,9,8,11,10,13,12,43,16,15,18,17,20,19,22,21,24,23,26,25,28,27,30,29,32,31,34,33,36,35,38,37,40,39,42,41,14,45,44,47,46,49,48,51,50,53,52,55,54,57,56]
,[2,3,0,1,6,7,4,5,10,11,8,9,14,28,12,17,18,15,16,21,22,19,20,25,26,23,24,56,13,31,32,29,30,35,36,33,34,39,40,37,38,43,57,41,46,47,44,45,50,51,48,49,54,55,52,53,27,42]
,[3,2,1,0,7,6,5,4,11,10,9,8,27,14,13,18,17,16,15,22,21,20,19,26,25,24,23,12,57,32,31,30,29,36,35,34,33,40,39,38,37,56,43,42,47,46,45,44,51,50,49,48,55,54,53,52,41,28]
,[4,5,6,7,0,1,2,3,12,13,14,26,8,9,10,19,20,21,22,15,16,17,18,27,28,54,11,23,24,33,34,35,36,29,30,31,32,41,42,43,55,37,38,39,48,49,50,51,44,45,46,47,56,57,25,40,52,53]
,[5,6,7,4,3,0,1,2,13,14,25,12,11,8,9,20,21,22,19,18,15,16,17,28,53,10,27,26,23,34,35,36,33,32,29,30,31,42,43,54,41,40,37,38,49,50,51,48,47,44,45,46,57,24,39,56,55,52]
,[6,7,4,5,2,3,0,1,14,24,12,13,10,11,8,21,22,19,20,17,18,15,16,52,9,27,28,25,26,35,36,33,34,31,32,29,30,43,53,41,42,39,40,37,50,51,48,49,46,47,44,45,23,38,56,57,54,55]
,[7,4,5,6,1,2,3,0,23,12,13,14,9,10,11,22,19,20,21,16,17,18,15,8,27,28,55,24,25,36,33,34,35,30,31,32,29,52,41,42,43,38,39,40,51,48,49,50,45,46,47,44,37,56,57,26,53,54]
,[8,9,10,11,12,13,14,22,0,1,2,3,4,5,6,23,24,25,26,27,28,50,7,15,16,17,18,19,20,37,38,39,40,41,42,43,51,29,30,31,32,33,34,35,52,53,54,55,56,57,21,36,44,45,46,47,48,49]
,[9,10,11,12,13,14,21,8,7,0,1,2,3,4,5,24,25,26,27,28,49,6,23,22,15,16,17,18,19,38,39,40,41,42,43,50,37,36,29,30,31,32,33,34,53,54,55,56,57,20,35,52,51,44,45,46,47,48]
,[10,11,12,13,14,20,8,9,6,7,0,1,2,3,4,25,26,27,28,48,5,23,24,21,22,15,16,17,18,39,40,41,42,43,49,37,38,35,36,29,30,31,32,33,54,55,56,57,19,34,52,53,50,51,44,45,46,47]
,[11,12,13,14,19,8,9,10,5,6,7,0,1,2,3,26,27,28,47,4,23,24,25,20,21,22,15,16,17,40,41,42,43,48,37,38,39,34,35,36,29,30,31,32,55,56,57,18,33,52,53,54,49,50,51,44,45,46]
,[12,13,14,18,8,9,10,11,4,5,6,7,0,1,2,27,28,46,3,23,24,25,26,19,20,21,22,15,16,41,42,43,47,37,38,39,40,33,34,35,36,29,30,31,56,57,17,32,52,53,54,55,48,49,50,51,44,45]
,[13,14,17,8,9,10,11,12,3,4,5,6,7,0,1,28,45,2,23,24,25,26,27,18,19,20,21,22,15,42,43,46,37,38,39,40,41,32,33,34,35,36,29,30,57,16,31,52,53,54,55,56,47,48,49,50,51,44]
,[14,16,8,9,10,11,12,13,2,3,4,5,6,7,0,44,1,23,24,25,26,27,28,17,18,19,20,21,22,43,45,37,38,39,40,41,42,31,32,33,34,35,36,29,15,30,52,53,54,55,56,57,46,47,48,49,50,51]
,[15,8,9,10,11,12,13,14,1,2,3,4,5,6,7,0,23,24,25,26,27,28,51,16,17,18,19,20,21,44,37,38,39,40,41,42,43,30,31,32,33,34,35,36,29,52,53,54,55,56,57,22,45,46,47,48,49,50]
,[16,17,18,19,20,21,22,23,24,25,26,27,28,42,15,14,0,1,2,3,4,5,6,7,8,9,10,11,12,45,46,47,48,49,50,51,52,53,54,55,56,57,13,44,43,29,30,31,32,33,34,35,36,37,38,39,40,41]
,[17,18,19,20,21,22,23,24,25,26,27,28,41,15,16,13,14,0,1,2,3,4,5,6,7,8,9,10,11,46,47,48,49,50,51,52,53,54,55,56,57,12,44,45,42,43,29,30,31,32,33,34,35,36,37,38,39,40]
,[18,19,20,21,22,23,24,25,26,27,28,40,15,16,17,12,13,14,0,1,2,3,4,5,6,7,8,9,10,47,48,49,50,51,52,53,54,55,56,57,11,44,45,46,41,42,43,29,30,31,32,33,34,35,36,37,38,39]
,[19,20,21,22,23,24,25,26,27,28,39,15,16,17,18,11,12,13,14,0,1,2,3,4,5,6,7,8,9,48,49,50,51,52,53,54,55,56,57,10,44,45,46,47,40,41,42,43,29,30,31,32,33,34,35,36,37,38]
,[20,21,22,23,24,25,26,27,28,38,15,16,17,18,19,10,11,12,13,14,0,1,2,3,4,5,6,7,8,49,50,51,52,53,54,55,56,57,9,44,45,46,47,48,39,40,41,42,43,29,30,31,32,33,34,35,36,37]
,[21,22,23,24,25,26,27,28,37,15,16,17,18,19,20,9,10,11,12,13,14,0,1,2,3,4,5,6,7,50,51,52,53,54,55,56,57,8,44,45,46,47,48,49,38,39,40,41,42,43,29,30,31,32,33,34,35,36]
,[22,23,24,25,26,27,28,36,15,16,17,18,19,20,21,8,9,10,11,12,13,14,0,1,2,3,4,5,6,51,52,53,54,55,56,57,7,44,45,46,47,48,49,50,37,38,39,40,41,42,43,29,30,31,32,33,34,35]
,[23,24,25,26,27,28,35,15,16,17,18,19,20,21,22,7,8,9,10,11,12,13,14,0,1,2,3,4,5,52,53,54,55,56,57,6,44,45,46,47,48,49,50,51,36,37,38,39,40,41,42,43,29,30,31,32,33,34]
,[24,25,26,27,28,34,15,16,17,18,19,20,21,22,23,6,7,8,9,10,11,12,13,14,0,1,2,3,4,53,54,55,56,57,5,44,45,46,47,48,49,50,51,52,35,36,37,38,39,40,41,42,43,29,30,31,32,33]
,[25,26,27,28,33,15,16,17,18,19,20,21,22,23,24,5,6,7,8,9,10,11,12,13,14,0,1,2,3,54,55,56,57,4,44,45,46,47,48,49,50,51,52,53,34,35,36,37,38,39,40,41,42,43,29,30,31,32]
,[26,27,28,32,15,16,17,18,19,20,21,22,23,24,25,4,5,6,7,8,9,10,11,12,13,14,0,1,2,55,56,57,3,44,45,46,47,48,49,50,51,52,53,54,33,34,35,36,37,38,39,40,41,42,43,29,30,31]
,[27,28,31,15,16,17,18,19,20,21,22,23,24,25,26,3,4,5,6,7,8,9,10,11,12,13,14,0,1,56,57,2,44,45,46,47,48,49,50,51,52,53,54,55,32,33,34,35,36,37,38,39,40,41,42,43,29,30]
,[28,30,15,16,17,18,19,20,21,22,23,24,25,26,27,2,3,4,5,6,7,8,9,10,11,12,13,14,0,57,1,44,45,46,47,48,49,50,51,52,53,54,55,56,31,32,33,34,35,36,37,38,39,40,41,42,43,29]
,[29,15,16,17,18,19,20,21,22,23,24,25,26,27,28,1,2,3,4,5,6,7,8,9,10,11,12,13,14,0,44,45,46,47,48,49,50,51,52,53,54,55,56,57,30,31,32,33,34,35,36,37,38,39,40,41,42,43]
,[30,31,32,33,34,35,36,37,38,39,40,41,42,43,44,45,46,47,48,49,50,51,52,53,54,55,56,57,29,28,0,1,2,3,4,5,6,7,8,9,10,11,12,13,14,15,16,17,18,19,20,21,22,23,24,25,26,27]
,[31,32,33,34,35,36,37,38,39,40,41,42,43,44,45,46,47,48,49,50,51,52,53,54,55,56,57,29,30,27,28,0,1,2,3,4,5,6,7,8,9,10,11,12,13,14,15,16,17,18,19,20,21,22,23,24,25,26]
,[32,33,34,35,36,37,38,39,40,41,42,43,44,45,46,47,48,49,50,51,52,53,54,55,56,57,29,30,31,26,27,28,0,1,2,3,4,5,6,7,8,9,10,11,12,13,14,15,16,17,18,19,20,21,22,23,24,25]
,[33,34,35,36,37,38,39,40,41,42,43,44,45,46,47,48,49,50,51,52,53,54,55,56,57,29,30,31,32,25,26,27,28,0,1,2,3,4,5,6,7,8,9,10,11,12,13,14,15,16,17,18,19,20,21,22,23,24]
,[34,35,36,37,38,39,40,41,42,43,44,45,46,47,48,49,50,51,52,53,54,55,56,57,29,30,31,32,33,24,25,26,27,28,0,1,2,3,4,5,6,7,8,9,10,11,12,13,14,15,16,17,18,19,20,21,22,23]
,[35,36,37,38,39,40,41,42,43,44,45,46,47,48,49,50,51,52,53,54,55,56,57,29,30,31,32,33,34,23,24,25,26,27,28,0,1,2,3,4,5,6,7,8,9,10,11,12,13,14,15,16,17,18,19,20,21,22]
,[36,37,38,39,40,41,42,43,44,45,46,47,48,49,50,51,52,53,54,55,56,57,29,30,31,32,33,34,35,22,23,24,25,26,27,28,0,1,2,3,4,5,6,7,8,9,10,11,12,13,14,15,16,17,18,19,20,21]
,[37,38,39,40,41,42,43,44,45,46,47,48,49,50,51,52,53,54,55,56,57,29,30,31,32,33,34,35,36,21,22,23,24,25,26,27,28,0,1,2,3,4,5,6,7,8,9,10,11,12,13,14,15,16,17,18,19,20]
,[38,39,40,41,42,43,44,45,46,47,48,49,50,51,52,53,54,55,56,57,29,30,31,32,33,34,35,36,37,20,21,22,23,24,25,26,27,28,0,1,2,3,4,5,6,7,8,9,10,11,12,13,14,15,16,17,18,19]
,[39,40,41,42,43,44,45,46,47,48,49,50,51,52,53,54,55,56,57,29,30,31,32,33,34,35,36,37,38,19,20,21,22,23,24,25,26,27,28,0,1,2,3,4,5,6,7,8,9,10,11,12,13,14,15,16,17,18]
,[40,41,42,43,44,45,46,47,48,49,50,51,52,53,54,55,56,57,29,30,31,32,33,34,35,36,37,38,39,18,19,20,21,22,23,24,25,26,27,28,0,1,2,3,4,5,6,7,8,9,10,11,12,13,14,15,16,17]
,[41,42,43,44,45,46,47,48,49,50,51,52,53,54,55,56,57,29,30,31,32,33,34,35,36,37,38,39,40,17,18,19,20,21,22,23,24,25,26,27,28,0,1,2,3,4,5,6,7,8,9,10,11,12,13,14,15,16]
,[42,43,44,45,46,47,48,49,50,51,52,53,54,55,56,57,29,30,31,32,33,34,35,36,37,38,39,40,41,16,17,18,19,20,21,22,23,24,25,26,27,28,0,1,2,3,4,5,6,7,8,9,10,11,12,13,14,15]
,[43,44,45,46,47,48,49,50,51,52,53,54,55,56,57,29,30,31,32,33,34,35,36,37,38,39,40,41,42,15,16,17,18,19,20,21,22,23,24,25,26,27,28,0,1,2,3,4,5,6,7,8,9,10,11,12,13,14]
,[44,45,46,47,48,49,50,51,52,53,54,55,56,57,29,30,31,32,33,34,35,36,37,38,39,40,41,42,43,14,15,16,17,18,19,20,21,22,23,24,25,26,27,28,0,1,2,3,4,5,6,7,8,9,10,11,12,13]
,[45,46,47,48,49,50,51,52,53,54,55,56,57,29,30,31,32,33,34,35,36,37,38,39,40,41,42,43,44,13,14,15,16,17,18,19,20,21,22,23,24,25,26,27,28,0,1,2,3,4,5,6,7,8,9,10,11,12]
,[46,47,48,49,50,51,52,53,54,55,56,57,29,30,31,32,33,34,35,36,37,38,39,40,41,42,43,44,45,12,13,14,15,16,17,18,19,20,21,22,23,24,25,26,27,28,0,1,2,3,4,5,6,7,8,9,10,11]
,[47,48,49,50,51,52,53,54,55,56,57,29,30,31,32,33,34,35,36,37,38,39,40,41,42,43,44,45,46,11,12,13,14,15,16,17,18,19,20,21,22,23,24,25,26,27,28,0,1,2,3,4,5,6,7,8,9,10]
,[48,49,50,51,52,53,54,55,56,57,29,30,31,32,33,34,35,36,37,38,39,40,41,42,43,44,45,46,47,10,11,12,13,14,15,16,17,18,19,20,21,22,23,24,25,26,27,28,0,1,2,3,4,5,6,7,8,9]
,[49,50,51,52,53,54,55,56,57,29,30,31,32,33,34,35,36,37,38,39,40,41,42,43,44,45,46,47,48,9,10,11,12,13,14,15,16,17,18,19,20,21,22,23,24,25,26,27,28,0,1,2,3,4,5,6,7,8]
,[50,51,52,53,54,55,56,57,29,30,31,32,33,34,35,36,37,38,39,40,41,42,43,44,45,46,47,48,49,8,9,10,11,12,13,14,15,16,17,18,19,20,21,22,23,24,25,26,27,28,0,1,2,3,4,5,6,7]
,[51,52,53,54,55,56,57,29,30,31,32,33,34,35,36,37,38,39,40,41,42,43,44,45,46,47,48,49,50,7,8,9,10,11,12,13,14,15,16,17,18,19,20,21,22,23,24,25,26,27,28,0,1,2,3,4,5,6]
,[52,53,54,55,56,57,29,30,31,32,33,34,35,36,37,38,39,40,41,42,43,44,45,46,47,48,49,50,51,6,7,8,9,10,11,12,13,14,15,16,17,18,19,20,21,22,23,24,25,26,27,28,0,1,2,3,4,5]
,[53,54,55,56,57,29,30,31,32,33,34,35,36,37,38,39,40,41,42,43,44,45,46,47,48,49,50,51,52,5,6,7,8,9,10,11,12,13,14,15,16,17,18,19,20,21,22,23,24,25,26,27,28,0,1,2,3,4]
,[54,55,56,57,29,30,31,32,33,34,35,36,37,38,39,40,41,42,43,44,45,46,47,48,49,50,51,52,53,4,5,6,7,8,9,10,11,12,13,14,15,16,17,18,19,20,21,22,23,24,25,26,27,28,0,1,2,3]
,[55,56,57,29,30,31,32,33,34,35,36,37,38,39,40,41,42,43,44,45,46,47,48,49,50,51,52,53,54,3,4,5,6,7,8,9,10,11,12,13,14,15,16,17,18,19,20,21,22,23,24,25,26,27,28,0,1,2]
,[56,57,29,30,31,32,33,34,35,36,37,38,39,40,41,42,43,44,45,46,47,48,49,50,51,52,53,54,55,2,3,4,5,6,7,8,9,10,11,12,13,14,15,16,17,18,19,20,21,22,23,24,25,26,27,28,0,1]
,[57,29,30,31,32,33,34,35,36,37,38,39,40,41,42,43,44,45,46,47,48,49,50,51,52,53,54,55,56,1,2,3,4,5,6,7,8,9,10,11,12,13,14,15,16,17,18,19,20,21,22,23,24,25,26,27,28,0]
]
,31:
[[1,0,3,2,5,4,7,6,9,8,11,10,13,12,15,14,17,16,19,18,21,20,23,22,25,24,27,26,29,28,61,32,31,34,33,36,35,38,37,40,39,42,41,44,43,46,45,48,47,50,49,52,51,54,53,56,55,58,57,60,59,30]
,[2,3,0,1,6,7,4,5,10,11,8,9,14,15,12,13,18,19,16,17,22,23,20,21,26,27,24,25,30,60,28,33,34,31,32,37,38,35,36,41,42,39,40,45,46,43,44,49,50,47,48,53,54,51,52,57,58,55,56,61,29,59]
,[3,2,1,0,7,6,5,4,11,10,9,8,15,14,13,12,19,18,17,16,23,22,21,20,27,26,25,24,59,30,29,34,33,32,31,38,37,36,35,42,41,40,39,46,45,44,43,50,49,48,47,54,53,52,51,58,57,56,55,28,61,60]
,[4,5,6,7,0,1,2,3,12,13,14,15,8,9,10,11,20,21,22,23,16,17,18,19,28,29,30,58,24,25,26,35,36,37,38,31,32,33,34,43,44,45,46,39,40,41,42,51,52,53,54,47,48,49,50,59,60,61,27,55,56,57]
,[5,6,7,4,3,0,1,2,13,14,15,12,11,8,9,10,21,22,23,20,19,16,17,18,29,30,57,28,27,24,25,36,37,38,35,34,31,32,33,44,45,46,43,42,39,40,41,52,53,54,51,50,47,48,49,60,61,26,59,58,55,56]
,[6,7,4,5,2,3,0,1,14,15,12,13,10,11,8,9,22,23,20,21,18,19,16,17,30,56,28,29,26,27,24,37,38,35,36,33,34,31,32,45,46,43,44,41,42,39,40,53,54,51,52,49,50,47,48,61,25,59,60,57,58,55]
,[7,4,5,6,1,2,3,0,15,12,13,14,9,10,11,8,23,20,21,22,17,18,19,16,55,28,29,30,25,26,27,38,35,36,37,32,33,34,31,46,43,44,45,40,41,42,39,54,51,52,53,48,49,50,47,24,59,60,61,56,57,58]
,[8,9,10,11,12,13,14,15,0,1,2,3,4,5,6,7,24,25,26,27,28,29,30,54,16,17,18,19,20,21,22,39,40,41,42,43,44,45,46,31,32,33,34,35,36,37,38,55,56,57,58,59,60,61,23,47,48,49,50,51,52,53]
,[9,10,11,12,13,14,15,8,7,0,1,2,3,4,5,6,25,26,27,28,29,30,53,24,23,16,17,18,19,20,21,40,41,42,43,44,45,46,39,38,31,32,33,34,35,36,37,56,57,58,59,60,61,22,55,54,47,48,49,50,51,52]
,[10,11,12,13,14,15,8,9,6,7,0,1,2,3,4,5,26,27,28,29,30,52,24,25,22,23,16,17,18,19,20,41,42,43,44,45,46,39,40,37,38,31,32,33,34,35,36,57,58,59,60,61,21,55,56,53,54,47,48,49,50,51]
,[11,12,13,14,15,8,9,10,5,6,7,0,1,2,3,4,27,28,29,30,51,24,25,26,21,22,23,16,17,18,19,42,43,44,45,46,39,40,41,36,37,38,31,32,33,34,35,58,59,60,61,20,55,56,57,52,53,54,47,48,49,50]
,[12,13,14,15,8,9,10,11,4,5,6,7,0,1,2,3,28,29,30,50,24,25,26,27,20,21,22,23,16,17,18,43,44,45,46,39,40,41,42,35,36,37,38,31,32,33,34,59,60,61,19,55,56,57,58,51,52,53,54,47,48,49]
,[13,14,15,8,9,10,11,12,3,4,5,6,7,0,1,2,29,30,49,24,25,26,27,28,19,20,21,22,23,16,17,44,45,46,39,40,41,42,43,34,35,36,37,38,31,32,33,60,61,18,55,56,57,58,59,50,51,52,53,54,47,48]
,[14,15,8,9,10,11,12,13,2,3,4,5,6,7,0,1,30,48,24,25,26,27,28,29,18,19,20,21,22,23,16,45,46,39,40,41,42,43,44,33,34,35,36,37,38,31,32,61,17,55,56,57,58,59,60,49,50,51,52,53,54,47]
,[15,8,9,10,11,12,13,14,1,2,3,4,5,6,7,0,47,24,25,26,27,28,29,30,17,18,19,20,21,22,23,46,39,40,41,42,43,44,45,32,33,34,35,36,37,38,31,16,55,56,57,58,59,60,61,48,49,50,51,52,53,54]
,[16,17,18,19,20,21,22,23,24,25,26,27,28,29,30,46,0,1,2,3,4,5,6,7,8,9,10,11,12,13,14,47,48,49,50,51,52,53,54,55,56,57,58,59,60,61,15,31,32,33,34,35,36,37,38,39,40,41,42,43,44,45]
,[17,18,19,20,21,22,23,24,25,26,27,28,29,30,45,16,15,0,1,2,3,4,5,6,7,8,9,10,11,12,13,48,49,50,51,52,53,54,55,56,57,58,59,60,61,14,47,46,31,32,33,34,35,36,37,38,39,40,41,42,43,44]
,[18,19,20,21,22,23,24,25,26,27,28,29,30,44,16,17,14,15,0,1,2,3,4,5,6,7,8,9,10,11,12,49,50,51,52,53,54,55,56,57,58,59,60,61,13,47,48,45,46,31,32,33,34,35,36,37,38,39,40,41,42,43]
,[19,20,21,22,23,24,25,26,27,28,29,30,43,16,17,18,13,14,15,0,1,2,3,4,5,6,7,8,9,10,11,50,51,52,53,54,55,56,57,58,59,60,61,12,47,48,49,44,45,46,31,32,33,34,35,36,37,38,39,40,41,42]
,[20,21,22,23,24,25,26,27,28,29,30,42,16,17,18,19,12,13,14,15,0,1,2,3,4,5,6,7,8,9,10,51,52,53,54,55,56,57,58,59,60,61,11,47,48,49,50,43,44,45,46,31,32,33,34,35,36,37,38,39,40,41]
,[21,22,23,24,25,26,27,28,29,30,41,16,17,18,19,20,11,12,13,14,15,0,1,2,3,4,5,6,7,8,9,52,53,54,55,56,57,58,59,60,61,10,47,48,49,50,51,42,43,44,45,46,31,32,33,34,35,36,37,38,39,40]
,[22,23,24,25,26,27,28,29,30,40,16,17,18,19,20,21,10,11,12,13,14,15,0,1,2,3,4,5,6,7,8,53,54,55,56,57,58,59,60,61,9,47,48,49,50,51,52,41,42,43,44,45,46,31,32,33,34,35,36,37,38,39]
,[23,24,25,26,27,28,29,30,39,16,17,18,19,20,21,22,9,10,11,12,13,14,15,0,1,2,3,4,5,6,7,54,55,56,57,58,59,60,61,8,47,48,49,50,51,52,53,40,41,42,43,44,45,46,31,32,33,34,35,36,37,38]
,[24,25,26,27,28,29,30,38,16,17,18,19,20,21,22,23,8,9,10,11,12,13,14,15,0,1,2,3,4,5,6,55,56,57,58,59,60,61,7,47,48,49,50,51,52,53,54,39,40,41,42,43,44,45,46,31,32,33,34,35,36,37]
,[25,26,27,28,29,30,37,16,17,18,19,20,21,22,23,24,7,8,9,10,11,12,13,14,15,0,1,2,3,4,5,56,57,58,59,60,61,6,47,48,49,50,51,52,53,54,55,38,39,40,41,42,43,44,45,46,31,32,33,34,35,36]
,[26,27,28,29,30,36,16,17,18,19,20,21,22,23,24,25,6,7,8,9,10,11,12,13,14,15,0,1,2,3,4,57,58,59,60,61,5,47,48,49,50,51,52,53,54,55,56,37,38,39,40,41,42,43,44,45,46,31,32,33,34,35]
,[27,28,29,30,35,16,17,18,19,20,21,22,23,24,25,26,5,6,7,8,9,10,11,12,13,14,15,0,1,2,3,58,59,60,61,4,47,48,49,50,51,52,53,54,55,56,57,36,37,38,39,40,41,42,43,44,45,46,31,32,33,34]
,[28,29,30,34,16,17,18,19,20,21,22,23,24,25,26,27,4,5,6,7,8,9,10,11,12,13,14,15,0,1,2,59,60,61,3,47,48,49,50,51,52,53,54,55,56,57,58,35,36,37,38,39,40,41,42,43,44,45,46,31,32,33]
,[29,30,33,16,17,18,19,20,21,22,23,24,25,26,27,28,3,4,5,6,7,8,9,10,11,12,13,14,15,0,1,60,61,2,47,48,49,50,51,52,53,54,55,56,57,58,59,34,35,36,37,38,39,40,41,42,43,44,45,46,31,32]
,[30,32,16,17,18,19,20,21,22,23,24,25,26,27,28,29,2,3,4,5,6,7,8,9,10,11,12,13,14,15,0,61,1,47,48,49,50,51,52,53,54,55,56,57,58,59,60,33,34,35,36,37,38,39,40,41,42,43,44,45,46,31]
,[31,16,17,18,19,20,21,22,23,24,25,26,27,28,29,30,1,2,3,4,5,6,7,8,9,10,11,12,13,14,15,0,47,48,49,50,51,52,53,54,55,56,57,58,59,60,61,32,33,34,35,36,37,38,39,40,41,42,43,44,45,46]
,[32,33,34,35,36,37,38,39,40,41,42,43,44,45,46,47,48,49,50,51,52,53,54,55,56,57,58,59,60,61,31,30,0,1,2,3,4,5,6,7,8,9,10,11,12,13,14,15,16,17,18,19,20,21,22,23,24,25,26,27,28,29]
,[33,34,35,36,37,38,39,40,41,42,43,44,45,46,47,48,49,50,51,52,53,54,55,56,57,58,59,60,61,31,32,29,30,0,1,2,3,4,5,6,7,8,9,10,11,12,13,14,15,16,17,18,19,20,21,22,23,24,25,26,27,28]
,[34,35,36,37,38,39,40,41,42,43,44,45,46,47,48,49,50,51,52,53,54,55,56,57,58,59,60,61,31,32,33,28,29,30,0,1,2,3,4,5,6,7,8,9,10,11,12,13,14,15,16,17,18,19,20,21,22,23,24,25,26,27]
,[35,36,37,38,39,40,41,42,43,44,45,46,47,48,49,50,51,52,53,54,55,56,57,58,59,60,61,31,32,33,34,27,28,29,30,0,1,2,3,4,5,6,7,8,9,10,11,12,13,14,15,16,17,18,19,20,21,22,23,24,25,26]
,[36,37,38,39,40,41,42,43,44,45,46,47,48,49,50,51,52,53,54,55,56,57,58,59,60,61,31,32,33,34,35,26,27,28,29,30,0,1,2,3,4,5,6,7,8,9,10,11,12,13,14,15,16,17,18,19,20,21,22,23,24,25]
,[37,38,39,40,41,42,43,44,45,46,47,48,49,50,51,52,53,54,55,56,57,58,59,60,61,31,32,33,34,35,36,25,26,27,28,29,30,0,1,2,3,4,5,6,7,8,9,10,11,12,13,14,15,16,17,18,19,20,21,22,23,24]
,[38,39,40,41,42,43,44,45,46,47,48,49,50,51,52,53,54,55,56,57,58,59,60,61,31,32,33,34,35,36,37,24,25,26,27,28,29,30,0,1,2,3,4,5,6,7,8,9,10,11,12,13,14,15,16,17,18,19,20,21,22,23]
,[39,40,41,42,43,44,45,46,47,48,49,50,51,52,53,54,55,56,57,58,59,60,61,31,32,33,34,35,36,37,38,23,24,25,26,27,28,29,30,0,1,2,3,4,5,6,7,8,9,10,11,12,13,14,15,16,17,18,19,20,21,22]
,[40,41,42,43,44,45,46,47,48,49,50,51,52,53,54,55,56,57,58,59,60,61,31,32,33,34,35,36,37,38,39,22,23,24,25,26,27,28,29,30,0,1,2,3,4,5,6,7,8,9,10,11,12,13,14,15,16,17,18,19,20,21]
,[41,42,43,44,45,46,47,48,49,50,51,52,53,54,55,56,57,58,59,60,61,31,32,33,34,35,36,37,38,39,40,21,22,23,24,25,26,27,28,29,30,0,1,2,3,4,5,6,7,8,9,10,11,12,13,14,15,16,17,18,19,20]
,[42,43,44,45,46,47,48,49,50,51,52,53,54,55,56,57,58,59,60,61,31,32,33,34,35,36,37,38,39,40,41,20,21,22,23,24,25,26,27,28,29,30,0,1,2,3,4,5,6,7,8,9,10,11,12,13,14,15,16,17,18,19]
,[43,44,45,46,47,48,49,50,51,52,53,54,55,56,57,58,59,60,61,31,32,33,34,35,36,37,38,39,40,41,42,19,20,21,22,23,24,25,26,27,28,29,30,0,1,2,3,4,5,6,7,8,9,10,11,12,13,14,15,16,17,18]
,[44,45,46,47,48,49,50,51,52,53,54,55,56,57,58,59,60,61,31,32,33,34,35,36,37,38,39,40,41,42,43,18,19,20,21,22,23,24,25,26,27,28,29,30,0,1,2,3,4,5,6,7,8,9,10,11,12,13,14,15,16,17]
,[45,46,47,48,49,50,51,52,53,54,55,56,57,58,59,60,61,31,32,33,34,35,36,37,38,39,40,41,42,43,44,17,18,19,20,21,22,23,24,25,26,27,28,29,30,0,1,2,3,4,5,6,7,8,9,10,11,12,13,14,15,16]
,[46,47,48,49,50,51,52,53,54,55,56,57,58,59,60,61,31,32,33,34,35,36,37,38,39,40,41,42,43,44,45,16,17,18,19,20,21,22,23,24,25,26,27,28,29,30,0,1,2,3,4,5,6,7,8,9,10,11,12,13,14,15]
,[47,48,49,50,51,52,53,54,55,56,57,58,59,60,61,31,32,33,34,35,36,37,38,39,40,41,42,43,44,45,46,15,16,17,18,19,20,21,22,23,24,25,26,27,28,29,30,0,1,2,3,4,5,6,7,8,9,10,11,12,13,14]
,[48,49,50,51,52,53,54,55,56,57,58,59,60,61,31,32,33,34,35,36,37,38,39,40,41,42,43,44,45,46,47,14,15,16,17,18,19,20,21,22,23,24,25,26,27,28,29,30,0,1,2,3,4,5,6,7,8,9,10,11,12,13]
,[49,50,51,52,53,54,55,56,57,58,59,60,61,31,32,33,34,35,36,37,38,39,40,41,42,43,44,45,46,47,48,13,14,15,16,17,18,19,20,21,22,23,24,25,26,27,28,29,30,0,1,2,3,4,5,6,7,8,9,10,11,12]
,[50,51,52,53,54,55,56,57,58,59,60,61,31,32,33,34,35,36,37,38,39,40,41,42,43,44,45,46,47,48,49,12,13,14,15,16,17,18,19,20,21,22,23,24,25,26,27,28,29,30,0,1,2,3,4,5,6,7,8,9,10,11]
,[51,52,53,54,55,56,57,58,59,60,61,31,32,33,34,35,36,37,38,39,40,41,42,43,44,45,46,47,48,49,50,11,12,13,14,15,16,17,18,19,20,21,22,23,24,25,26,27,28,29,30,0,1,2,3,4,5,6,7,8,9,10]
,[52,53,54,55,56,57,58,59,60,61,31,32,33,34,35,36,37,38,39,40,41,42,43,44,45,46,47,48,49,50,51,10,11,12,13,14,15,16,17,18,19,20,21,22,23,24,25,26,27,28,29,30,0,1,2,3,4,5,6,7,8,9]
,[53,54,55,56,57,58,59,60,61,31,32,33,34,35,36,37,38,39,40,41,42,43,44,45,46,47,48,49,50,51,52,9,10,11,12,13,14,15,16,17,18,19,20,21,22,23,24,25,26,27,28,29,30,0,1,2,3,4,5,6,7,8]
,[54,55,56,57,58,59,60,61,31,32,33,34,35,36,37,38,39,40,41,42,43,44,45,46,47,48,49,50,51,52,53,8,9,10,11,12,13,14,15,16,17,18,19,20,21,22,23,24,25,26,27,28,29,30,0,1,2,3,4,5,6,7]
,[55,56,57,58,59,60,61,31,32,33,34,35,36,37,38,39,40,41,42,43,44,45,46,47,48,49,50,51,52,53,54,7,8,9,10,11,12,13,14,15,16,17,18,19,20,21,22,23,24,25,26,27,28,29,30,0,1,2,3,4,5,6]
,[56,57,58,59,60,61,31,32,33,34,35,36,37,38,39,40,41,42,43,44,45,46,47,48,49,50,51,52,53,54,55,6,7,8,9,10,11,12,13,14,15,16,17,18,19,20,21,22,23,24,25,26,27,28,29,30,0,1,2,3,4,5]
,[57,58,59,60,61,31,32,33,34,35,36,37,38,39,40,41,42,43,44,45,46,47,48,49,50,51,52,53,54,55,56,5,6,7,8,9,10,11,12,13,14,15,16,17,18,19,20,21,22,23,24,25,26,27,28,29,30,0,1,2,3,4]
,[58,59,60,61,31,32,33,34,35,36,37,38,39,40,41,42,43,44,45,46,47,48,49,50,51,52,53,54,55,56,57,4,5,6,7,8,9,10,11,12,13,14,15,16,17,18,19,20,21,22,23,24,25,26,27,28,29,30,0,1,2,3]
,[59,60,61,31,32,33,34,35,36,37,38,39,40,41,42,43,44,45,46,47,48,49,50,51,52,53,54,55,56,57,58,3,4,5,6,7,8,9,10,11,12,13,14,15,16,17,18,19,20,21,22,23,24,25,26,27,28,29,30,0,1,2]
,[60,61,31,32,33,34,35,36,37,38,39,40,41,42,43,44,45,46,47,48,49,50,51,52,53,54,55,56,57,58,59,2,3,4,5,6,7,8,9,10,11,12,13,14,15,16,17,18,19,20,21,22,23,24,25,26,27,28,29,30,0,1]
,[61,31,32,33,34,35,36,37,38,39,40,41,42,43,44,45,46,47,48,49,50,51,52,53,54,55,56,57,58,59,60,1,2,3,4,5,6,7,8,9,10,11,12,13,14,15,16,17,18,19,20,21,22,23,24,25,26,27,28,29,30,0]
]
,33:
[[1,0,7,4,3,6,5,2,25,10,9,16,13,12,15,14,11,18,17,24,21,20,23,22,19,8,27,26,61,30,29,32,31,34,33,40,37,36,39,38,35,58,43,42,49,46,45,48,47,44,51,50,57,54,53,56,55,52,41,60,59,28,63,62,65,64]
,[2,4,0,8,1,7,15,5,3,11,13,9,29,10,16,6,14,19,21,17,25,18,24,32,22,20,28,30,26,12,27,64,23,35,37,33,41,34,40,48,38,36,44,46,42,62,43,49,39,47,52,54,50,58,51,57,65,55,53,61,63,59,45,60,31,56]
,[3,2,1,0,13,8,7,6,5,12,11,10,9,4,31,16,15,20,19,18,17,30,25,24,23,22,29,28,27,26,21,14,65,36,35,34,33,46,41,40,39,38,45,44,43,42,37,64,49,48,53,52,51,50,63,58,57,56,55,62,61,60,59,54,47,32]
,[4,6,3,2,0,14,1,8,7,13,15,12,11,9,5,10,49,21,23,20,19,17,31,18,25,24,30,32,29,28,26,22,27,37,39,36,35,33,47,34,41,40,46,48,45,44,42,38,43,16,54,56,53,52,50,64,51,58,57,63,65,62,61,59,55,60]
,[5,3,4,1,2,0,8,16,6,14,12,13,10,11,9,32,7,22,20,21,18,19,17,25,57,23,31,29,30,27,28,26,15,38,36,37,34,35,33,41,49,39,47,45,46,43,44,42,65,40,55,53,54,51,52,50,58,24,56,64,62,63,60,61,59,48]
,[6,7,8,12,5,4,0,1,2,15,16,28,3,14,13,9,10,23,24,25,29,22,21,17,18,19,32,60,11,20,31,30,26,39,40,41,45,38,37,33,34,35,48,49,61,36,47,46,42,43,56,57,58,62,55,54,50,51,52,65,27,44,53,64,63,59]
,[7,8,11,5,6,3,4,0,1,16,27,2,14,15,12,13,9,24,25,28,22,23,20,21,17,18,59,10,19,31,32,29,30,40,41,44,38,39,36,37,33,34,49,60,35,47,48,45,46,42,57,58,61,55,56,53,54,50,51,26,43,52,64,65,62,63]
,[8,10,5,6,7,2,3,4,0,26,1,14,15,16,11,12,13,25,27,22,23,24,19,20,21,17,9,18,31,32,63,28,29,41,43,38,39,40,35,36,37,33,59,34,47,48,49,44,45,46,58,60,55,56,57,52,53,54,50,42,51,64,65,30,61,62]
,[9,5,6,7,8,1,2,3,4,0,14,15,16,30,10,11,12,26,22,23,24,25,18,19,20,21,17,31,32,62,13,27,28,42,38,39,40,41,34,35,36,37,33,47,48,49,63,43,44,45,59,55,56,57,58,51,52,53,54,50,64,65,29,46,60,61]
,[10,11,12,13,14,15,16,24,9,8,0,1,2,3,4,5,6,27,28,29,30,31,32,56,7,26,25,17,18,19,20,21,22,43,44,45,46,47,48,49,57,42,41,33,34,35,36,37,38,39,60,61,62,63,64,65,23,40,59,58,50,51,52,53,54,55]
,[11,12,13,14,15,16,23,9,10,7,8,0,1,2,3,4,5,28,29,30,31,32,55,6,26,27,24,25,17,18,19,20,21,44,45,46,47,48,49,56,42,43,40,41,33,34,35,36,37,38,61,62,63,64,65,22,39,59,60,57,58,50,51,52,53,54]
,[12,13,14,15,16,22,9,10,11,6,7,8,0,1,2,3,4,29,30,31,32,54,5,26,27,28,23,24,25,17,18,19,20,45,46,47,48,49,55,42,43,44,39,40,41,33,34,35,36,37,62,63,64,65,21,38,59,60,61,56,57,58,50,51,52,53]
,[13,14,15,16,21,9,10,11,12,5,6,7,8,0,1,2,3,30,31,32,53,4,26,27,28,29,22,23,24,25,17,18,19,46,47,48,49,54,42,43,44,45,38,39,40,41,33,34,35,36,63,64,65,20,37,59,60,61,62,55,56,57,58,50,51,52]
,[14,15,16,20,9,10,11,12,13,4,5,6,7,8,0,1,2,31,32,52,3,26,27,28,29,30,21,22,23,24,25,17,18,47,48,49,53,42,43,44,45,46,37,38,39,40,41,33,34,35,64,65,19,36,59,60,61,62,63,54,55,56,57,58,50,51]
,[15,16,19,9,10,11,12,13,14,3,4,5,6,7,8,0,1,32,51,2,26,27,28,29,30,31,20,21,22,23,24,25,17,48,49,52,42,43,44,45,46,47,36,37,38,39,40,41,33,34,65,18,35,59,60,61,62,63,64,53,54,55,56,57,58,50]
,[16,18,9,10,11,12,13,14,15,2,3,4,5,6,7,8,0,50,1,26,27,28,29,30,31,32,19,20,21,22,23,24,25,49,51,42,43,44,45,46,47,48,35,36,37,38,39,40,41,33,17,34,59,60,61,62,63,64,65,52,53,54,55,56,57,58]
,[17,9,10,11,12,13,14,15,16,1,2,3,4,5,6,7,8,0,26,27,28,29,30,31,32,58,18,19,20,21,22,23,24,50,42,43,44,45,46,47,48,49,34,35,36,37,38,39,40,41,33,59,60,61,62,63,64,65,25,51,52,53,54,55,56,57]
,[18,19,20,21,22,23,24,25,26,27,28,29,30,31,32,48,17,16,0,1,2,3,4,5,6,7,8,9,10,11,12,13,14,51,52,53,54,55,56,57,58,59,60,61,62,63,64,65,15,50,49,33,34,35,36,37,38,39,40,41,42,43,44,45,46,47]
,[19,20,21,22,23,24,25,26,27,28,29,30,31,32,47,17,18,15,16,0,1,2,3,4,5,6,7,8,9,10,11,12,13,52,53,54,55,56,57,58,59,60,61,62,63,64,65,14,50,51,48,49,33,34,35,36,37,38,39,40,41,42,43,44,45,46]
,[20,21,22,23,24,25,26,27,28,29,30,31,32,46,17,18,19,14,15,16,0,1,2,3,4,5,6,7,8,9,10,11,12,53,54,55,56,57,58,59,60,61,62,63,64,65,13,50,51,52,47,48,49,33,34,35,36,37,38,39,40,41,42,43,44,45]
,[21,22,23,24,25,26,27,28,29,30,31,32,45,17,18,19,20,13,14,15,16,0,1,2,3,4,5,6,7,8,9,10,11,54,55,56,57,58,59,60,61,62,63,64,65,12,50,51,52,53,46,47,48,49,33,34,35,36,37,38,39,40,41,42,43,44]
,[22,23,24,25,26,27,28,29,30,31,32,44,17,18,19,20,21,12,13,14,15,16,0,1,2,3,4,5,6,7,8,9,10,55,56,57,58,59,60,61,62,63,64,65,11,50,51,52,53,54,45,46,47,48,49,33,34,35,36,37,38,39,40,41,42,43]
,[23,24,25,26,27,28,29,30,31,32,43,17,18,19,20,21,22,11,12,13,14,15,16,0,1,2,3,4,5,6,7,8,9,56,57,58,59,60,61,62,63,64,65,10,50,51,52,53,54,55,44,45,46,47,48,49,33,34,35,36,37,38,39,40,41,42]
,[24,25,26,27,28,29,30,31,32,42,17,18,19,20,21,22,23,10,11,12,13,14,15,16,0,1,2,3,4,5,6,7,8,57,58,59,60,61,62,63,64,65,9,50,51,52,53,54,55,56,43,44,45,46,47,48,49,33,34,35,36,37,38,39,40,41]
,[25,26,27,28,29,30,31,32,41,17,18,19,20,21,22,23,24,9,10,11,12,13,14,15,16,0,1,2,3,4,5,6,7,58,59,60,61,62,63,64,65,8,50,51,52,53,54,55,56,57,42,43,44,45,46,47,48,49,33,34,35,36,37,38,39,40]
,[26,27,28,29,30,31,32,40,17,18,19,20,21,22,23,24,25,8,9,10,11,12,13,14,15,16,0,1,2,3,4,5,6,59,60,61,62,63,64,65,7,50,51,52,53,54,55,56,57,58,41,42,43,44,45,46,47,48,49,33,34,35,36,37,38,39]
,[27,28,29,30,31,32,39,17,18,19,20,21,22,23,24,25,26,7,8,9,10,11,12,13,14,15,16,0,1,2,3,4,5,60,61,62,63,64,65,6,50,51,52,53,54,55,56,57,58,59,40,41,42,43,44,45,46,47,48,49,33,34,35,36,37,38]
,[28,29,30,31,32,38,17,18,19,20,21,22,23,24,25,26,27,6,7,8,9,10,11,12,13,14,15,16,0,1,2,3,4,61,62,63,64,65,5,50,51,52,53,54,55,56,57,58,59,60,39,40,41,42,43,44,45,46,47,48,49,33,34,35,36,37]
,[29,30,31,32,37,17,18,19,20,21,22,23,24,25,26,27,28,5,6,7,8,9,10,11,12,13,14,15,16,0,1,2,3,62,63,64,65,4,50,51,52,53,54,55,56,57,58,59,60,61,38,39,40,41,42,43,44,45,46,47,48,49,33,34,35,36]
,[30,31,32,36,17,18,19,20,21,22,23,24,25,26,27,28,29,4,5,6,7,8,9,10,11,12,13,14,15,16,0,1,2,63,64,65,3,50,51,52,53,54,55,56,57,58,59,60,61,62,37,38,39,40,41,42,43,44,45,46,47,48,49,33,34,35]
,[31,32,35,17,18,19,20,21,22,23,24,25,26,27,28,29,30,3,4,5,6,7,8,9,10,11,12,13,14,15,16,0,1,64,65,2,50,51,52,53,54,55,56,57,58,59,60,61,62,63,36,37,38,39,40,41,42,43,44,45,46,47,48,49,33,34]
,[32,34,17,18,19,20,21,22,23,24,25,26,27,28,29,30,31,2,3,4,5,6,7,8,9,10,11,12,13,14,15,16,0,65,1,50,51,52,53,54,55,56,57,58,59,60,61,62,63,64,35,36,37,38,39,40,41,42,43,44,45,46,47,48,49,33]
,[33,17,18,19,20,21,22,23,24,25,26,27,28,29,30,31,32,1,2,3,4,5,6,7,8,9,10,11,12,13,14,15,16,0,50,51,52,53,54,55,56,57,58,59,60,61,62,63,64,65,34,35,36,37,38,39,40,41,42,43,44,45,46,47,48,49]
,[34,35,36,37,38,39,40,41,42,43,44,45,46,47,48,49,50,51,52,53,54,55,56,57,58,59,60,61,62,63,64,65,33,32,0,1,2,3,4,5,6,7,8,9,10,11,12,13,14,15,16,17,18,19,20,21,22,23,24,25,26,27,28,29,30,31]
,[35,36,37,38,39,40,41,42,43,44,45,46,47,48,49,50,51,52,53,54,55,56,57,58,59,60,61,62,63,64,65,33,34,31,32,0,1,2,3,4,5,6,7,8,9,10,11,12,13,14,15,16,17,18,19,20,21,22,23,24,25,26,27,28,29,30]
,[36,37,38,39,40,41,42,43,44,45,46,47,48,49,50,51,52,53,54,55,56,57,58,59,60,61,62,63,64,65,33,34,35,30,31,32,0,1,2,3,4,5,6,7,8,9,10,11,12,13,14,15,16,17,18,19,20,21,22,23,24,25,26,27,28,29]
,[37,38,39,40,41,42,43,44,45,46,47,48,49,50,51,52,53,54,55,56,57,58,59,60,61,62,63,64,65,33,34,35,36,29,30,31,32,0,1,2,3,4,5,6,7,8,9,10,11,12,13,14,15,16,17,18,19,20,21,22,23,24,25,26,27,28]
,[38,39,40,41,42,43,44,45,46,47,48,49,50,51,52,53,54,55,56,57,58,59,60,61,62,63,64,65,33,34,35,36,37,28,29,30,31,32,0,1,2,3,4,5,6,7,8,9,10,11,12,13,14,15,16,17,18,19,20,21,22,23,24,25,26,27]
,[39,40,41,42,43,44,45,46,47,48,49,50,51,52,53,54,55,56,57,58,59,60,61,62,63,64,65,33,34,35,36,37,38,27,28,29,30,31,32,0,1,2,3,4,5,6,7,8,9,10,11,12,13,14,15,16,17,18,19,20,21,22,23,24,25,26]
,[40,41,42,43,44,45,46,47,48,49,50,51,52,53,54,55,56,57,58,59,60,61,62,63,64,65,33,34,35,36,37,38,39,26,27,28,29,30,31,32,0,1,2,3,4,5,6,7,8,9,10,11,12,13,14,15,16,17,18,19,20,21,22,23,24,25]
,[41,42,43,44,45,46,47,48,49,50,51,52,53,54,55,56,57,58,59,60,61,62,63,64,65,33,34,35,36,37,38,39,40,25,26,27,28,29,30,31,32,0,1,2,3,4,5,6,7,8,9,10,11,12,13,14,15,16,17,18,19,20,21,22,23,24]
,[42,43,44,45,46,47,48,49,50,51,52,53,54,55,56,57,58,59,60,61,62,63,64,65,33,34,35,36,37,38,39,40,41,24,25,26,27,28,29,30,31,32,0,1,2,3,4,5,6,7,8,9,10,11,12,13,14,15,16,17,18,19,20,21,22,23]
,[43,44,45,46,47,48,49,50,51,52,53,54,55,56,57,58,59,60,61,62,63,64,65,33,34,35,36,37,38,39,40,41,42,23,24,25,26,27,28,29,30,31,32,0,1,2,3,4,5,6,7,8,9,10,11,12,13,14,15,16,17,18,19,20,21,22]
,[44,45,46,47,48,49,50,51,52,53,54,55,56,57,58,59,60,61,62,63,64,65,33,34,35,36,37,38,39,40,41,42,43,22,23,24,25,26,27,28,29,30,31,32,0,1,2,3,4,5,6,7,8,9,10,11,12,13,14,15,16,17,18,19,20,21]
,[45,46,47,48,49,50,51,52,53,54,55,56,57,58,59,60,61,62,63,64,65,33,34,35,36,37,38,39,40,41,42,43,44,21,22,23,24,25,26,27,28,29,30,31,32,0,1,2,3,4,5,6,7,8,9,10,11,12,13,14,15,16,17,18,19,20]
,[46,47,48,49,50,51,52,53,54,55,56,57,58,59,60,61,62,63,64,65,33,34,35,36,37,38,39,40,41,42,43,44,45,20,21,22,23,24,25,26,27,28,29,30,31,32,0,1,2,3,4,5,6,7,8,9,10,11,12,13,14,15,16,17,18,19]
,[47,48,49,50,51,52,53,54,55,56,57,58,59,60,61,62,63,64,65,33,34,35,36,37,38,39,40,41,42,43,44,45,46,19,20,21,22,23,24,25,26,27,28,29,30,31,32,0,1,2,3,4,5,6,7,8,9,10,11,12,13,14,15,16,17,18]
,[48,49,50,51,52,53,54,55,56,57,58,59,60,61,62,63,64,65,33,34,35,36,37,38,39,40,41,42,43,44,45,46,47,18,19,20,21,22,23,24,25,26,27,28,29,30,31,32,0,1,2,3,4,5,6,7,8,9,10,11,12,13,14,15,16,17]
,[49,50,51,52,53,54,55,56,57,58,59,60,61,62,63,64,65,33,34,35,36,37,38,39,40,41,42,43,44,45,46,47,48,17,18,19,20,21,22,23,24,25,26,27,28,29,30,31,32,0,1,2,3,4,5,6,7,8,9,10,11,12,13,14,15,16]
,[50,51,52,53,54,55,56,57,58,59,60,61,62,63,64,65,33,34,35,36,37,38,39,40,41,42,43,44,45,46,47,48,49,16,17,18,19,20,21,22,23,24,25,26,27,28,29,30,31,32,0,1,2,3,4,5,6,7,8,9,10,11,12,13,14,15]
,[51,52,53,54,55,56,57,58,59,60,61,62,63,64,65,33,34,35,36,37,38,39,40,41,42,43,44,45,46,47,48,49,50,15,16,17,18,19,20,21,22,23,24,25,26,27,28,29,30,31,32,0,1,2,3,4,5,6,7,8,9,10,11,12,13,14]
,[52,53,54,55,56,57,58,59,60,61,62,63,64,65,33,34,35,36,37,38,39,40,41,42,43,44,45,46,47,48,49,50,51,14,15,16,17,18,19,20,21,22,23,24,25,26,27,28,29,30,31,32,0,1,2,3,4,5,6,7,8,9,10,11,12,13]
,[53,54,55,56,57,58,59,60,61,62,63,64,65,33,34,35,36,37,38,39,40,41,42,43,44,45,46,47,48,49,50,51,52,13,14,15,16,17,18,19,20,21,22,23,24,25,26,27,28,29,30,31,32,0,1,2,3,4,5,6,7,8,9,10,11,12]
,[54,55,56,57,58,59,60,61,62,63,64,65,33,34,35,36,37,38,39,40,41,42,43,44,45,46,47,48,49,50,51,52,53,12,13,14,15,16,17,18,19,20,21,22,23,24,25,26,27,28,29,30,31,32,0,1,2,3,4,5,6,7,8,9,10,11]
,[55,56,57,58,59,60,61,62,63,64,65,33,34,35,36,37,38,39,40,41,42,43,44,45,46,47,48,49,50,51,52,53,54,11,12,13,14,15,16,17,18,19,20,21,22,23,24,25,26,27,28,29,30,31,32,0,1,2,3,4,5,6,7,8,9,10]
,[56,57,58,59,60,61,62,63,64,65,33,34,35,36,37,38,39,40,41,42,43,44,45,46,47,48,49,50,51,52,53,54,55,10,11,12,13,14,15,16,17,18,19,20,21,22,23,24,25,26,27,28,29,30,31,32,0,1,2,3,4,5,6,7,8,9]
,[57,58,59,60,61,62,63,64,65,33,34,35,36,37,38,39,40,41,42,43,44,45,46,47,48,49,50,51,52,53,54,55,56,9,10,11,12,13,14,15,16,17,18,19,20,21,22,23,24,25,26,27,28,29,30,31,32,0,1,2,3,4,5,6,7,8]
,[58,59,60,61,62,63,64,65,33,34,35,36,37,38,39,40,41,42,43,44,45,46,47,48,49,50,51,52,53,54,55,56,57,8,9,10,11,12,13,14,15,16,17,18,19,20,21,22,23,24,25,26,27,28,29,30,31,32,0,1,2,3,4,5,6,7]
,[59,60,61,62,63,64,65,33,34,35,36,37,38,39,40,41,42,43,44,45,46,47,48,49,50,51,52,53,54,55,56,57,58,7,8,9,10,11,12,13,14,15,16,17,18,19,20,21,22,23,24,25,26,27,28,29,30,31,32,0,1,2,3,4,5,6]
,[60,61,62,63,64,65,33,34,35,36,37,38,39,40,41,42,43,44,45,46,47,48,49,50,51,52,53,54,55,56,57,58,59,6,7,8,9,10,11,12,13,14,15,16,17,18,19,20,21,22,23,24,25,26,27,28,29,30,31,32,0,1,2,3,4,5]
,[61,62,63,64,65,33,34,35,36,37,38,39,40,41,42,43,44,45,46,47,48,49,50,51,52,53,54,55,56,57,58,59,60,5,6,7,8,9,10,11,12,13,14,15,16,17,18,19,20,21,22,23,24,25,26,27,28,29,30,31,32,0,1,2,3,4]
,[62,63,64,65,33,34,35,36,37,38,39,40,41,42,43,44,45,46,47,48,49,50,51,52,53,54,55,56,57,58,59,60,61,4,5,6,7,8,9,10,11,12,13,14,15,16,17,18,19,20,21,22,23,24,25,26,27,28,29,30,31,32,0,1,2,3]
,[63,64,65,33,34,35,36,37,38,39,40,41,42,43,44,45,46,47,48,49,50,51,52,53,54,55,56,57,58,59,60,61,62,3,4,5,6,7,8,9,10,11,12,13,14,15,16,17,18,19,20,21,22,23,24,25,26,27,28,29,30,31,32,0,1,2]
,[64,65,33,34,35,36,37,38,39,40,41,42,43,44,45,46,47,48,49,50,51,52,53,54,55,56,57,58,59,60,61,62,63,2,3,4,5,6,7,8,9,10,11,12,13,14,15,16,17,18,19,20,21,22,23,24,25,26,27,28,29,30,31,32,0,1]
,[65,33,34,35,36,37,38,39,40,41,42,43,44,45,46,47,48,49,50,51,52,53,54,55,56,57,58,59,60,61,62,63,64,1,2,3,4,5,6,7,8,9,10,11,12,13,14,15,16,17,18,19,20,21,22,23,24,25,26,27,28,29,30,31,32,0]
]
,35:
[[1,0,7,4,3,6,5,2,17,10,9,16,13,12,15,14,11,8,19,18,25,22,21,24,23,20,61,28,27,34,31,30,33,32,29,36,35,42,39,38,41,40,37,52,45,44,51,48,47,50,49,46,43,54,53,60,57,56,59,58,55,26,63,62,69,66,65,68,67,64]
,[2,4,0,8,1,7,15,5,3,11,13,9,17,10,16,6,14,12,20,22,18,26,19,25,33,23,21,29,31,27,65,28,34,24,32,37,39,35,43,36,42,50,40,38,46,48,44,52,45,51,41,49,47,55,57,53,61,54,60,68,58,56,64,66,62,30,63,69,59,67]
,[3,2,1,0,13,8,7,6,5,12,11,10,9,4,17,16,15,14,21,20,19,18,31,26,25,24,23,30,29,28,27,22,67,34,33,38,37,36,35,48,43,42,41,40,47,46,45,44,39,52,51,50,49,56,55,54,53,66,61,60,59,58,65,64,63,62,57,32,69,68]
,[4,6,3,2,0,14,1,8,7,13,15,12,11,9,5,10,17,16,22,24,21,20,18,32,19,26,25,31,33,30,29,27,23,28,69,39,41,38,37,35,49,36,43,42,48,50,47,46,44,40,45,52,51,57,59,56,55,53,67,54,61,60,66,68,65,64,62,58,63,34]
,[5,3,4,1,2,0,8,16,6,14,12,13,10,11,9,17,7,15,23,21,22,19,20,18,26,34,24,32,30,31,28,29,27,68,25,40,38,39,36,37,35,43,51,41,49,47,48,45,46,44,52,42,50,58,56,57,54,55,53,61,69,59,67,65,66,63,64,62,33,60]
,[6,7,8,12,5,4,0,1,2,15,16,17,3,14,13,9,10,11,24,25,26,30,23,22,18,19,20,33,34,64,21,32,31,27,28,41,42,43,47,40,39,35,36,37,50,51,52,38,49,48,44,45,46,59,60,61,65,58,57,53,54,55,68,69,29,56,67,66,62,63]
,[7,8,11,5,6,3,4,0,1,16,17,2,14,15,12,13,9,10,25,26,29,23,24,21,22,18,19,34,63,20,32,33,30,31,27,42,43,46,40,41,38,39,35,36,51,52,37,49,50,47,48,44,45,60,61,64,58,59,56,57,53,54,69,28,55,67,68,65,66,62]
,[8,10,5,6,7,2,3,4,0,17,1,14,15,16,11,12,13,9,26,28,23,24,25,20,21,22,18,62,19,32,33,34,29,30,31,43,45,40,41,42,37,38,39,35,52,36,49,50,51,46,47,48,44,61,63,58,59,60,55,56,57,53,27,54,67,68,69,64,65,66]
,[9,5,6,7,8,1,2,3,4,0,14,15,16,17,10,11,12,13,27,23,24,25,26,19,20,21,22,18,32,33,34,66,28,29,30,44,40,41,42,43,36,37,38,39,35,49,50,51,52,45,46,47,48,62,58,59,60,61,54,55,56,57,53,67,68,69,31,63,64,65]
,[10,11,12,13,14,15,16,17,9,8,0,1,2,3,4,5,6,7,28,29,30,31,32,33,34,60,27,26,18,19,20,21,22,23,24,45,46,47,48,49,50,51,52,44,43,35,36,37,38,39,40,41,42,63,64,65,66,67,68,69,25,62,61,53,54,55,56,57,58,59]
,[11,12,13,14,15,16,17,9,10,7,8,0,1,2,3,4,5,6,29,30,31,32,33,34,59,27,28,25,26,18,19,20,21,22,23,46,47,48,49,50,51,52,44,45,42,43,35,36,37,38,39,40,41,64,65,66,67,68,69,24,62,63,60,61,53,54,55,56,57,58]
,[12,13,14,15,16,17,9,10,11,6,7,8,0,1,2,3,4,5,30,31,32,33,34,58,27,28,29,24,25,26,18,19,20,21,22,47,48,49,50,51,52,44,45,46,41,42,43,35,36,37,38,39,40,65,66,67,68,69,23,62,63,64,59,60,61,53,54,55,56,57]
,[13,14,15,16,17,9,10,11,12,5,6,7,8,0,1,2,3,4,31,32,33,34,57,27,28,29,30,23,24,25,26,18,19,20,21,48,49,50,51,52,44,45,46,47,40,41,42,43,35,36,37,38,39,66,67,68,69,22,62,63,64,65,58,59,60,61,53,54,55,56]
,[14,15,16,17,9,10,11,12,13,4,5,6,7,8,0,1,2,3,32,33,34,56,27,28,29,30,31,22,23,24,25,26,18,19,20,49,50,51,52,44,45,46,47,48,39,40,41,42,43,35,36,37,38,67,68,69,21,62,63,64,65,66,57,58,59,60,61,53,54,55]
,[15,16,17,9,10,11,12,13,14,3,4,5,6,7,8,0,1,2,33,34,55,27,28,29,30,31,32,21,22,23,24,25,26,18,19,50,51,52,44,45,46,47,48,49,38,39,40,41,42,43,35,36,37,68,69,20,62,63,64,65,66,67,56,57,58,59,60,61,53,54]
,[16,17,9,10,11,12,13,14,15,2,3,4,5,6,7,8,0,1,34,54,27,28,29,30,31,32,33,20,21,22,23,24,25,26,18,51,52,44,45,46,47,48,49,50,37,38,39,40,41,42,43,35,36,69,19,62,63,64,65,66,67,68,55,56,57,58,59,60,61,53]
,[17,9,10,11,12,13,14,15,16,1,2,3,4,5,6,7,8,0,53,27,28,29,30,31,32,33,34,19,20,21,22,23,24,25,26,52,44,45,46,47,48,49,50,51,36,37,38,39,40,41,42,43,35,18,62,63,64,65,66,67,68,69,54,55,56,57,58,59,60,61]
,[18,19,20,21,22,23,24,25,26,27,28,29,30,31,32,33,34,52,0,1,2,3,4,5,6,7,8,9,10,11,12,13,14,15,16,53,54,55,56,57,58,59,60,61,62,63,64,65,66,67,68,69,17,35,36,37,38,39,40,41,42,43,44,45,46,47,48,49,50,51]
,[19,20,21,22,23,24,25,26,27,28,29,30,31,32,33,34,51,18,17,0,1,2,3,4,5,6,7,8,9,10,11,12,13,14,15,54,55,56,57,58,59,60,61,62,63,64,65,66,67,68,69,16,53,52,35,36,37,38,39,40,41,42,43,44,45,46,47,48,49,50]
,[20,21,22,23,24,25,26,27,28,29,30,31,32,33,34,50,18,19,16,17,0,1,2,3,4,5,6,7,8,9,10,11,12,13,14,55,56,57,58,59,60,61,62,63,64,65,66,67,68,69,15,53,54,51,52,35,36,37,38,39,40,41,42,43,44,45,46,47,48,49]
,[21,22,23,24,25,26,27,28,29,30,31,32,33,34,49,18,19,20,15,16,17,0,1,2,3,4,5,6,7,8,9,10,11,12,13,56,57,58,59,60,61,62,63,64,65,66,67,68,69,14,53,54,55,50,51,52,35,36,37,38,39,40,41,42,43,44,45,46,47,48]
,[22,23,24,25,26,27,28,29,30,31,32,33,34,48,18,19,20,21,14,15,16,17,0,1,2,3,4,5,6,7,8,9,10,11,12,57,58,59,60,61,62,63,64,65,66,67,68,69,13,53,54,55,56,49,50,51,52,35,36,37,38,39,40,41,42,43,44,45,46,47]
,[23,24,25,26,27,28,29,30,31,32,33,34,47,18,19,20,21,22,13,14,15,16,17,0,1,2,3,4,5,6,7,8,9,10,11,58,59,60,61,62,63,64,65,66,67,68,69,12,53,54,55,56,57,48,49,50,51,52,35,36,37,38,39,40,41,42,43,44,45,46]
,[24,25,26,27,28,29,30,31,32,33,34,46,18,19,20,21,22,23,12,13,14,15,16,17,0,1,2,3,4,5,6,7,8,9,10,59,60,61,62,63,64,65,66,67,68,69,11,53,54,55,56,57,58,47,48,49,50,51,52,35,36,37,38,39,40,41,42,43,44,45]
,[25,26,27,28,29,30,31,32,33,34,45,18,19,20,21,22,23,24,11,12,13,14,15,16,17,0,1,2,3,4,5,6,7,8,9,60,61,62,63,64,65,66,67,68,69,10,53,54,55,56,57,58,59,46,47,48,49,50,51,52,35,36,37,38,39,40,41,42,43,44]
,[26,27,28,29,30,31,32,33,34,44,18,19,20,21,22,23,24,25,10,11,12,13,14,15,16,17,0,1,2,3,4,5,6,7,8,61,62,63,64,65,66,67,68,69,9,53,54,55,56,57,58,59,60,45,46,47,48,49,50,51,52,35,36,37,38,39,40,41,42,43]
,[27,28,29,30,31,32,33,34,43,18,19,20,21,22,23,24,25,26,9,10,11,12,13,14,15,16,17,0,1,2,3,4,5,6,7,62,63,64,65,66,67,68,69,8,53,54,55,56,57,58,59,60,61,44,45,46,47,48,49,50,51,52,35,36,37,38,39,40,41,42]
,[28,29,30,31,32,33,34,42,18,19,20,21,22,23,24,25,26,27,8,9,10,11,12,13,14,15,16,17,0,1,2,3,4,5,6,63,64,65,66,67,68,69,7,53,54,55,56,57,58,59,60,61,62,43,44,45,46,47,48,49,50,51,52,35,36,37,38,39,40,41]
,[29,30,31,32,33,34,41,18,19,20,21,22,23,24,25,26,27,28,7,8,9,10,11,12,13,14,15,16,17,0,1,2,3,4,5,64,65,66,67,68,69,6,53,54,55,56,57,58,59,60,61,62,63,42,43,44,45,46,47,48,49,50,51,52,35,36,37,38,39,40]
,[30,31,32,33,34,40,18,19,20,21,22,23,24,25,26,27,28,29,6,7,8,9,10,11,12,13,14,15,16,17,0,1,2,3,4,65,66,67,68,69,5,53,54,55,56,57,58,59,60,61,62,63,64,41,42,43,44,45,46,47,48,49,50,51,52,35,36,37,38,39]
,[31,32,33,34,39,18,19,20,21,22,23,24,25,26,27,28,29,30,5,6,7,8,9,10,11,12,13,14,15,16,17,0,1,2,3,66,67,68,69,4,53,54,55,56,57,58,59,60,61,62,63,64,65,40,41,42,43,44,45,46,47,48,49,50,51,52,35,36,37,38]
,[32,33,34,38,18,19,20,21,22,23,24,25,26,27,28,29,30,31,4,5,6,7,8,9,10,11,12,13,14,15,16,17,0,1,2,67,68,69,3,53,54,55,56,57,58,59,60,61,62,63,64,65,66,39,40,41,42,43,44,45,46,47,48,49,50,51,52,35,36,37]
,[33,34,37,18,19,20,21,22,23,24,25,26,27,28,29,30,31,32,3,4,5,6,7,8,9,10,11,12,13,14,15,16,17,0,1,68,69,2,53,54,55,56,57,58,59,60,61,62,63,64,65,66,67,38,39,40,41,42,43,44,45,46,47,48,49,50,51,52,35,36]
,[34,36,18,19,20,21,22,23,24,25,26,27,28,29,30,31,32,33,2,3,4,5,6,7,8,9,10,11,12,13,14,15,16,17,0,69,1,53,54,55,56,57,58,59,60,61,62,63,64,65,66,67,68,37,38,39,40,41,42,43,44,45,46,47,48,49,50,51,52,35]
,[35,18,19,20,21,22,23,24,25,26,27,28,29,30,31,32,33,34,1,2,3,4,5,6,7,8,9,10,11,12,13,14,15,16,17,0,53,54,55,56,57,58,59,60,61,62,63,64,65,66,67,68,69,36,37,38,39,40,41,42,43,44,45,46,47,48,49,50,51,52]
,[36,37,38,39,40,41,42,43,44,45,46,47,48,49,50,51,52,53,54,55,56,57,58,59,60,61,62,63,64,65,66,67,68,69,35,34,0,1,2,3,4,5,6,7,8,9,10,11,12,13,14,15,16,17,18,19,20,21,22,23,24,25,26,27,28,29,30,31,32,33]
,[37,38,39,40,41,42,43,44,45,46,47,48,49,50,51,52,53,54,55,56,57,58,59,60,61,62,63,64,65,66,67,68,69,35,36,33,34,0,1,2,3,4,5,6,7,8,9,10,11,12,13,14,15,16,17,18,19,20,21,22,23,24,25,26,27,28,29,30,31,32]
,[38,39,40,41,42,43,44,45,46,47,48,49,50,51,52,53,54,55,56,57,58,59,60,61,62,63,64,65,66,67,68,69,35,36,37,32,33,34,0,1,2,3,4,5,6,7,8,9,10,11,12,13,14,15,16,17,18,19,20,21,22,23,24,25,26,27,28,29,30,31]
,[39,40,41,42,43,44,45,46,47,48,49,50,51,52,53,54,55,56,57,58,59,60,61,62,63,64,65,66,67,68,69,35,36,37,38,31,32,33,34,0,1,2,3,4,5,6,7,8,9,10,11,12,13,14,15,16,17,18,19,20,21,22,23,24,25,26,27,28,29,30]
,[40,41,42,43,44,45,46,47,48,49,50,51,52,53,54,55,56,57,58,59,60,61,62,63,64,65,66,67,68,69,35,36,37,38,39,30,31,32,33,34,0,1,2,3,4,5,6,7,8,9,10,11,12,13,14,15,16,17,18,19,20,21,22,23,24,25,26,27,28,29]
,[41,42,43,44,45,46,47,48,49,50,51,52,53,54,55,56,57,58,59,60,61,62,63,64,65,66,67,68,69,35,36,37,38,39,40,29,30,31,32,33,34,0,1,2,3,4,5,6,7,8,9,10,11,12,13,14,15,16,17,18,19,20,21,22,23,24,25,26,27,28]
,[42,43,44,45,46,47,48,49,50,51,52,53,54,55,56,57,58,59,60,61,62,63,64,65,66,67,68,69,35,36,37,38,39,40,41,28,29,30,31,32,33,34,0,1,2,3,4,5,6,7,8,9,10,11,12,13,14,15,16,17,18,19,20,21,22,23,24,25,26,27]
,[43,44,45,46,47,48,49,50,51,52,53,54,55,56,57,58,59,60,61,62,63,64,65,66,67,68,69,35,36,37,38,39,40,41,42,27,28,29,30,31,32,33,34,0,1,2,3,4,5,6,7,8,9,10,11,12,13,14,15,16,17,18,19,20,21,22,23,24,25,26]
,[44,45,46,47,48,49,50,51,52,53,54,55,56,57,58,59,60,61,62,63,64,65,66,67,68,69,35,36,37,38,39,40,41,42,43,26,27,28,29,30,31,32,33,34,0,1,2,3,4,5,6,7,8,9,10,11,12,13,14,15,16,17,18,19,20,21,22,23,24,25]
,[45,46,47,48,49,50,51,52,53,54,55,56,57,58,59,60,61,62,63,64,65,66,67,68,69,35,36,37,38,39,40,41,42,43,44,25,26,27,28,29,30,31,32,33,34,0,1,2,3,4,5,6,7,8,9,10,11,12,13,14,15,16,17,18,19,20,21,22,23,24]
,[46,47,48,49,50,51,52,53,54,55,56,57,58,59,60,61,62,63,64,65,66,67,68,69,35,36,37,38,39,40,41,42,43,44,45,24,25,26,27,28,29,30,31,32,33,34,0,1,2,3,4,5,6,7,8,9,10,11,12,13,14,15,16,17,18,19,20,21,22,23]
,[47,48,49,50,51,52,53,54,55,56,57,58,59,60,61,62,63,64,65,66,67,68,69,35,36,37,38,39,40,41,42,43,44,45,46,23,24,25,26,27,28,29,30,31,32,33,34,0,1,2,3,4,5,6,7,8,9,10,11,12,13,14,15,16,17,18,19,20,21,22]
,[48,49,50,51,52,53,54,55,56,57,58,59,60,61,62,63,64,65,66,67,68,69,35,36,37,38,39,40,41,42,43,44,45,46,47,22,23,24,25,26,27,28,29,30,31,32,33,34,0,1,2,3,4,5,6,7,8,9,10,11,12,13,14,15,16,17,18,19,20,21]
,[49,50,51,52,53,54,55,56,57,58,59,60,61,62,63,64,65,66,67,68,69,35,36,37,38,39,40,41,42,43,44,45,46,47,48,21,22,23,24,25,26,27,28,29,30,31,32,33,34,0,1,2,3,4,5,6,7,8,9,10,11,12,13,14,15,16,17,18,19,20]
,[50,51,52,53,54,55,56,57,58,59,60,61,62,63,64,65,66,67,68,69,35,36,37,38,39,40,41,42,43,44,45,46,47,48,49,20,21,22,23,24,25,26,27,28,29,30,31,32,33,34,0,1,2,3,4,5,6,7,8,9,10,11,12,13,14,15,16,17,18,19]
,[51,52,53,54,55,56,57,58,59,60,61,62,63,64,65,66,67,68,69,35,36,37,38,39,40,41,42,43,44,45,46,47,48,49,50,19,20,21,22,23,24,25,26,27,28,29,30,31,32,33,34,0,1,2,3,4,5,6,7,8,9,10,11,12,13,14,15,16,17,18]
,[52,53,54,55,56,57,58,59,60,61,62,63,64,65,66,67,68,69,35,36,37,38,39,40,41,42,43,44,45,46,47,48,49,50,51,18,19,20,21,22,23,24,25,26,27,28,29,30,31,32,33,34,0,1,2,3,4,5,6,7,8,9,10,11,12,13,14,15,16,17]
,[53,54,55,56,57,58,59,60,61,62,63,64,65,66,67,68,69,35,36,37,38,39,40,41,42,43,44,45,46,47,48,49,50,51,52,17,18,19,20,21,22,23,24,25,26,27,28,29,30,31,32,33,34,0,1,2,3,4,5,6,7,8,9,10,11,12,13,14,15,16]
,[54,55,56,57,58,59,60,61,62,63,64,65,66,67,68,69,35,36,37,38,39,40,41,42,43,44,45,46,47,48,49,50,51,52,53,16,17,18,19,20,21,22,23,24,25,26,27,28,29,30,31,32,33,34,0,1,2,3,4,5,6,7,8,9,10,11,12,13,14,15]
,[55,56,57,58,59,60,61,62,63,64,65,66,67,68,69,35,36,37,38,39,40,41,42,43,44,45,46,47,48,49,50,51,52,53,54,15,16,17,18,19,20,21,22,23,24,25,26,27,28,29,30,31,32,33,34,0,1,2,3,4,5,6,7,8,9,10,11,12,13,14]
,[56,57,58,59,60,61,62,63,64,65,66,67,68,69,35,36,37,38,39,40,41,42,43,44,45,46,47,48,49,50,51,52,53,54,55,14,15,16,17,18,19,20,21,22,23,24,25,26,27,28,29,30,31,32,33,34,0,1,2,3,4,5,6,7,8,9,10,11,12,13]
,[57,58,59,60,61,62,63,64,65,66,67,68,69,35,36,37,38,39,40,41,42,43,44,45,46,47,48,49,50,51,52,53,54,55,56,13,14,15,16,17,18,19,20,21,22,23,24,25,26,27,28,29,30,31,32,33,34,0,1,2,3,4,5,6,7,8,9,10,11,12]
,[58,59,60,61,62,63,64,65,66,67,68,69,35,36,37,38,39,40,41,42,43,44,45,46,47,48,49,50,51,52,53,54,55,56,57,12,13,14,15,16,17,18,19,20,21,22,23,24,25,26,27,28,29,30,31,32,33,34,0,1,2,3,4,5,6,7,8,9,10,11]
,[59,60,61,62,63,64,65,66,67,68,69,35,36,37,38,39,40,41,42,43,44,45,46,47,48,49,50,51,52,53,54,55,56,57,58,11,12,13,14,15,16,17,18,19,20,21,22,23,24,25,26,27,28,29,30,31,32,33,34,0,1,2,3,4,5,6,7,8,9,10]
,[60,61,62,63,64,65,66,67,68,69,35,36,37,38,39,40,41,42,43,44,45,46,47,48,49,50,51,52,53,54,55,56,57,58,59,10,11,12,13,14,15,16,17,18,19,20,21,22,23,24,25,26,27,28,29,30,31,32,33,34,0,1,2,3,4,5,6,7,8,9]
,[61,62,63,64,65,66,67,68,69,35,36,37,38,39,40,41,42,43,44,45,46,47,48,49,50,51,52,53,54,55,56,57,58,59,60,9,10,11,12,13,14,15,16,17,18,19,20,21,22,23,24,25,26,27,28,29,30,31,32,33,34,0,1,2,3,4,5,6,7,8]
,[62,63,64,65,66,67,68,69,35,36,37,38,39,40,41,42,43,44,45,46,47,48,49,50,51,52,53,54,55,56,57,58,59,60,61,8,9,10,11,12,13,14,15,16,17,18,19,20,21,22,23,24,25,26,27,28,29,30,31,32,33,34,0,1,2,3,4,5,6,7]
,[63,64,65,66,67,68,69,35,36,37,38,39,40,41,42,43,44,45,46,47,48,49,50,51,52,53,54,55,56,57,58,59,60,61,62,7,8,9,10,11,12,13,14,15,16,17,18,19,20,21,22,23,24,25,26,27,28,29,30,31,32,33,34,0,1,2,3,4,5,6]
,[64,65,66,67,68,69,35,36,37,38,39,40,41,42,43,44,45,46,47,48,49,50,51,52,53,54,55,56,57,58,59,60,61,62,63,6,7,8,9,10,11,12,13,14,15,16,17,18,19,20,21,22,23,24,25,26,27,28,29,30,31,32,33,34,0,1,2,3,4,5]
,[65,66,67,68,69,35,36,37,38,39,40,41,42,43,44,45,46,47,48,49,50,51,52,53,54,55,56,57,58,59,60,61,62,63,64,5,6,7,8,9,10,11,12,13,14,15,16,17,18,19,20,21,22,23,24,25,26,27,28,29,30,31,32,33,34,0,1,2,3,4]
,[66,67,68,69,35,36,37,38,39,40,41,42,43,44,45,46,47,48,49,50,51,52,53,54,55,56,57,58,59,60,61,62,63,64,65,4,5,6,7,8,9,10,11,12,13,14,15,16,17,18,19,20,21,22,23,24,25,26,27,28,29,30,31,32,33,34,0,1,2,3]
,[67,68,69,35,36,37,38,39,40,41,42,43,44,45,46,47,48,49,50,51,52,53,54,55,56,57,58,59,60,61,62,63,64,65,66,3,4,5,6,7,8,9,10,11,12,13,14,15,16,17,18,19,20,21,22,23,24,25,26,27,28,29,30,31,32,33,34,0,1,2]
,[68,69,35,36,37,38,39,40,41,42,43,44,45,46,47,48,49,50,51,52,53,54,55,56,57,58,59,60,61,62,63,64,65,66,67,2,3,4,5,6,7,8,9,10,11,12,13,14,15,16,17,18,19,20,21,22,23,24,25,26,27,28,29,30,31,32,33,34,0,1]
,[69,35,36,37,38,39,40,41,42,43,44,45,46,47,48,49,50,51,52,53,54,55,56,57,58,59,60,61,62,63,64,65,66,67,68,1,2,3,4,5,6,7,8,9,10,11,12,13,14,15,16,17,18,19,20,21,22,23,24,25,26,27,28,29,30,31,32,33,34,0]
]
