('script.搜索冫伪素数牜临近幂方._0worker_', (24, 2, 4, [2, 3, 5, 7]), {})
(24, 1, -4, (2, 3, 5, 7), [-1, -5, -7, -11], [5, 7, 13, 17])
(24, 2, -4, (2, 3, 5, 7), [-5, -7, -13, -19], [1, 11, 17, 23])
(24, 3, -4, (2, 3, 5, 7), [-17, -25, -35, -43], [5, 7, 17, 35])
(24, 4, -4, (2, 3, 5, 7), [-7, -23, -37, -65], [1, 5, 25, 43])
(24, 5, -4, (2, 3, 5, 7), [-17, -31, -41, -53], [13, 17, 53, 77])
(24, 6, -4, (2, 3, 5, 7), [-5, -17, -19, -37], [5, 7, 47, 65])
(24, 7, -4, (2, 3, 5, 7), [-11, -13, -77, -91], [47, 133, 139, 157])
(24, 8, -4, (2, 3, 5, 7), [-17, -19, -55, -239], [97, 101, 125, 163])
(24, 9, -4, (2, 3, 5, 7), [-11, -65, -103, -107], [13, 55, 59, 65])
(24, 10, -4, (2, 3, 5, 7), [-85, -145, -167, -173], [5, 11, 23, 61])
(24, 11, -4, (2, 3, 5, 7), [-17, -53, -83, -85], [17, 55, 83, 143])
(24, 12, -4, (2, 3, 5, 7), [-119, -143, -245, -259], [17, 23, 61, 127])
(24, 13, -4, (2, 3, 5, 7), [-5, -7, -25, -35], [5, 37, 103, 139])
(24, 14, -4, (2, 3, 5, 7), [-19, -109, -113, -157], [13, 97, 125, 157])
(24, 15, -4, (2, 3, 5, 7), [-101, -127, -137, -271], [13, 49, 149, 163])
(24, 16, -4, (2, 3, 5, 7), [-17, -125, -145, -173], [43, 53, 65, 97])
(24, 17, -4, (2, 3, 5, 7), [-83, -121, -151, -167], [85, 199, 209, 283])
(24, 18, -4, (2, 3, 5, 7), [-37, -55, -59, -67], [25, 35, 61, 95])
(24, 19, -4, (2, 3, 5, 7), [-11, -35, -77, -85], [77, 265, 499, 559])
(24, 20, -4, (2, 3, 5, 7), [-19, -115, -235, -325], [97, 191, 205, 235])
(24, 21, -4, (2, 3, 5, 7), [-131, -413, -443, -565], [25, 55, 73, 139])
(24, 22, -4, (2, 3, 5, 7), [-85, -115, -133, -265], [47, 83, 155, 247])
(24, 23, -4, (2, 3, 5, 7), [-65, -155, -203, -205], [83, 193, 307, 815])
(24, 24, -4, (2, 3, 5, 7), [-35, -145, -257, -263], [95, 131, 203, 235])
(24, 25, -4, (2, 3, 5, 7), [-53, -133, -215, -257], [19, 83, 97, 127])
(24, 26, -4, (2, 3, 5, 7), [-73, -259, -307, -353], [251, 337, 391, 421])
(24, 27, -4, (2, 3, 5, 7), [-131, -137, -203, -247], [17, 77, 163, 563])
(24, 28, -4, (2, 3, 5, 7), [-23, -79, -83, -85], [77, 245, 271, 281])
(24, 29, -4, (2, 3, 5, 7), [-71, -95, -653, -661], [7, 145, 167, 323])
(24, 30, -4, (2, 3, 5, 7), [-7, -149, -157, -193], [23, 35, 37, 143])
(24, 31, -4, (2, 3, 5, 7), [-121, -155, -271, -293], [23, 157, 257, 359])
(24, 32, -4, (2, 3, 5, 7), [-55, -67, -73, -635], [97, 347, 671, 725])
(24, 33, -4, (2, 3, 5, 7), [-71, -205, -317, -331], [175, 185, 209, 287])
(24, 34, -4, (2, 3, 5, 7), [-59, -167, -223, -229], [71, 323, 641, 685])
(24, 35, -4, (2, 3, 5, 7), [-41, -191, -265, -503], [19, 55, 143, 263])
(24, 36, -4, (2, 3, 5, 7), [-103, -175, -397, -643], [61, 65, 193, 511])
(24, 37, -4, (2, 3, 5, 7), [-55, -203, -263, -365], [17, 89, 289, 437])
(24, 38, -4, (2, 3, 5, 7), [-763, -769, -865, -869], [31, 43, 175, 235])
(24, 39, -4, (2, 3, 5, 7), [-25, -77, -257, -337], [53, 97, 223, 235])
(24, 40, -4, (2, 3, 5, 7), [-59, -209, -295, -365], [25, 83, 113, 271])
(24, 41, -4, (2, 3, 5, 7), [-53, -107, -283, -317], [73, 503, 659, 703])
(24, 42, -4, (2, 3, 5, 7), [-287, -469, -707, -749], [25, 143, 317, 383])
(24, 43, -4, (2, 3, 5, 7), [-125, -257, -545, -653], [7, 73, 169, 259])
(24, 44, -4, (2, 3, 5, 7), [-125, -595, -637, -697], [85, 253, 335, 337])
(24, 45, -4, (2, 3, 5, 7), [-257, -487, -763, -767], [217, 383, 773, 1273])
(24, 46, -4, (2, 3, 5, 7), [-83, -197, -629, -887], [11, 125, 385, 401])
(24, 47, -4, (2, 3, 5, 7), [-53, -127, -361, -455], [263, 467, 559, 593])
(24, 48, -4, (2, 3, 5, 7), [-167, -263, -373, -523], [17, 347, 653, 655])
(24, 49, -4, (2, 3, 5, 7), [-35, -251, -301, -455], [17, 47, 199, 437])
(24, 50, -4, (2, 3, 5, 7), [-7, -143, -437, -449], [55, 577, 601, 653])
(24, 51, -4, (2, 3, 5, 7), [-11, -215, -355, -775], [95, 467, 793, 1297])
(24, 52, -4, (2, 3, 5, 7), [-97, -349, -503, -817], [5, 427, 457, 587])
(24, 53, -4, (2, 3, 5, 7), [-17, -373, -463, -805], [283, 445, 523, 629])
(24, 54, -4, (2, 3, 5, 7), [-13, -889, -1069, -1187], [311, 361, 971, 1411])
(24, 55, -4, (2, 3, 5, 7), [-677, -887, -953, -1007], [409, 805, 985, 1463])
(24, 56, -4, (2, 3, 5, 7), [-43, -419, -805, -1067], [947, 967, 1193, 1247])
(24, 57, -4, (2, 3, 5, 7), [-23, -283, -1207, -1291], [67, 203, 335, 503])
(24, 58, -4, (2, 3, 5, 7), [-65, -253, -395, -499], [163, 181, 191, 277])
(24, 59, -4, (2, 3, 5, 7), [-811, -1253, -1331, -1511], [73, 95, 425, 697])
(24, 60, -4, (2, 3, 5, 7), [-247, -395, -427, -1259], [211, 283, 787, 1391])
(24, 61, -4, (2, 3, 5, 7), [-131, -847, -1447, -1777], [47, 439, 455, 595])
(24, 62, -4, (2, 3, 5, 7), [-239, -397, -665, -1043], [11, 287, 545, 575])
(24, 63, -4, (2, 3, 5, 7), [-127, -145, -373, -443], [415, 473, 875, 1069])
(24, 64, -4, (2, 3, 5, 7), [-23, -127, -457, -527], [53, 173, 445, 1411])
(24, 65, -4, (2, 3, 5, 7), [-287, -377, -455, -541], [7, 209, 433, 937])
(24, 66, -4, (2, 3, 5, 7), [-247, -517, -569, -587], [253, 397, 1411, 1621])
(24, 67, -4, (2, 3, 5, 7), [-307, -721, -725, -965], [29, 217, 253, 569])
(24, 68, -4, (2, 3, 5, 7), [-175, -287, -479, -775], [197, 253, 373, 491])
(24, 69, -4, (2, 3, 5, 7), [-161, -353, -383, -733], [59, 245, 263, 607])
(24, 70, -4, (2, 3, 5, 7), [-395, -713, -773, -779], [191, 265, 727, 1765])
(24, 71, -4, (2, 3, 5, 7), [-113, -223, -235, -1633], [253, 409, 517, 637])
(24, 72, -4, (2, 3, 5, 7), [-97, -749, -803, -1025], [245, 283, 365, 385])
(24, 73, -4, (2, 3, 5, 7), [-13, -155, -203, -793], [43, 547, 713, 775])
(24, 74, -4, (2, 3, 5, 7), [-439, -535, -1055, -1679], [343, 625, 955, 1373])
(24, 75, -4, (2, 3, 5, 7), [-91, -457, -481, -635], [349, 563, 733, 913])
(24, 76, -4, (2, 3, 5, 7), [-623, -743, -805, -1429], [245, 263, 545, 635])
(24, 77, -4, (2, 3, 5, 7), [-133, -505, -685, -727], [53, 515, 815, 1355])
(24, 78, -4, (2, 3, 5, 7), [-275, -395, -523, -745], [133, 457, 887, 1277])
(24, 79, -4, (2, 3, 5, 7), [-233, -485, -835, -1057], [359, 407, 719, 803])
(24, 80, -4, (2, 3, 5, 7), [-13, -547, -1117, -1147], [337, 595, 1025, 1123])
(24, 81, -4, (2, 3, 5, 7), [-527, -655, -745, -1187], [277, 377, 517, 595])
(24, 82, -4, (2, 3, 5, 7), [-203, -467, -659, -667], [683, 727, 1313, 1757])
(24, 83, -4, (2, 3, 5, 7), [-235, -347, -491, -625], [419, 433, 479, 623])
(24, 84, -4, (2, 3, 5, 7), [-325, -1547, -1969, -2005], [197, 253, 263, 373])
(24, 85, -4, (2, 3, 5, 7), [-133, -145, -413, -431], [29, 569, 695, 1037])
(24, 86, -4, (2, 3, 5, 7), [-13, -73, -439, -703], [301, 533, 1277, 1523])
(24, 87, -4, (2, 3, 5, 7), [-721, -1025, -1165, -1445], [329, 427, 1073, 1105])
(24, 88, -4, (2, 3, 5, 7), [-239, -337, -637, -859], [131, 677, 707, 761])
(24, 89, -4, (2, 3, 5, 7), [-35, -727, -791, -1123], [29, 157, 563, 923])
(24, 90, -4, (2, 3, 5, 7), [-227, -713, -833, -907], [163, 233, 425, 613])
(24, 91, -4, (2, 3, 5, 7), [-187, -511, -683, -833], [59, 157, 607, 737])
(24, 92, -4, (2, 3, 5, 7), [-97, -1337, -1457, -1487], [301, 575, 707, 883])
(24, 93, -4, (2, 3, 5, 7), [-5, -571, -611, -725], [373, 437, 1469, 1613])
(24, 94, -4, (2, 3, 5, 7), [-1009, -1339, -1357, -1387], [1321, 1357, 1943, 2275])
(24, 95, -4, (2, 3, 5, 7), [-83, -827, -977, -1411], [547, 929, 1429, 1433])
(24, 96, -4, (2, 3, 5, 7), [-17, -329, -607, -973], [47, 53, 323, 1423])
(24, 97, -4, (2, 3, 5, 7), [-223, -331, -431, -1117], [77, 859, 869, 1177])
(24, 98, -4, (2, 3, 5, 7), [-73, -77, -265, -305], [235, 515, 721, 743])
(24, 99, -4, (2, 3, 5, 7), [-11, -385, -491, -1741], [79, 83, 989, 1075])
(24, 100, -4, (2, 3, 5, 7), [-173, -223, -299, -785], [1045, 1217, 1261, 1343])
(24, 101, -4, (2, 3, 5, 7), [-1141, -1417, -1523, -1805], [55, 269, 337, 343])
(24, 102, -4, (2, 3, 5, 7), [-523, -769, -1099, -1747], [185, 721, 845, 1025])
(24, 103, -4, (2, 3, 5, 7), [-467, -727, -1001, -1241], [259, 665, 709, 1007])
(24, 104, -4, (2, 3, 5, 7), [-77, -239, -463, -563], [541, 581, 961, 1325])
(24, 105, -4, (2, 3, 5, 7), [-193, -365, -443, -1037], [583, 697, 805, 917])
(24, 106, -4, (2, 3, 5, 7), [-617, -1315, -1363, -1535], [503, 685, 863, 977])
(24, 107, -4, (2, 3, 5, 7), [-287, -613, -715, -763], [187, 329, 403, 437])
(24, 108, -4, (2, 3, 5, 7), [-637, -1057, -1085, -1253], [133, 301, 1261, 1387])
(24, 109, -4, (2, 3, 5, 7), [-527, -757, -1003, -1273], [787, 1007, 1387, 1423])
(24, 110, -4, (2, 3, 5, 7), [-509, -889, -907, -923], [235, 557, 1453, 1537])
(24, 111, -4, (2, 3, 5, 7), [-1583, -1907, -2447, -3323], [55, 215, 1003, 1325])
(24, 112, -4, (2, 3, 5, 7), [-127, -329, -377, -775], [1013, 1075, 1147, 1385])
(24, 113, -4, (2, 3, 5, 7), [-581, -1103, -1247, -1313], [13, 635, 1097, 1637])
(24, 114, -4, (2, 3, 5, 7), [-97, -299, -439, -937], [161, 337, 1477, 1633])
(24, 115, -4, (2, 3, 5, 7), [-313, -721, -877, -1535], [29, 239, 1385, 2555])
(24, 116, -4, (2, 3, 5, 7), [-179, -719, -797, -1069], [323, 601, 1001, 2221])
(24, 117, -4, (2, 3, 5, 7), [-43, -977, -1241, -1355], [13, 259, 335, 359])
(24, 118, -4, (2, 3, 5, 7), [-227, -295, -343, -1085], [313, 373, 443, 1583])
(24, 119, -4, (2, 3, 5, 7), [-197, -1297, -2087, -2425], [433, 1667, 1673, 1757])
(24, 120, -4, (2, 3, 5, 7), [-335, -593, -2875, -3929], [37, 833, 1267, 1465])
(24, 121, -4, (2, 3, 5, 7), [-235, -391, -1037, -1133], [79, 775, 2155, 2507])
(24, 122, -4, (2, 3, 5, 7), [-319, -887, -1543, -2129], [697, 731, 917, 1045])
(24, 123, -4, (2, 3, 5, 7), [-781, -793, -1061, -1681], [193, 269, 313, 319])
(24, 124, -4, (2, 3, 5, 7), [-547, -595, -1333, -1637], [373, 691, 767, 935])
(24, 125, -4, (2, 3, 5, 7), [-407, -445, -671, -1445], [2087, 2395, 2615, 3083])
(24, 126, -4, (2, 3, 5, 7), [-17, -19, -395, -1069], [61, 415, 577, 1765])
(24, 127, -4, (2, 3, 5, 7), [-83, -701, -851, -1021], [77, 155, 247, 1465])
(24, 128, -4, (2, 3, 5, 7), [-505, -733, -799, -1079], [553, 725, 1235, 1331])
(24, 129, -4, (2, 3, 5, 7), [-311, -373, -1045, -1445], [905, 1087, 1165, 1189])
(24, 130, -4, (2, 3, 5, 7), [-175, -247, -533, -605], [305, 431, 683, 707])
(24, 131, -4, (2, 3, 5, 7), [-455, -611, -793, -1247], [545, 1313, 1975, 2107])
(24, 132, -4, (2, 3, 5, 7), [-493, -809, -1117, -1735], [17, 65, 1307, 1337])
(24, 133, -4, (2, 3, 5, 7), [-53, -413, -1997, -2191], [337, 365, 395, 1099])
(24, 134, -4, (2, 3, 5, 7), [-899, -983, -2297, -2399], [913, 1771, 1831, 2027])
(24, 135, -4, (2, 3, 5, 7), [-283, -673, -1705, -3661], [913, 2099, 3667, 4373])
(24, 136, -4, (2, 3, 5, 7), [-905, -983, -1007, -1253], [1247, 1777, 1855, 2107])
(24, 137, -4, (2, 3, 5, 7), [-133, -521, -563, -1477], [973, 2147, 2587, 2663])
(24, 138, -4, (2, 3, 5, 7), [-1099, -2749, -3397, -3415], [7, 71, 953, 1937])
(24, 139, -4, (2, 3, 5, 7), [-403, -673, -1001, -1063], [415, 1273, 1627, 1879])
(24, 140, -4, (2, 3, 5, 7), [-157, -857, -1649, -1819], [41, 583, 1025, 1541])
(24, 141, -4, (2, 3, 5, 7), [-11, -215, -1775, -2245], [815, 877, 1105, 1445])
(24, 142, -4, (2, 3, 5, 7), [-853, -1009, -1163, -1279], [1645, 1843, 2045, 2231])
(24, 143, -4, (2, 3, 5, 7), [-2027, -2143, -2165, -3331], [893, 1439, 2939, 3455])
(24, 144, -4, (2, 3, 5, 7), [-383, -689, -725, -1573], [191, 427, 871, 1435])
(24, 145, -4, (2, 3, 5, 7), [-433, -785, -961, -1213], [385, 425, 737, 1015])
(24, 146, -4, (2, 3, 5, 7), [-445, -1217, -1303, -1685], [265, 487, 521, 653])
(24, 147, -4, (2, 3, 5, 7), [-515, -995, -1831, -2005], [665, 1589, 1733, 1777])
(24, 148, -4, (2, 3, 5, 7), [-505, -2009, -2417, -2833], [7, 331, 1327, 2261])
(24, 149, -4, (2, 3, 5, 7), [-671, -1193, -1325, -1387], [209, 437, 1153, 1513])
(24, 150, -4, (2, 3, 5, 7), [-149, -167, -229, -755], [385, 437, 493, 935])
(24, 151, -4, (2, 3, 5, 7), [-121, -527, -707, -751], [407, 1645, 1897, 2485])
(24, 152, -4, (2, 3, 5, 7), [-143, -595, -613, -913], [185, 347, 461, 841])
(24, 153, -4, (2, 3, 5, 7), [-131, -581, -1577, -2215], [55, 697, 703, 725])
(24, 154, -4, (2, 3, 5, 7), [-199, -287, -667, -899], [25, 41, 217, 343])
(24, 155, -4, (2, 3, 5, 7), [-13, -533, -653, -713], [209, 797, 2285, 2317])
(24, 156, -4, (2, 3, 5, 7), [-1147, -1733, -2603, -3247], [373, 1061, 1295, 2665])
(24, 157, -4, (2, 3, 5, 7), [-905, -1163, -1937, -2095], [469, 547, 2717, 3767])
(24, 158, -4, (2, 3, 5, 7), [-77, -1597, -1789, -2629], [557, 1277, 1861, 2237])
(24, 159, -4, (2, 3, 5, 7), [-221, -1613, -2093, -2707], [79, 1099, 1267, 2177])
(24, 160, -4, (2, 3, 5, 7), [-217, -905, -1345, -1595], [217, 631, 2525, 2671])
(24, 161, -4, (2, 3, 5, 7), [-455, -637, -905, -1327], [859, 2785, 3263, 3673])
(24, 162, -4, (2, 3, 5, 7), [-65, -409, -1447, -1567], [247, 1645, 1697, 2011])
(24, 163, -4, (2, 3, 5, 7), [-97, -497, -685, -985], [59, 1429, 1643, 1717])
(24, 164, -4, (2, 3, 5, 7), [-29, -77, -1145, -1817], [1105, 1765, 3161, 3517])
(24, 165, -4, (2, 3, 5, 7), [-187, -205, -1691, -1865], [263, 3155, 3397, 3595])
(24, 166, -4, (2, 3, 5, 7), [-443, -463, -499, -545], [565, 1595, 1687, 1975])
(24, 167, -4, (2, 3, 5, 7), [-101, -421, -521, -1103], [127, 1835, 1837, 2449])
(24, 168, -4, (2, 3, 5, 7), [-167, -247, -595, -1063], [841, 1081, 1415, 1453])
(24, 169, -4, (2, 3, 5, 7), [-293, -685, -1093, -1895], [803, 955, 1069, 1255])
(24, 170, -4, (2, 3, 5, 7), [-167, -295, -739, -1355], [1087, 1577, 1591, 1697])
(24, 171, -4, (2, 3, 5, 7), [-53, -353, -877, -1031], [583, 1297, 2057, 2135])
(24, 172, -4, (2, 3, 5, 7), [-337, -1457, -1993, -2773], [631, 841, 935, 2021])
(24, 173, -4, (2, 3, 5, 7), [-947, -1367, -1607, -2053], [257, 677, 2107, 3443])
(24, 174, -4, (2, 3, 5, 7), [-67, -83, -509, -1309], [305, 697, 1037, 1507])
(24, 175, -4, (2, 3, 5, 7), [-797, -2755, -2857, -2891], [899, 2315, 2653, 2813])
(24, 176, -4, (2, 3, 5, 7), [-637, -2173, -2437, -2819], [1535, 1807, 2113, 2365])
(24, 177, -4, (2, 3, 5, 7), [-443, -583, -1075, -1445], [607, 1067, 1567, 2233])
(24, 178, -4, (2, 3, 5, 7), [-173, -1415, -1589, -2245], [343, 1021, 1183, 1247])
(24, 179, -4, (2, 3, 5, 7), [-151, -1313, -1361, -2143], [119, 209, 559, 743])
(24, 180, -4, (2, 3, 5, 7), [-347, -707, -719, -787], [715, 845, 2857, 3217])
(24, 181, -4, (2, 3, 5, 7), [-305, -1765, -2291, -3655], [85, 355, 887, 1387])
(24, 182, -4, (2, 3, 5, 7), [-365, -673, -883, -935], [683, 1397, 1697, 1883])
(24, 183, -4, (2, 3, 5, 7), [-7, -113, -625, -793], [943, 1097, 1355, 1657])
(24, 184, -4, (2, 3, 5, 7), [-23, -505, -859, -1055], [1847, 2251, 3523, 3781])
(24, 185, -4, (2, 3, 5, 7), [-727, -763, -1631, -2345], [59, 337, 803, 3277])
(24, 186, -4, (2, 3, 5, 7), [-1045, -2207, -2273, -2413], [175, 785, 823, 931])
(24, 187, -4, (2, 3, 5, 7), [-551, -727, -853, -1267], [1507, 1717, 3149, 3529])
(24, 188, -4, (2, 3, 5, 7), [-803, -827, -1375, -2959], [403, 893, 917, 1463])
(24, 189, -4, (2, 3, 5, 7), [-793, -3311, -3755, -4531], [755, 2569, 2585, 3113])
(24, 190, -4, (2, 3, 5, 7), [-1043, -2479, -2515, -2947], [695, 1435, 3053, 3077])
(24, 191, -4, (2, 3, 5, 7), [-125, -265, -1057, -1087], [2153, 2843, 3377, 3917])
(24, 192, -4, (2, 3, 5, 7), [-1063, -1073, -1109, -1619], [455, 605, 1513, 2047])
(24, 193, -4, (2, 3, 5, 7), [-377, -643, -1541, -3115], [1109, 1165, 1189, 2053])
(24, 194, -4, (2, 3, 5, 7), [-463, -1327, -2113, -2653], [151, 587, 1043, 1441])
(24, 195, -4, (2, 3, 5, 7), [-1867, -2081, -3587, -3875], [1105, 1813, 2165, 2585])
(24, 196, -4, (2, 3, 5, 7), [-17, -457, -2233, -2359], [485, 977, 1873, 2063])
(24, 197, -4, (2, 3, 5, 7), [-443, -1465, -2435, -2881], [665, 815, 1799, 2117])
(24, 198, -4, (2, 3, 5, 7), [-17, -65, -1733, -2035], [653, 1943, 3007, 3151])
(24, 199, -4, (2, 3, 5, 7), [-343, -541, -725, -2567], [287, 1513, 2185, 2203])
(24, 200, -4, (2, 3, 5, 7), [-109, -409, -413, -797], [751, 1201, 2725, 3815])
(24, 201, -4, (2, 3, 5, 7), [-397, -635, -745, -883], [353, 1157, 1183, 2425])
(24, 202, -4, (2, 3, 5, 7), [-1367, -1675, -1883, -2177], [503, 1027, 1397, 1453])
(24, 203, -4, (2, 3, 5, 7), [-11, -611, -2267, -3097], [515, 727, 739, 809])
(24, 204, -4, (2, 3, 5, 7), [-773, -997, -1139, -1273], [197, 1547, 2923, 2993])
(24, 205, -4, (2, 3, 5, 7), [-67, -107, -697, -1615], [19, 35, 1027, 1459])
(24, 206, -4, (2, 3, 5, 7), [-293, -1237, -2197, -2573], [55, 223, 1331, 1337])
(24, 207, -4, (2, 3, 5, 7), [-221, -235, -1363, -1891], [937, 1229, 1235, 3133])
(24, 208, -4, (2, 3, 5, 7), [-155, -469, -503, -563], [853, 1213, 3185, 3743])
(24, 209, -4, (2, 3, 5, 7), [-125, -133, -1175, -2207], [1147, 1459, 1939, 2497])
(24, 210, -4, (2, 3, 5, 7), [-2797, -3623, -5477, -8357], [415, 871, 1261, 1711])
(24, 211, -4, (2, 3, 5, 7), [-455, -523, -1153, -1247], [659, 787, 959, 2369])
(24, 212, -4, (2, 3, 5, 7), [-1877, -3617, -4967, -5635], [911, 967, 1561, 2095])
(24, 213, -4, (2, 3, 5, 7), [-467, -665, -871, -883], [49, 437, 845, 1027])
(24, 214, -4, (2, 3, 5, 7), [-589, -617, -1577, -1909], [175, 583, 1135, 1441])
(24, 215, -4, (2, 3, 5, 7), [-511, -2213, -2467, -2611], [43, 259, 647, 853])
(24, 216, -4, (2, 3, 5, 7), [-1385, -1477, -1927, -2299], [71, 767, 841, 1915])
(24, 217, -4, (2, 3, 5, 7), [-377, -1513, -1885, -2023], [167, 395, 1199, 1475])
(24, 218, -4, (2, 3, 5, 7), [-353, -763, -1453, -1669], [2321, 2533, 2795, 3923])
(24, 219, -4, (2, 3, 5, 7), [-463, -857, -1837, -2027], [755, 1043, 1337, 1663])
(24, 220, -4, (2, 3, 5, 7), [-577, -1253, -2315, -2989], [317, 2323, 4213, 4363])
(24, 221, -4, (2, 3, 5, 7), [-311, -647, -2765, -3781], [707, 1427, 1693, 2155])
(24, 222, -4, (2, 3, 5, 7), [-157, -2645, -3115, -4897], [1625, 1841, 1897, 2275])
(24, 223, -4, (2, 3, 5, 7), [-11, -61, -95, -593], [293, 653, 1973, 3895])
(24, 224, -4, (2, 3, 5, 7), [-179, -355, -1099, -2729], [245, 493, 653, 2003])
(24, 225, -4, (2, 3, 5, 7), [-101, -2195, -2797, -3551], [389, 1295, 1993, 2107])
(24, 226, -4, (2, 3, 5, 7), [-1165, -1745, -2149, -2449], [173, 1001, 2717, 3235])
(24, 227, -4, (2, 3, 5, 7), [-1453, -2363, -2887, -3067], [679, 3463, 3473, 4267])
(24, 228, -4, (2, 3, 5, 7), [-1133, -1447, -1937, -2065], [191, 617, 871, 953])
(24, 229, -4, (2, 3, 5, 7), [-2267, -2927, -6091, -6833], [199, 793, 1487, 1813])
(24, 230, -4, (2, 3, 5, 7), [-467, -2815, -5333, -5927], [203, 895, 1025, 1903])
(24, 231, -4, (2, 3, 5, 7), [-1477, -1631, -2221, -7021], [223, 1393, 1873, 2879])
(24, 232, -4, (2, 3, 5, 7), [-13, -4427, -4829, -5363], [811, 1391, 2165, 2717])
(24, 233, -4, (2, 3, 5, 7), [-1357, -1607, -1925, -4627], [419, 479, 1559, 4255])
(24, 234, -4, (2, 3, 5, 7), [-329, -877, -997, -1069], [7, 1463, 2227, 2611])
(24, 235, -4, (2, 3, 5, 7), [-121, -797, -1735, -1817], [2569, 2659, 3439, 3773])
(24, 236, -4, (2, 3, 5, 7), [-985, -1643, -3437, -4043], [295, 881, 955, 2017])
(24, 237, -4, (2, 3, 5, 7), [-275, -445, -1187, -1691], [13, 163, 815, 1295])
(24, 238, -4, (2, 3, 5, 7), [-133, -485, -643, -1517], [127, 2723, 3277, 3491])
(24, 239, -4, (2, 3, 5, 7), [-793, -1393, -1571, -1627], [847, 2189, 2719, 3433])
(24, 240, -4, (2, 3, 5, 7), [-515, -643, -1279, -1577], [851, 2423, 2935, 3371])
(24, 241, -4, (2, 3, 5, 7), [-641, -715, -1247, -1595], [115, 677, 895, 1399])
(24, 242, -4, (2, 3, 5, 7), [-1457, -2329, -3107, -3529], [265, 1705, 2633, 3391])
(24, 243, -4, (2, 3, 5, 7), [-311, -721, -2591, -4051], [1523, 1759, 2609, 3187])
(24, 244, -4, (2, 3, 5, 7), [-1529, -1679, -2015, -2407], [131, 2303, 3145, 3661])
(24, 245, -4, (2, 3, 5, 7), [-431, -1361, -2005, -2213], [1285, 2383, 2617, 3505])
(24, 246, -4, (2, 3, 5, 7), [-13, -539, -853, -1297], [227, 3647, 4261, 4957])
(24, 247, -4, (2, 3, 5, 7), [-163, -175, -1927, -2291], [1217, 1897, 2059, 2513])
(24, 248, -4, (2, 3, 5, 7), [-337, -353, -1303, -2177], [365, 2491, 2753, 3283])
(24, 249, -4, (2, 3, 5, 7), [-1351, -1927, -2125, -3025], [685, 1267, 1397, 1889])
(24, 250, -4, (2, 3, 5, 7), [-1135, -1217, -1235, -2449], [671, 1855, 2171, 2183])
(24, 251, -4, (2, 3, 5, 7), [-457, -527, -637, -865], [125, 337, 719, 2237])
(24, 252, -4, (2, 3, 5, 7), [-905, -2377, -4385, -4667], [1277, 3031, 3985, 5057])
(24, 253, -4, (2, 3, 5, 7), [-257, -365, -797, -1325], [139, 715, 1799, 2767])
(24, 254, -4, (2, 3, 5, 7), [-3193, -3703, -3949, -5513], [121, 895, 2443, 3641])
(24, 255, -4, (2, 3, 5, 7), [-347, -2765, -6463, -6667], [2033, 2659, 4175, 4213])
(24, 256, -4, (2, 3, 5, 7), [-469, -1895, -3709, -3853], [565, 1573, 4291, 5851])
(24, 257, -4, (2, 3, 5, 7), [-391, -751, -811, -2551], [869, 1697, 3539, 5719])
