('script.搜索冫伪素数牜临近幂方._0worker_', (2, 1, 200, [2]), {})
(2, 16, 200, (2,), [-15, -17, -39, -57, -87, -89, -99, -113, -117, -123, -129, -143, -155, -165, -179, -183], [1, 3, 7, 15, 21, 27, 43, 45, 51, 63, 73, 81, 93, 97, 111, 115, 121, 141, 151, 163, 165, 171, 177, 181, 183, 193, 195])
(2, 17, 200, (2,), [-1, -9, -13, -31, -49, -61, -63, -85, -91, -99, -103, -115, -145, -199], [29, 39, 41, 57, 71, 77, 99, 131, 141, 149, 159, 177, 179, 195])
(2, 18, 200, (2,), [-5, -11, -17, -23, -33, -35, -41, -65, -75, -93, -95, -117, -137, -161, -167, -171, -173, -185], [3, 7, 9, 43, 49, 73, 87, 93, 109, 117, 127, 159, 169, 177, 187, 193])
(2, 19, 200, (2,), [-1, -19, -27, -31, -45, -57, -67, -69, -85, -87, -91, -99, -117, -139, -165, -169, -175, -189], [21, 53, 59, 63, 65, 81, 99, 101, 123, 125, 141, 165])
(2, 20, 200, (2,), [-3, -5, -17, -27, -59, -69, -129, -143, -153, -185, -189], [7, 13, 25, 33, 37, 51, 57, 85, 105, 127, 133, 141, 145, 183])
(2, 21, 200, (2,), [-9, -19, -21, -55, -61, -69, -105, -111, -121, -129, -139, -159, -165, -181, -193, -195], [17, 59, 71, 77, 105, 107, 135, 137, 159, 165, 197])
(2, 22, 200, (2,), [-3, -17, -27, -33, -57, -87, -105, -113, -117, -123, -131, -137, -161, -167, -173, -197], [15, 25, 49, 67, 85, 93, 99, 105, 115, 129, 135, 147, 189, 199])
(2, 23, 200, (2,), [-15, -21, -27, -37, -61, -69, -135, -147, -157, -159, -169, -181, -187, -199], [9, 11, 15, 29, 65, 75, 83, 89, 125, 131, 153, 155, 183])
(2, 24, 200, (2,), [-3, -17, -33, -63, -75, -77, -89, -95, -117, -167, -189], [43, 73, 75, 115, 117, 121, 165])
(2, 25, 200, (2,), [-39, -49, -61, -85, -91, -115, -141, -159, -165, -183, -193], [35, 41, 69, 71, 77, 87, 95, 147, 149, 161])
(2, 26, 200, (2,), [-5, -27, -45, -87, -101, -107, -111, -117, -125, -135, -143, -155, -171, -195, -197], [15, 49, 55, 69, 93, 97, 117, 159, 169, 187])
(2, 27, 200, (2,), [-39, -79, -111, -115, -135, -187, -199], [29, 45, 51, 53, 71, 75, 95, 99, 141, 149, 165, 189])
(2, 28, 200, (2,), [-57, -89, -95, -119, -125, -143, -165, -183], [3, 7, 37, 67, 81, 105, 121, 123, 141, 175, 183, 193])
(2, 29, 200, (2,), [-3, -33, -43, -63, -73, -75, -93, -99, -121, -133, -145, -169, -183, -189, -195], [11, 39, 89, 105, 107, 117, 149, 177, 179])
(2, 30, 200, (2,), [-35, -41, -83, -101, -105, -107, -135, -153, -161, -173], [3, 7, 9, 15, 19, 33, 67, 85, 115, 129, 145, 147, 163, 169])
(2, 31, 200, (2,), [-1, -19, -61, -69, -85, -99, -105, -151, -159, -171], [11, 45, 65, 95, 129, 135, 165])
(2, 32, 200, (2,), [-5, -17, -65, -99, -107, -135, -153, -185], [15, 61, 75, 81, 91, 93, 163, 181])
(2, 33, 200, (2,), [-9, -25, -49, -79, -105], [17, 29, 35, 39, 59, 71, 77, 101, 119, 129, 149, 165])
(2, 34, 200, (2,), [-41, -77, -113, -131, -143, -165, -185], [25, 79, 85, 153])
(2, 35, 200, (2,), [-31, -49, -61, -69, -79, -121, -141], [53, 83, 99, 105, 125, 189])
(2, 36, 200, (2,), [-5, -17, -23, -65, -117, -137, -159, -173, -189], [31, 115, 117, 165, 175, 177])
(2, 37, 200, (2,), [-25, -31, -45, -69, -123, -141, -199], [9, 29, 41, 69, 95, 105, 119, 185])
(2, 38, 200, (2,), [-45, -87, -107, -131, -153, -185, -191], [7, 13, 67, 79, 97, 117])
(2, 39, 200, (2,), [-7, -19, -67, -91, -135, -165], [23, 39, 45, 63, 75, 149, 155, 183])
(2, 40, 200, (2,), [-87, -167, -195], [15, 27, 55, 97, 115, 141, 157, 177])
(2, 41, 200, (2,), [-21, -31, -55, -63, -73, -75, -91, -111, -133, -139, -195], [27, 65, 71, 81, 125, 147, 161, 165, 197])
(2, 42, 200, (2,), [-11, -17, -33, -53, -65, -143, -161, -165], [15, 75, 87, 129, 135, 165])
(2, 43, 200, (2,), [-57, -67, -117, -175], [29, 39, 53, 105, 141, 183, 185])
(2, 44, 200, (2,), [-17, -117, -119, -129, -143, -149], [7, 21, 27, 55, 175, 195])
(2, 45, 200, (2,), [-55, -69, -81, -93, -121, -133, -139, -159, -193], [59, 75, 129, 135, 147, 165, 179])
(2, 46, 200, (2,), [-21, -57, -63, -77, -167, -197], [15, 127, 139, 165, 193])
(2, 47, 200, (2,), [-115, -127, -147], [5, 9, 41, 65, 113, 141, 155, 179])
(2, 48, 200, (2,), [-59, -65, -89, -93, -147, -165, -189], [21, 61, 75, 91])
(2, 49, 200, (2,), [-81, -111, -123, -139, -181], [69, 191])
(2, 50, 200, (2,), [-27, -35, -51, -71, -113, -117, -131, -161, -195], [55, 99, 145, 159, 193])
(2, 51, 200, (2,), [-129, -139, -165], [21, 65, 81, 101, 165, 191])
(2, 52, 200, (2,), [-47, -143, -173, -183, -197], [21, 37, 55, 97, 133, 157])
(2, 53, 200, (2,), [-111, -145], [5, 41, 57, 75, 119, 177])
(2, 54, 200, (2,), [-33, -53, -131, -165, -195], [159, 163, 187])
(2, 55, 200, (2,), [-55, -67, -99, -127, -147, -169, -171, -199], [3, 11, 51, 83, 105, 153])
(2, 56, 200, (2,), [-5, -27, -47, -57, -89, -93, -147, -177, -189, -195], [81, 97, 175, 177])
(2, 57, 200, (2,), [-13, -25, -49, -61, -69, -111, -195], [9, 35, 75, 95, 129, 131, 135, 141, 171, 189])
(2, 58, 200, (2,), [-27, -57, -63, -137, -141, -147, -161], [69, 105, 175, 189])
(2, 59, 200, (2,), [-55, -99], [131, 161])
(2, 60, 200, (2,), [-93, -107, -173, -179], [33, 91, 105, 147, 151])
(2, 61, 200, (2,), [-1, -31, -45], [15, 21, 57, 65, 135, 197])
(2, 62, 200, (2,), [-57, -87, -117, -143, -153, -167, -171, -195], [135, 169, 177, 187, 189, 193])
(2, 63, 200, (2,), [-25, -165], [29, 99, 123, 131, 155])
(2, 64, 200, (2,), [-59, -83, -95, -179, -189], [13, 37, 51, 81, 93, 141])
(2, 65, 200, (2,), [-49, -79, -115, -141, -163], [131, 165])
(2, 66, 200, (2,), [-5, -45, -173], [9, 85, 169])
(2, 67, 200, (2,), [-19, -31, -49, -57, -61, -75, -81, -165, -181], [3, 63, 71, 95, 153, 155])
(2, 68, 200, (2,), [-23, -83, -125, -147, -149, -167], [33, 57, 61, 153, 163, 181])
(2, 69, 200, (2,), [-19, -91, -93, -103, -129, -153, -165], [29, 105, 117])
(2, 70, 200, (2,), [-35, -71, -167], [25, 67, 79, 105, 115, 189, 195])
(2, 71, 200, (2,), [], [11, 63, 95, 111, 173, 189])
(2, 72, 200, (2,), [-93, -107, -129, -167], [15, 105, 115])
(2, 73, 200, (2,), [-69, -181, -199], [29, 101, 197])
(2, 74, 200, (2,), [-35, -45, -57, -135, -153], [37, 67, 85, 175])
(2, 75, 200, (2,), [-97], [33, 53, 75])
(2, 76, 200, (2,), [-15, -63, -117, -123, -143, -189], [15, 51, 87, 183])
(2, 77, 200, (2,), [-33, -43, -145, -163, -195], [11, 57, 69, 71])
(2, 78, 200, (2,), [-11, -95, -111, -123, -147, -153, -191], [7, 43, 109, 115, 117, 135, 175])
(2, 79, 200, (2,), [-67, -199], [23, 29, 95, 105, 125, 153])
(2, 80, 200, (2,), [-65, -93, -117, -143], [13, 85])
(2, 81, 200, (2,), [-51, -63, -163], [17, 81, 101, 147, 159])
(2, 82, 200, (2,), [-57, -113, -185], [9, 43, 45, 79])
(2, 83, 200, (2,), [-55, -97, -117, -121, -139], [75, 89, 119, 155])
(2, 84, 200, (2,), [-35, -69], [3, 45, 73, 177])
(2, 85, 200, (2,), [-19, -61, -181], [171])
(2, 86, 200, (2,), [-35, -41, -65, -71, -113], [27, 69, 85, 93, 163, 183])
(2, 87, 200, (2,), [-67, -129, -181, -195], [39, 71])
(2, 88, 200, (2,), [], [7, 133, 165])
(2, 89, 200, (2,), [-1, -21, -31, -49, -69, -99, -103], [29, 89, 107])
(2, 90, 200, (2,), [-33, -41, -53, -75], [133])
(2, 91, 200, (2,), [-45, -81, -111], [59, 129, 135, 195])
(2, 92, 200, (2,), [-83, -149, -197], [25, 165])
(2, 93, 200, (2,), [-25, -51, -79, -105], [105, 137, 149, 197])
(2, 94, 200, (2,), [-3, -11, -105, -173], [129, 147, 169])
(2, 95, 200, (2,), [-15, -37], [9, 53])
(2, 96, 200, (2,), [-17, -87, -93, -147, -165, -189], [61, 81, 121, 151])
(2, 97, 200, (2,), [-141, -165], [105])
(2, 98, 200, (2,), [-51, -65, -107, -117, -141], [7, 37, 79, 187, 193])
(2, 99, 200, (2,), [-115, -145], [])
(2, 100, 200, (2,), [-15, -99, -153, -183], [])
(2, 101, 200, (2,), [-69, -99], [81, 149, 177])
(2, 102, 200, (2,), [-33, -63], [])
(2, 103, 200, (2,), [-97, -127], [81, 125])
(2, 104, 200, (2,), [-17, -29], [111])
(2, 105, 200, (2,), [-13, -139, -151, -163], [39, 77, 81])
(2, 106, 200, (2,), [-117], [99, 165, 177, 199])
(2, 107, 200, (2,), [-1, -171], [39, 51, 119])
(2, 108, 200, (2,), [-59, -137], [33, 87, 117, 121, 135, 157])
(2, 109, 200, (2,), [-31, -91, -165], [147])
(2, 110, 200, (2,), [-21, -135, -143, -195], [27, 159, 193])
(2, 111, 200, (2,), [-37, -69, -175], [51, 129, 165])
(2, 112, 200, (2,), [-75, -189], [25, 91, 121, 147])
(2, 113, 200, (2,), [-133], [])
(2, 114, 200, (2,), [-11, -35, -53, -75, -153, -161, -195], [43, 129])
(2, 115, 200, (2,), [-67, -85, -97, -129], [71])
(2, 116, 200, (2,), [-3, -69, -83, -89, -117, -197], [33, 177])
(2, 117, 200, (2,), [], [29, 35, 197])
(2, 118, 200, (2,), [-5, -111], [25, 69, 93, 163])
(2, 119, 200, (2,), [-69, -169], [9, 105])
(2, 120, 200, (2,), [-119], [])
(2, 121, 200, (2,), [-73, -165], [41, 105])
(2, 122, 200, (2,), [-3, -113, -167], [])
(2, 123, 200, (2,), [-67, -79, -135], [165])
(2, 124, 200, (2,), [-59, -99, -155, -165], [67, 73, 111, 195])
(2, 125, 200, (2,), [-9, -135], [27, 95])
(2, 126, 200, (2,), [-137], [7, 99, 109, 187])
(2, 127, 200, (2,), [-1, -25, -39], [29, 45, 65, 101, 123])
(2, 128, 200, (2,), [-159, -173], [51, 81, 165])
(2, 129, 200, (2,), [-25], [17, 75, 161])
(2, 130, 200, (2,), [-5, -27, -113, -173], [169, 189])
(2, 131, 200, (2,), [-69, -181], [39, 155])
(2, 132, 200, (2,), [], [67, 87, 123, 157])
(2, 133, 200, (2,), [-99, -103, -183], [27, 35, 125, 161, 171, 177])
(2, 134, 200, (2,), [-45, -117, -185, -197], [27])
(2, 135, 200, (2,), [-45, -55, -105], [33])
(2, 136, 200, (2,), [-113], [85, 93, 121, 147])
(2, 137, 200, (2,), [-13, -33, -111], [155, 177, 197])
(2, 138, 200, (2,), [-105], [87, 145, 165])
(2, 139, 200, (2,), [-187], [155])
(2, 140, 200, (2,), [-27, -57, -77, -129, -147], [37, 177])
(2, 141, 200, (2,), [-9, -103, -111, -165, -171, -193], [5, 95])
(2, 142, 200, (2,), [-111], [])
(2, 143, 200, (2,), [-69, -127], [5, 81, 141])
(2, 144, 200, (2,), [-83, -167], [175])
(2, 145, 200, (2,), [-151], [27, 135, 137])
(2, 146, 200, (2,), [-153], [85, 163])
(2, 147, 200, (2,), [-145], [51, 95, 149, 155])
(2, 148, 200, (2,), [-167, -197], [91, 183])
(2, 149, 200, (2,), [-31, -33, -99, -199], [69])
(2, 150, 200, (2,), [-3, -5, -185], [147, 163])
(2, 151, 200, (2,), [-195], [45])
(2, 152, 200, (2,), [-17, -23], [])
(2, 153, 200, (2,), [-69, -145, -171], [95])
(2, 154, 200, (2,), [], [27])
(2, 155, 200, (2,), [-31, -49], [15, 63, 195])
(2, 156, 200, (2,), [-143, -167, -173, -195], [45, 115, 133])
(2, 157, 200, (2,), [-19, -133, -181], [69, 101, 165, 179])
(2, 158, 200, (2,), [-15, -155], [97, 189])
(2, 159, 200, (2,), [-91], [])
(2, 160, 200, (2,), [-47, -57, -75, -189], [7])
(2, 161, 200, (2,), [-159], [107])
(2, 162, 200, (2,), [-101], [19, 49])
(2, 163, 200, (2,), [-55, -69], [21, 45, 141, 195])
(2, 164, 200, (2,), [-63, -155], [117, 135, 151])
(2, 165, 200, (2,), [-25, -61, -115], [141, 147])
(2, 166, 200, (2,), [-5], [85])
(2, 167, 200, (2,), [-135], [83])
(2, 168, 200, (2,), [], [87, 117])
(2, 169, 200, (2,), [], [147])
(2, 170, 200, (2,), [-143, -153, -195], [49, 55, 79, 85, 97, 133, 135])
(2, 171, 200, (2,), [-19, -187], [129])
(2, 172, 200, (2,), [-95, -155], [105, 177])
(2, 173, 200, (2,), [-55, -103], [77, 165, 191])
(2, 174, 200, (2,), [-3, -17, -143, -153, -161], [7, 37, 73, 129])
(2, 175, 200, (2,), [], [9, 65])
(2, 176, 200, (2,), [], [])
(2, 177, 200, (2,), [], [75, 105, 107])
(2, 178, 200, (2,), [-41], [87, 99, 189, 193])
(2, 179, 200, (2,), [-49, -159], [])
(2, 180, 200, (2,), [-47, -107, -189], [15, 115, 193])
(2, 181, 200, (2,), [-165, -199], [165, 197])
(2, 182, 200, (2,), [-161], [49])
(2, 183, 200, (2,), [-147], [])
(2, 184, 200, (2,), [-33, -59], [27, 63])
(2, 185, 200, (2,), [], [159, 179])
(2, 186, 200, (2,), [], [])
(2, 187, 200, (2,), [-85, -105], [])
(2, 188, 200, (2,), [-125, -143, -167, -173], [57, 123, 153])
(2, 189, 200, (2,), [-25], [35, 59, 131, 135])
(2, 190, 200, (2,), [-11, -33, -95], [129])
(2, 191, 200, (2,), [-19, -51, -69, -139], [5, 95])
(2, 192, 200, (2,), [], [133])
(2, 193, 200, (2,), [-31, -123], [65, 71, 129, 137])
(2, 194, 200, (2,), [-33, -75], [27, 67, 103])
(2, 195, 200, (2,), [-135], [35, 53, 75, 119])
(2, 196, 200, (2,), [-15, -47], [21])
(2, 197, 200, (2,), [-75, -111, -169], [107, 117, 119])
(2, 198, 200, (2,), [-17, -45], [15, 49, 169])
(2, 199, 200, (2,), [-49, -189], [101, 123])
(2, 200, 200, (2,), [-75, -117], [])
(2, 201, 200, (2,), [-55, -111], [])
(2, 202, 200, (2,), [-183, -195], [67, 189])
(2, 203, 200, (2,), [-159, -187], [15])
(2, 204, 200, (2,), [-167], [7, 157])
(2, 205, 200, (2,), [-81], [])
(2, 206, 200, (2,), [-5, -63], [33, 75, 169])
(2, 207, 200, (2,), [-91, -157], [])
(2, 208, 200, (2,), [], [])
(2, 209, 200, (2,), [-33], [47])
(2, 210, 200, (2,), [-47, -65, -165, -171], [33, 177])
(2, 211, 200, (2,), [-175], [71])
(2, 212, 200, (2,), [-23, -29, -99, -149], [57])
(2, 213, 200, (2,), [-3, -61, -123], [75])
(2, 214, 200, (2,), [-185], [7])
(2, 215, 200, (2,), [-157], [])
(2, 216, 200, (2,), [], [])
(2, 217, 200, (2,), [-61], [129])
(2, 218, 200, (2,), [-33, -117], [163])
(2, 219, 200, (2,), [-121], [185])
(2, 220, 200, (2,), [-77, -167], [])
(2, 221, 200, (2,), [-3, -133], [81])
(2, 222, 200, (2,), [-117], [49, 57, 109, 127, 163])
(2, 223, 200, (2,), [], [189])
(2, 224, 200, (2,), [-63], [])
(2, 225, 200, (2,), [-49, -81, -103], [119, 141])
(2, 226, 200, (2,), [-5, -77, -155], [])
(2, 227, 200, (2,), [], [])
(2, 228, 200, (2,), [-93, -149, -185], [3])
(2, 229, 200, (2,), [-91], [])
(2, 230, 200, (2,), [-27, -77], [67, 163, 183])
(2, 231, 200, (2,), [-165], [105, 171])
(2, 232, 200, (2,), [], [])
(2, 233, 200, (2,), [-3, -159], [])
(2, 234, 200, (2,), [-83], [43])
(2, 235, 200, (2,), [-15, -151, -181], [81, 95])
(2, 236, 200, (2,), [], [25, 97, 193])
(2, 237, 200, (2,), [-181], [])
(2, 238, 200, (2,), [-161], [67, 189, 199])
(2, 239, 200, (2,), [-87, -199], [29, 131])
(2, 240, 200, (2,), [], [115])
(2, 241, 200, (2,), [-39], [])
(2, 242, 200, (2,), [-63], [69])
(2, 243, 200, (2,), [-9, -31, -199], [59])
(2, 244, 200, (2,), [-189], [133])
(2, 245, 200, (2,), [-163], [])
(2, 246, 200, (2,), [-107, -171], [])
(2, 247, 200, (2,), [-81], [63])
(2, 248, 200, (2,), [], [81])
(2, 249, 200, (2,), [-75], [119])
(2, 250, 200, (2,), [], [25])
(2, 251, 200, (2,), [-9], [65, 69, 89, 105])
(2, 252, 200, (2,), [-129, -143], [])
(2, 253, 200, (2,), [], [39, 51])
(2, 254, 200, (2,), [], [79, 153, 163])
(2, 255, 200, (2,), [-19, -31], [95, 141])
(2, 256, 200, (2,), [-189], [])
(2, 257, 200, (2,), [-93], [155])
(2, 258, 200, (2,), [-87], [73])
(2, 259, 200, (2,), [], [])
(2, 260, 200, (2,), [-149], [])
(2, 261, 200, (2,), [], [105, 137])
(2, 262, 200, (2,), [-71], [79])
(2, 263, 200, (2,), [], [9, 35, 83])
(2, 264, 200, (2,), [], [175])
(2, 265, 200, (2,), [-49, -115, -139], [77, 137])
(2, 266, 200, (2,), [-3], [133, 135, 193])
(2, 267, 200, (2,), [], [])
(2, 268, 200, (2,), [-77], [43, 111, 121])
(2, 269, 200, (2,), [], [])
(2, 270, 200, (2,), [-53], [127, 133])
(2, 271, 200, (2,), [-169], [])
(2, 272, 200, (2,), [], [57, 81, 163])
(2, 273, 200, (2,), [], [5, 35])
(2, 274, 200, (2,), [], [63, 67, 177])
(2, 275, 200, (2,), [-129, -199], [])
(2, 276, 200, (2,), [-89], [157])
(2, 277, 200, (2,), [-103, -181], [101, 179])
(2, 278, 200, (2,), [-93], [117])
(2, 279, 200, (2,), [-69], [89])
(2, 280, 200, (2,), [-47, -105, -195], [45])
(2, 281, 200, (2,), [-139], [197])
(2, 282, 200, (2,), [-83, -93], [159, 189])
(2, 283, 200, (2,), [-45], [])
(2, 284, 200, (2,), [-173], [])
(2, 285, 200, (2,), [-9, -33], [17])
(2, 286, 200, (2,), [-165], [43])
(2, 287, 200, (2,), [-115], [35, 65])
(2, 288, 200, (2,), [-167], [127])
(2, 289, 200, (2,), [], [101])
(2, 290, 200, (2,), [-47, -83], [])
(2, 291, 200, (2,), [-19], [71])
(2, 292, 200, (2,), [-167, -197], [13, 91])
(2, 293, 200, (2,), [], [])
(2, 294, 200, (2,), [-35, -135, -177], [67, 169])
(2, 295, 200, (2,), [-171], [9, 143])
(2, 296, 200, (2,), [], [61, 163])
(2, 297, 200, (2,), [-123, -171], [11, 17])
(2, 298, 200, (2,), [], [])
(2, 299, 200, (2,), [-69], [])
(2, 300, 200, (2,), [-153, -185], [157])
(2, 301, 200, (2,), [], [27, 165])
(2, 302, 200, (2,), [], [])
(2, 303, 200, (2,), [-121], [101])
(2, 304, 200, (2,), [-75], [37])
(2, 305, 200, (2,), [-103], [131])
(2, 306, 200, (2,), [], [45, 73, 117])
(2, 307, 200, (2,), [-99, -147, -187], [135])
(2, 308, 200, (2,), [-159, -189], [27, 81])
(2, 309, 200, (2,), [], [])
(2, 310, 200, (2,), [-77], [15, 189])
(2, 311, 200, (2,), [-45, -75, -181, -199], [111])
(2, 312, 200, (2,), [], [91])
(2, 313, 200, (2,), [-139], [125])
(2, 314, 200, (2,), [-113], [93])
(2, 315, 200, (2,), [], [81])
(2, 316, 200, (2,), [-57], [87])
(2, 317, 200, (2,), [-33], [9])
(2, 318, 200, (2,), [-165], [])
(2, 319, 200, (2,), [], [9, 101, 123])
(2, 320, 200, (2,), [-197], [27])
(2, 321, 200, (2,), [-9, -45], [165])
(2, 322, 200, (2,), [-11, -185], [])
(2, 323, 200, (2,), [-141], [])
(2, 324, 200, (2,), [-23, -177], [])
(2, 325, 200, (2,), [], [137])
(2, 326, 200, (2,), [-101, -117], [])
(2, 327, 200, (2,), [], [9])
(2, 328, 200, (2,), [-155], [15])
(2, 329, 200, (2,), [-139], [39])
(2, 330, 200, (2,), [], [93])
(2, 331, 200, (2,), [-61], [])
(2, 332, 200, (2,), [], [])
(2, 333, 200, (2,), [], [])
(2, 334, 200, (2,), [], [])
(2, 335, 200, (2,), [], [173, 183])
(2, 336, 200, (2,), [-3, -17], [])
(2, 337, 200, (2,), [-75], [71, 105, 177])
(2, 338, 200, (2,), [-15], [97, 99])
(2, 339, 200, (2,), [-147], [185])
(2, 340, 200, (2,), [], [])
(2, 341, 200, (2,), [], [5, 77])
(2, 342, 200, (2,), [-65], [15, 85])
(2, 343, 200, (2,), [-199], [])
(2, 344, 200, (2,), [-119], [])
(2, 345, 200, (2,), [], [107])
(2, 346, 200, (2,), [-45, -57, -197], [])
(2, 347, 200, (2,), [], [])
(2, 348, 200, (2,), [-117, -143], [])
(2, 349, 200, (2,), [], [])
(2, 350, 200, (2,), [-113, -131], [])
(2, 351, 200, (2,), [-61, -135], [143])
(2, 352, 200, (2,), [], [55, 81])
(2, 353, 200, (2,), [-139], [141])
(2, 354, 200, (2,), [-153], [])
(2, 355, 200, (2,), [-49], [141])
(2, 356, 200, (2,), [-173], [])
(2, 357, 200, (2,), [], [])
(2, 358, 200, (2,), [], [])
(2, 359, 200, (2,), [], [23, 141])
(2, 360, 200, (2,), [], [105])
(2, 361, 200, (2,), [], [])
(2, 362, 200, (2,), [], [])
(2, 363, 200, (2,), [-75, -97, -105, -111], [])
(2, 364, 200, (2,), [], [])
(2, 365, 200, (2,), [-169], [])
(2, 366, 200, (2,), [-167], [])
(2, 367, 200, (2,), [], [69])
(2, 368, 200, (2,), [], [127])
(2, 369, 200, (2,), [-25, -195], [65])
(2, 370, 200, (2,), [], [69])
(2, 371, 200, (2,), [], [])
(2, 372, 200, (2,), [-177], [147])
(2, 373, 200, (2,), [], [])
(2, 374, 200, (2,), [-65, -153], [])
(2, 375, 200, (2,), [], [81, 171])
(2, 376, 200, (2,), [-57], [115])
(2, 377, 200, (2,), [], [])
(2, 378, 200, (2,), [], [25])
(2, 379, 200, (2,), [-19, -99], [99])
(2, 380, 200, (2,), [-65], [127])
(2, 381, 200, (2,), [], [])
(2, 382, 200, (2,), [-105], [])
(2, 383, 200, (2,), [-31, -187], [])
(2, 384, 200, (2,), [], [])
(2, 385, 200, (2,), [], [189])
(2, 386, 200, (2,), [], [])
(2, 387, 200, (2,), [], [])
(2, 388, 200, (2,), [-45, -63], [133])
(2, 389, 200, (2,), [-21, -51, -103], [89])
(2, 390, 200, (2,), [-137], [3, 133])
(2, 391, 200, (2,), [-105, -127], [])
(2, 392, 200, (2,), [-107], [])
(2, 393, 200, (2,), [-93], [77, 101])
(2, 394, 200, (2,), [], [97, 169])
(2, 395, 200, (2,), [], [29])
(2, 396, 200, (2,), [], [])
(2, 397, 200, (2,), [-81], [])
(2, 398, 200, (2,), [-131], [127])
(2, 399, 200, (2,), [-91], [51])
(2, 400, 200, (2,), [], [181])
(2, 401, 200, (2,), [-31], [])
(2, 402, 200, (2,), [-53], [])
(2, 403, 200, (2,), [], [])
(2, 404, 200, (2,), [], [55, 63])
(2, 405, 200, (2,), [], [])
(2, 406, 200, (2,), [], [129, 169])
(2, 407, 200, (2,), [-157, -171], [])
(2, 408, 200, (2,), [], [37])
(2, 409, 200, (2,), [-103], [29, 125])
(2, 410, 200, (2,), [-51], [33])
(2, 411, 200, (2,), [], [63])
(2, 412, 200, (2,), [-183], [67, 115])
(2, 413, 200, (2,), [-21], [])
(2, 414, 200, (2,), [-17, -35], [])
(2, 415, 200, (2,), [-45, -55], [])
(2, 416, 200, (2,), [], [])
(2, 417, 200, (2,), [], [])
(2, 418, 200, (2,), [-147], [163])
(2, 419, 200, (2,), [-69], [])
(2, 420, 200, (2,), [], [45])
(2, 421, 200, (2,), [], [105])
(2, 422, 200, (2,), [-101], [163])
(2, 423, 200, (2,), [-91], [])
(2, 424, 200, (2,), [], [163])
(2, 425, 200, (2,), [], [57])
(2, 426, 200, (2,), [], [])
(2, 427, 200, (2,), [], [69, 183])
(2, 428, 200, (2,), [-65], [])
(2, 429, 200, (2,), [-55], [131])
(2, 430, 200, (2,), [], [73])
(2, 431, 200, (2,), [], [173])
(2, 432, 200, (2,), [], [])
(2, 433, 200, (2,), [], [])
(2, 434, 200, (2,), [-183], [103])
(2, 435, 200, (2,), [-97], [])
(2, 436, 200, (2,), [-87, -117], [])
(2, 437, 200, (2,), [-93], [117])
(2, 438, 200, (2,), [], [25])
(2, 439, 200, (2,), [-151, -169], [101])
(2, 440, 200, (2,), [-33, -173], [187])
(2, 441, 200, (2,), [], [])
(2, 442, 200, (2,), [], [189])
(2, 443, 200, (2,), [], [53])
(2, 444, 200, (2,), [-17, -173], [])
(2, 445, 200, (2,), [-195], [41, 95])
(2, 446, 200, (2,), [-77], [33])
(2, 447, 200, (2,), [], [99])
(2, 448, 200, (2,), [], [])
(2, 449, 200, (2,), [], [])
(2, 450, 200, (2,), [], [])
(2, 451, 200, (2,), [], [23, 165])
(2, 452, 200, (2,), [-3, -183], [37])
(2, 453, 200, (2,), [], [89, 165])
(2, 454, 200, (2,), [-57, -63, -155], [])
(2, 455, 200, (2,), [], [105])
(2, 456, 200, (2,), [], [21])
(2, 457, 200, (2,), [], [])
(2, 458, 200, (2,), [-57, -185], [127])
(2, 459, 200, (2,), [], [101])
(2, 460, 200, (2,), [-77, -113, -147], [])
(2, 461, 200, (2,), [], [])
(2, 462, 200, (2,), [-195], [])
(2, 463, 200, (2,), [-157], [81])
(2, 464, 200, (2,), [], [])
(2, 465, 200, (2,), [], [29])
(2, 466, 200, (2,), [], [])
(2, 467, 200, (2,), [], [])
(2, 468, 200, (2,), [-17, -167], [])
(2, 469, 200, (2,), [], [])
(2, 470, 200, (2,), [-35, -51], [99])
(2, 471, 200, (2,), [-147], [])
(2, 472, 200, (2,), [], [])
(2, 473, 200, (2,), [], [149])
(2, 474, 200, (2,), [-135], [])
(2, 475, 200, (2,), [-129], [])
(2, 476, 200, (2,), [-153, -155], [])
(2, 477, 200, (2,), [-123], [])
(2, 478, 200, (2,), [-95], [])
(2, 479, 200, (2,), [], [])
(2, 480, 200, (2,), [-47], [165])
(2, 481, 200, (2,), [], [65])
(2, 482, 200, (2,), [], [])
(2, 483, 200, (2,), [], [])
(2, 484, 200, (2,), [-39, -117], [])
(2, 485, 200, (2,), [], [165])
(2, 486, 200, (2,), [-143], [])
(2, 487, 200, (2,), [-57], [])
(2, 488, 200, (2,), [-17], [])
(2, 489, 200, (2,), [-21, -115, -195], [179])
(2, 490, 200, (2,), [], [])
(2, 491, 200, (2,), [-75, -97], [])
(2, 492, 200, (2,), [-129, -173, -189], [21])
(2, 493, 200, (2,), [], [])
(2, 494, 200, (2,), [-125], [])
(2, 495, 200, (2,), [-31], [51])
(2, 496, 200, (2,), [], [])
(2, 497, 200, (2,), [], [159])
(2, 498, 200, (2,), [], [])
(2, 499, 200, (2,), [-151], [161])
(2, 500, 200, (2,), [], [55, 135])
(2, 501, 200, (2,), [-45, -91], [])
(2, 502, 200, (2,), [], [49, 135])
(2, 503, 200, (2,), [-91], [165])
(2, 504, 200, (2,), [], [133])
(2, 505, 200, (2,), [-91, -103, -139], [51, 179])
(2, 506, 200, (2,), [-45], [])
(2, 507, 200, (2,), [], [])
(2, 508, 200, (2,), [], [15])
(2, 509, 200, (2,), [], [35, 167, 179])
(2, 510, 200, (2,), [-75], [15, 37])
(2, 511, 200, (2,), [-187], [111])
(2, 512, 200, (2,), [], [75, 145])
(2, 513, 200, (2,), [], [159])
(2, 514, 200, (2,), [], [169])
(2, 515, 200, (2,), [], [15])
(2, 516, 200, (2,), [], [121])
(2, 517, 200, (2,), [], [])
(2, 518, 200, (2,), [], [37, 57, 99])
(2, 519, 200, (2,), [-91], [])
(2, 520, 200, (2,), [], [])
(2, 521, 200, (2,), [-1, -115], [])
(2, 522, 200, (2,), [-117], [])
(2, 523, 200, (2,), [], [])
(2, 524, 200, (2,), [], [117])
(2, 525, 200, (2,), [], [])
(2, 526, 200, (2,), [], [])
(2, 527, 200, (2,), [], [])
(2, 528, 200, (2,), [-65, -189], [])
(2, 529, 200, (2,), [-31], [69])
(2, 530, 200, (2,), [], [189])
(2, 531, 200, (2,), [], [])
(2, 532, 200, (2,), [], [123])
(2, 533, 200, (2,), [-153, -159], [])
(2, 534, 200, (2,), [], [])
(2, 535, 200, (2,), [], [83])
(2, 536, 200, (2,), [-149], [37])
(2, 537, 200, (2,), [-9], [])
(2, 538, 200, (2,), [-53, -71], [87])
(2, 539, 200, (2,), [], [119])
(2, 540, 200, (2,), [], [31, 91, 183])
(2, 541, 200, (2,), [-81, -169], [])
(2, 542, 200, (2,), [], [93, 175])
(2, 543, 200, (2,), [-157], [])
(2, 544, 200, (2,), [], [163])
(2, 545, 200, (2,), [-3], [])
(2, 546, 200, (2,), [-11], [15])
(2, 547, 200, (2,), [], [])
(2, 548, 200, (2,), [], [])
(2, 549, 200, (2,), [], [])
(2, 550, 200, (2,), [-5, -77], [])
(2, 551, 200, (2,), [], [])
(2, 552, 200, (2,), [], [81])
(2, 553, 200, (2,), [], [])
(2, 554, 200, (2,), [], [])
(2, 555, 200, (2,), [], [])
(2, 556, 200, (2,), [], [63])
(2, 557, 200, (2,), [], [])
(2, 558, 200, (2,), [], [33, 39, 99])
(2, 559, 200, (2,), [], [153])
(2, 560, 200, (2,), [], [])
(2, 561, 200, (2,), [-153], [])
(2, 562, 200, (2,), [], [45, 147, 153])
(2, 563, 200, (2,), [-9, -55, -87], [])
(2, 564, 200, (2,), [-95], [115])
(2, 565, 200, (2,), [-45], [])
(2, 566, 200, (2,), [-113], [])
(2, 567, 200, (2,), [], [])
(2, 568, 200, (2,), [], [51])
(2, 569, 200, (2,), [-199], [])
(2, 570, 200, (2,), [], [25])
(2, 571, 200, (2,), [], [71, 183])
(2, 572, 200, (2,), [], [57])
(2, 573, 200, (2,), [-193], [11, 81, 137])
(2, 574, 200, (2,), [-105, -143], [129])
(2, 575, 200, (2,), [], [131])
(2, 576, 200, (2,), [], [])
(2, 577, 200, (2,), [-81], [])
(2, 578, 200, (2,), [], [177])
(2, 579, 200, (2,), [-91], [])
(2, 580, 200, (2,), [-57, -129], [133])
(2, 581, 200, (2,), [], [])
(2, 582, 200, (2,), [], [135])
(2, 583, 200, (2,), [-27, -81], [])
(2, 584, 200, (2,), [-195], [])
(2, 585, 200, (2,), [-81], [])
(2, 586, 200, (2,), [], [73])
(2, 587, 200, (2,), [], [])
(2, 588, 200, (2,), [], [7, 135])
(2, 589, 200, (2,), [-181], [])
(2, 590, 200, (2,), [], [])
(2, 591, 200, (2,), [], [])
(2, 592, 200, (2,), [], [87])
(2, 593, 200, (2,), [], [])
(2, 594, 200, (2,), [-165, -167], [])
(2, 595, 200, (2,), [-81], [])
(2, 596, 200, (2,), [-117], [67])
(2, 597, 200, (2,), [], [159])
(2, 598, 200, (2,), [], [])
(2, 599, 200, (2,), [-91], [])
(2, 600, 200, (2,), [-95, -149], [187])
(2, 601, 200, (2,), [], [51])
(2, 602, 200, (2,), [-75, -111], [])
(2, 603, 200, (2,), [], [129])
(2, 604, 200, (2,), [], [])
(2, 605, 200, (2,), [], [77, 81])
(2, 606, 200, (2,), [-153], [])
(2, 607, 200, (2,), [-1, -57], [])
(2, 608, 200, (2,), [], [])
(2, 609, 200, (2,), [], [])
(2, 610, 200, (2,), [-27, -47], [7])
(2, 611, 200, (2,), [-187], [])
(2, 612, 200, (2,), [], [])
(2, 613, 200, (2,), [], [])
(2, 614, 200, (2,), [], [])
(2, 615, 200, (2,), [], [119])
(2, 616, 200, (2,), [], [175])
(2, 617, 200, (2,), [-199], [])
(2, 618, 200, (2,), [], [])
(2, 619, 200, (2,), [-45, -81], [59])
(2, 620, 200, (2,), [-15], [])
(2, 621, 200, (2,), [], [135])
(2, 622, 200, (2,), [-195], [])
(2, 623, 200, (2,), [], [83])
(2, 624, 200, (2,), [-117], [])
(2, 625, 200, (2,), [-199], [])
(2, 626, 200, (2,), [-131], [])
(2, 627, 200, (2,), [], [143, 165])
(2, 628, 200, (2,), [], [121, 123, 193])
(2, 629, 200, (2,), [], [41])
(2, 630, 200, (2,), [], [])
(2, 631, 200, (2,), [], [])
(2, 632, 200, (2,), [], [])
(2, 633, 200, (2,), [], [])
(2, 634, 200, (2,), [-141], [])
(2, 635, 200, (2,), [-135], [])
(2, 636, 200, (2,), [-87], [])
(2, 637, 200, (2,), [-111], [])
(2, 638, 200, (2,), [], [69])
(2, 639, 200, (2,), [], [])
(2, 640, 200, (2,), [], [115])
(2, 641, 200, (2,), [-73, -115, -153], [])
(2, 642, 200, (2,), [], [])
(2, 643, 200, (2,), [], [59, 195])
(2, 644, 200, (2,), [], [])
(2, 645, 200, (2,), [], [])
(2, 646, 200, (2,), [], [])
(2, 647, 200, (2,), [], [])
(2, 648, 200, (2,), [-195], [81])
(2, 649, 200, (2,), [-123, -175], [])
(2, 650, 200, (2,), [], [])
(2, 651, 200, (2,), [], [89])
(2, 652, 200, (2,), [], [])
(2, 653, 200, (2,), [], [159])
(2, 654, 200, (2,), [], [19, 25])
(2, 655, 200, (2,), [], [])
(2, 656, 200, (2,), [-143, -153], [81])
(2, 657, 200, (2,), [], [])
(2, 658, 200, (2,), [], [69, 153])
(2, 659, 200, (2,), [], [])
(2, 660, 200, (2,), [], [])
(2, 661, 200, (2,), [], [165])
(2, 662, 200, (2,), [], [])
(2, 663, 200, (2,), [-67, -139, -147], [])
(2, 664, 200, (2,), [-17], [])
(2, 665, 200, (2,), [], [])
(2, 666, 200, (2,), [-93], [])
(2, 667, 200, (2,), [], [141])
(2, 668, 200, (2,), [], [])
(2, 669, 200, (2,), [], [])
(2, 670, 200, (2,), [-161, -165, -195], [9])
(2, 671, 200, (2,), [], [])
(2, 672, 200, (2,), [], [])
(2, 673, 200, (2,), [-141], [101, 107])
(2, 674, 200, (2,), [-87], [])
(2, 675, 200, (2,), [], [])
(2, 676, 200, (2,), [], [])
(2, 677, 200, (2,), [], [])
(2, 678, 200, (2,), [-41], [])
(2, 679, 200, (2,), [], [])
(2, 680, 200, (2,), [], [])
(2, 681, 200, (2,), [-159], [])
(2, 682, 200, (2,), [-63], [])
(2, 683, 200, (2,), [-45], [83])
(2, 684, 200, (2,), [-107], [183])
(2, 685, 200, (2,), [], [27, 119])
(2, 686, 200, (2,), [], [])
(2, 687, 200, (2,), [], [])
(2, 688, 200, (2,), [], [165])
(2, 689, 200, (2,), [-3], [])
(2, 690, 200, (2,), [], [85])
(2, 691, 200, (2,), [], [135])
(2, 692, 200, (2,), [-65], [])
(2, 693, 200, (2,), [], [35])
(2, 694, 200, (2,), [-3], [115, 189])
(2, 695, 200, (2,), [-49, -61], [])
(2, 696, 200, (2,), [], [])
(2, 697, 200, (2,), [], [9, 45])
(2, 698, 200, (2,), [], [])
(2, 699, 200, (2,), [-9], [])
(2, 700, 200, (2,), [], [])
(2, 701, 200, (2,), [-159, -169], [])
(2, 702, 200, (2,), [-87], [])
(2, 703, 200, (2,), [], [])
(2, 704, 200, (2,), [], [])
(2, 705, 200, (2,), [], [])
(2, 706, 200, (2,), [-5], [105])
(2, 707, 200, (2,), [-91, -175], [93])
(2, 708, 200, (2,), [-149], [141])
(2, 709, 200, (2,), [], [])
(2, 710, 200, (2,), [], [])
(2, 711, 200, (2,), [], [])
(2, 712, 200, (2,), [], [])
(2, 713, 200, (2,), [], [])
(2, 714, 200, (2,), [-167], [19])
(2, 715, 200, (2,), [-7], [])
(2, 716, 200, (2,), [-153], [])
(2, 717, 200, (2,), [-25], [51])
(2, 718, 200, (2,), [], [])
(2, 719, 200, (2,), [], [113])
(2, 720, 200, (2,), [], [141, 157])
(2, 721, 200, (2,), [-61], [])
(2, 722, 200, (2,), [], [])
(2, 723, 200, (2,), [], [119])
(2, 724, 200, (2,), [], [177])
(2, 725, 200, (2,), [-33], [])
(2, 726, 200, (2,), [], [])
(2, 727, 200, (2,), [], [155])
(2, 728, 200, (2,), [-77], [])
(2, 729, 200, (2,), [-9], [])
(2, 730, 200, (2,), [], [])
(2, 731, 200, (2,), [], [])
(2, 732, 200, (2,), [], [81])
(2, 733, 200, (2,), [], [])
(2, 734, 200, (2,), [], [117])
(2, 735, 200, (2,), [], [])
(2, 736, 200, (2,), [], [])
(2, 737, 200, (2,), [], [])
(2, 738, 200, (2,), [-171], [])
(2, 739, 200, (2,), [], [51])
(2, 740, 200, (2,), [], [])
(2, 741, 200, (2,), [], [81])
(2, 742, 200, (2,), [], [])
(2, 743, 200, (2,), [-37], [])
(2, 744, 200, (2,), [-173], [])
(2, 745, 200, (2,), [], [])
(2, 746, 200, (2,), [], [])
(2, 747, 200, (2,), [], [])
(2, 748, 200, (2,), [-153], [])
(2, 749, 200, (2,), [], [])
(2, 750, 200, (2,), [-161], [145])
(2, 751, 200, (2,), [-165], [])
(2, 752, 200, (2,), [], [])
(2, 753, 200, (2,), [], [])
(2, 754, 200, (2,), [], [])
(2, 755, 200, (2,), [-199], [])
(2, 756, 200, (2,), [-107], [])
(2, 757, 200, (2,), [-141, -199], [105])
(2, 758, 200, (2,), [], [])
(2, 759, 200, (2,), [], [])
(2, 760, 200, (2,), [-173], [])
(2, 761, 200, (2,), [], [])
(2, 762, 200, (2,), [-143], [])
(2, 763, 200, (2,), [], [])
(2, 764, 200, (2,), [], [])
(2, 765, 200, (2,), [], [])
(2, 766, 200, (2,), [], [])
(2, 767, 200, (2,), [], [])
(2, 768, 200, (2,), [], [183])
(2, 769, 200, (2,), [], [17])
(2, 770, 200, (2,), [], [63])
(2, 771, 200, (2,), [-67], [])
(2, 772, 200, (2,), [], [])
(2, 773, 200, (2,), [], [])
(2, 774, 200, (2,), [], [])
(2, 775, 200, (2,), [], [])
(2, 776, 200, (2,), [], [])
(2, 777, 200, (2,), [], [])
(2, 778, 200, (2,), [], [])
(2, 779, 200, (2,), [-87], [])
(2, 780, 200, (2,), [-147], [])
(2, 781, 200, (2,), [], [])
(2, 782, 200, (2,), [], [])
(2, 783, 200, (2,), [], [])
(2, 784, 200, (2,), [], [3])
(2, 785, 200, (2,), [], [75])
(2, 786, 200, (2,), [-137], [])
(2, 787, 200, (2,), [], [39])
(2, 788, 200, (2,), [], [133])
(2, 789, 200, (2,), [], [])
(2, 790, 200, (2,), [], [])
(2, 791, 200, (2,), [], [])
(2, 792, 200, (2,), [], [])
(2, 793, 200, (2,), [-175], [])
(2, 794, 200, (2,), [], [])
(2, 795, 200, (2,), [], [63])
(2, 796, 200, (2,), [], [])
(2, 797, 200, (2,), [], [105])
(2, 798, 200, (2,), [], [7, 75, 169])
(2, 799, 200, (2,), [], [])
(2, 800, 200, (2,), [-105], [25])
(2, 801, 200, (2,), [], [])
(2, 802, 200, (2,), [-47], [])
(2, 803, 200, (2,), [], [])
(2, 804, 200, (2,), [], [])
(2, 805, 200, (2,), [], [])
(2, 806, 200, (2,), [], [117])
(2, 807, 200, (2,), [-189], [149])
(2, 808, 200, (2,), [-17], [15])
(2, 809, 200, (2,), [], [107])
(2, 810, 200, (2,), [-5], [])
(2, 811, 200, (2,), [-87], [65])
(2, 812, 200, (2,), [-195], [])
(2, 813, 200, (2,), [-73, -165], [129])
(2, 814, 200, (2,), [], [])
(2, 815, 200, (2,), [-61], [179])
(2, 816, 200, (2,), [], [127])
(2, 817, 200, (2,), [], [])
(2, 818, 200, (2,), [], [])
(2, 819, 200, (2,), [], [165])
(2, 820, 200, (2,), [], [])
(2, 821, 200, (2,), [-139], [])
(2, 822, 200, (2,), [-195], [169])
(2, 823, 200, (2,), [-97], [])
(2, 824, 200, (2,), [], [])
(2, 825, 200, (2,), [-61], [])
(2, 826, 200, (2,), [], [])
(2, 827, 200, (2,), [-199], [])
(2, 828, 200, (2,), [], [])
(2, 829, 200, (2,), [-123, -165, -181], [197])
(2, 830, 200, (2,), [-153], [63])
(2, 831, 200, (2,), [], [129])
(2, 832, 200, (2,), [-143], [])
(2, 833, 200, (2,), [], [])
(2, 834, 200, (2,), [-87], [37, 187])
(2, 835, 200, (2,), [], [])
(2, 836, 200, (2,), [], [61, 75])
(2, 837, 200, (2,), [], [29])
(2, 838, 200, (2,), [-95], [])
(2, 839, 200, (2,), [], [41])
(2, 840, 200, (2,), [], [133])
(2, 841, 200, (2,), [], [])
(2, 842, 200, (2,), [], [])
(2, 843, 200, (2,), [], [])
(2, 844, 200, (2,), [], [31, 57])
(2, 845, 200, (2,), [], [77, 191])
(2, 846, 200, (2,), [-63], [])
(2, 847, 200, (2,), [], [])
(2, 848, 200, (2,), [-17], [])
(2, 849, 200, (2,), [], [])
(2, 850, 200, (2,), [-3], [])
(2, 851, 200, (2,), [], [33])
(2, 852, 200, (2,), [], [43])
(2, 853, 200, (2,), [], [59])
(2, 854, 200, (2,), [], [])
(2, 855, 200, (2,), [], [])
(2, 856, 200, (2,), [], [147])
(2, 857, 200, (2,), [], [135, 165])
(2, 858, 200, (2,), [], [])
(2, 859, 200, (2,), [], [53])
(2, 860, 200, (2,), [], [])
(2, 861, 200, (2,), [], [131])
(2, 862, 200, (2,), [], [])
(2, 863, 200, (2,), [], [])
(2, 864, 200, (2,), [], [])
(2, 865, 200, (2,), [-103], [])
(2, 866, 200, (2,), [], [])
(2, 867, 200, (2,), [], [])
(2, 868, 200, (2,), [], [])
(2, 869, 200, (2,), [-21], [])
(2, 870, 200, (2,), [], [])
(2, 871, 200, (2,), [], [])
(2, 872, 200, (2,), [-177], [])
(2, 873, 200, (2,), [], [])
(2, 874, 200, (2,), [], [])
(2, 875, 200, (2,), [], [])
(2, 876, 200, (2,), [-117], [])
(2, 877, 200, (2,), [], [])
(2, 878, 200, (2,), [-111], [117])
(2, 879, 200, (2,), [], [])
(2, 880, 200, (2,), [-113], [])
(2, 881, 200, (2,), [], [])
(2, 882, 200, (2,), [], [])
(2, 883, 200, (2,), [-91], [])
(2, 884, 200, (2,), [-189], [175])
(2, 885, 200, (2,), [], [])
(2, 886, 200, (2,), [-45], [9])
(2, 887, 200, (2,), [-69], [])
(2, 888, 200, (2,), [], [])
(2, 889, 200, (2,), [-49, -63, -91], [])
(2, 890, 200, (2,), [-135], [])
(2, 891, 200, (2,), [], [])
(2, 892, 200, (2,), [], [])
(2, 893, 200, (2,), [], [39])
(2, 894, 200, (2,), [], [175])
(2, 895, 200, (2,), [], [])
(2, 896, 200, (2,), [], [])
(2, 897, 200, (2,), [], [])
(2, 898, 200, (2,), [], [153])
(2, 899, 200, (2,), [], [])
(2, 900, 200, (2,), [], [])
(2, 901, 200, (2,), [], [])
(2, 902, 200, (2,), [], [])
(2, 903, 200, (2,), [], [])
(2, 904, 200, (2,), [], [])
(2, 905, 200, (2,), [-75], [135, 147])
(2, 906, 200, (2,), [], [])
(2, 907, 200, (2,), [-49], [])
(2, 908, 200, (2,), [], [])
(2, 909, 200, (2,), [-153, -175], [])
(2, 910, 200, (2,), [], [39])
(2, 911, 200, (2,), [], [21])
(2, 912, 200, (2,), [], [])
(2, 913, 200, (2,), [], [])
(2, 914, 200, (2,), [-185], [])
(2, 915, 200, (2,), [], [])
(2, 916, 200, (2,), [], [])
(2, 917, 200, (2,), [-189], [])
(2, 918, 200, (2,), [], [])
(2, 919, 200, (2,), [], [])
(2, 920, 200, (2,), [-185], [])
(2, 921, 200, (2,), [], [])
(2, 922, 200, (2,), [], [])
(2, 923, 200, (2,), [-31, -91], [105])
(2, 924, 200, (2,), [-143], [165])
(2, 925, 200, (2,), [], [])
(2, 926, 200, (2,), [], [7])
(2, 927, 200, (2,), [], [])
(2, 928, 200, (2,), [], [177])
(2, 929, 200, (2,), [], [149])
(2, 930, 200, (2,), [], [163])
(2, 931, 200, (2,), [-129], [113])
(2, 932, 200, (2,), [], [])
(2, 933, 200, (2,), [-133], [])
(2, 934, 200, (2,), [], [63])
(2, 935, 200, (2,), [], [41])
(2, 936, 200, (2,), [], [])
(2, 937, 200, (2,), [], [])
(2, 938, 200, (2,), [], [57])
(2, 939, 200, (2,), [], [])
(2, 940, 200, (2,), [], [])
(2, 941, 200, (2,), [], [69])
(2, 942, 200, (2,), [], [165, 169])
(2, 943, 200, (2,), [], [])
(2, 944, 200, (2,), [], [])
(2, 945, 200, (2,), [], [])
(2, 946, 200, (2,), [], [])
(2, 947, 200, (2,), [], [])
(2, 948, 200, (2,), [], [])
(2, 949, 200, (2,), [-81], [])
(2, 950, 200, (2,), [-117], [133])
(2, 951, 200, (2,), [], [])
(2, 952, 200, (2,), [-99], [])
(2, 953, 200, (2,), [], [])
(2, 954, 200, (2,), [], [])
(2, 955, 200, (2,), [], [])
(2, 956, 200, (2,), [], [85])
(2, 957, 200, (2,), [], [185])
(2, 958, 200, (2,), [], [])
(2, 959, 200, (2,), [], [])
(2, 960, 200, (2,), [-167], [])
(2, 961, 200, (2,), [-129], [])
(2, 962, 200, (2,), [], [133])
(2, 963, 200, (2,), [-109], [63])
(2, 964, 200, (2,), [], [])
(2, 965, 200, (2,), [], [])
(2, 966, 200, (2,), [], [])
(2, 967, 200, (2,), [-69], [95])
(2, 968, 200, (2,), [], [])
(2, 969, 200, (2,), [], [])
(2, 970, 200, (2,), [], [])
(2, 971, 200, (2,), [], [])
(2, 972, 200, (2,), [-185], [])
(2, 973, 200, (2,), [], [125])
(2, 974, 200, (2,), [], [43, 117])
(2, 975, 200, (2,), [-115], [])
(2, 976, 200, (2,), [], [115])
(2, 977, 200, (2,), [-169], [])
(2, 978, 200, (2,), [], [37])
(2, 979, 200, (2,), [], [69, 105])
(2, 980, 200, (2,), [], [])
(2, 981, 200, (2,), [], [])
(2, 982, 200, (2,), [], [87])
(2, 983, 200, (2,), [], [])
(2, 984, 200, (2,), [], [])
(2, 985, 200, (2,), [], [77])
(2, 986, 200, (2,), [-77, -183], [])
(2, 987, 200, (2,), [], [])
(2, 988, 200, (2,), [], [])
(2, 989, 200, (2,), [], [])
(2, 990, 200, (2,), [-195], [])
(2, 991, 200, (2,), [], [])
(2, 992, 200, (2,), [], [])
(2, 993, 200, (2,), [-45], [])
(2, 994, 200, (2,), [], [169])
(2, 995, 200, (2,), [], [])
(2, 996, 200, (2,), [-123], [])
(2, 997, 200, (2,), [-103], [21])
(2, 998, 200, (2,), [], [])
(2, 999, 200, (2,), [-139], [])
(2, 1000, 200, (2,), [], [])
(2, 1001, 200, (2,), [], [27, 81])
(2, 1002, 200, (2,), [], [])
(2, 1003, 200, (2,), [], [])
(2, 1004, 200, (2,), [], [])
(2, 1005, 200, (2,), [], [])
(2, 1006, 200, (2,), [], [])
(2, 1007, 200, (2,), [-61], [])
(2, 1008, 200, (2,), [-33], [])
(2, 1009, 200, (2,), [], [])
(2, 1010, 200, (2,), [], [])
(2, 1011, 200, (2,), [], [])
(2, 1012, 200, (2,), [-87], [])
(2, 1013, 200, (2,), [], [149])
(2, 1014, 200, (2,), [], [])
(2, 1015, 200, (2,), [], [])
(2, 1016, 200, (2,), [], [])
(2, 1017, 200, (2,), [], [])
(2, 1018, 200, (2,), [-57, -155], [])
(2, 1019, 200, (2,), [-135], [])
(2, 1020, 200, (2,), [], [])
(2, 1021, 200, (2,), [], [])
(2, 1022, 200, (2,), [], [])
(2, 1023, 200, (2,), [], [])
(2, 1024, 200, (2,), [-105, -179], [])
(2, 1025, 200, (2,), [], [])
(2, 1026, 200, (2,), [], [])
(2, 1027, 200, (2,), [], [])
(2, 1028, 200, (2,), [], [187])
(2, 1029, 200, (2,), [], [])
(2, 1030, 200, (2,), [-27, -161], [])
(2, 1031, 200, (2,), [-171], [23, 159])
(2, 1032, 200, (2,), [], [])
(2, 1033, 200, (2,), [], [])
(2, 1034, 200, (2,), [], [79])
(2, 1035, 200, (2,), [], [])
(2, 1036, 200, (2,), [], [])
(2, 1037, 200, (2,), [], [39])
(2, 1038, 200, (2,), [], [])
(2, 1039, 200, (2,), [-75], [23])
(2, 1040, 200, (2,), [], [])
(2, 1041, 200, (2,), [], [])
(2, 1042, 200, (2,), [], [])
(2, 1043, 200, (2,), [], [])
(2, 1044, 200, (2,), [], [])
(2, 1045, 200, (2,), [], [])
(2, 1046, 200, (2,), [-101], [])
(2, 1047, 200, (2,), [], [])
(2, 1048, 200, (2,), [], [])
(2, 1049, 200, (2,), [], [47])
(2, 1050, 200, (2,), [], [])
(2, 1051, 200, (2,), [-175], [])
(2, 1052, 200, (2,), [], [])
(2, 1053, 200, (2,), [], [])
(2, 1054, 200, (2,), [-33], [])
(2, 1055, 200, (2,), [], [51])
(2, 1056, 200, (2,), [], [])
(2, 1057, 200, (2,), [], [])
(2, 1058, 200, (2,), [-125], [])
(2, 1059, 200, (2,), [], [119])
(2, 1060, 200, (2,), [], [])
(2, 1061, 200, (2,), [], [])
(2, 1062, 200, (2,), [-177], [])
(2, 1063, 200, (2,), [], [])
(2, 1064, 200, (2,), [], [])
(2, 1065, 200, (2,), [-51, -171], [149])
(2, 1066, 200, (2,), [-113], [27])
(2, 1067, 200, (2,), [], [])
(2, 1068, 200, (2,), [], [])
(2, 1069, 200, (2,), [-195], [])
(2, 1070, 200, (2,), [], [163])
(2, 1071, 200, (2,), [], [])
(2, 1072, 200, (2,), [], [])
(2, 1073, 200, (2,), [-111], [])
(2, 1074, 200, (2,), [], [])
(2, 1075, 200, (2,), [], [])
(2, 1076, 200, (2,), [], [])
(2, 1077, 200, (2,), [-33], [])
(2, 1078, 200, (2,), [], [])
(2, 1079, 200, (2,), [-75], [])
(2, 1080, 200, (2,), [], [])
(2, 1081, 200, (2,), [], [])
(2, 1082, 200, (2,), [], [])
(2, 1083, 200, (2,), [], [])
(2, 1084, 200, (2,), [], [67])
(2, 1085, 200, (2,), [], [])
(2, 1086, 200, (2,), [], [])
(2, 1087, 200, (2,), [], [35, 165])
(2, 1088, 200, (2,), [-89], [])
(2, 1089, 200, (2,), [], [])
(2, 1090, 200, (2,), [-53, -105], [])
(2, 1091, 200, (2,), [], [])
(2, 1092, 200, (2,), [], [93])
(2, 1093, 200, (2,), [], [])
(2, 1094, 200, (2,), [], [])
(2, 1095, 200, (2,), [-45], [])
(2, 1096, 200, (2,), [], [])
(2, 1097, 200, (2,), [], [119])
(2, 1098, 200, (2,), [], [39])
(2, 1099, 200, (2,), [], [])
(2, 1100, 200, (2,), [-75], [])
(2, 1101, 200, (2,), [], [])
(2, 1102, 200, (2,), [-173], [147])
(2, 1103, 200, (2,), [-55], [])
(2, 1104, 200, (2,), [], [])
(2, 1105, 200, (2,), [], [])
(2, 1106, 200, (2,), [], [])
(2, 1107, 200, (2,), [-199], [])
(2, 1108, 200, (2,), [], [])
(2, 1109, 200, (2,), [], [])
(2, 1110, 200, (2,), [], [3])
(2, 1111, 200, (2,), [], [])
(2, 1112, 200, (2,), [-129], [])
(2, 1113, 200, (2,), [], [149])
(2, 1114, 200, (2,), [], [])
(2, 1115, 200, (2,), [], [])
(2, 1116, 200, (2,), [-93], [])
(2, 1117, 200, (2,), [], [161])
(2, 1118, 200, (2,), [], [])
(2, 1119, 200, (2,), [], [53, 105])
(2, 1120, 200, (2,), [], [73])
(2, 1121, 200, (2,), [], [])
(2, 1122, 200, (2,), [], [])
(2, 1123, 200, (2,), [], [])
(2, 1124, 200, (2,), [], [])
(2, 1125, 200, (2,), [-195], [])
(2, 1126, 200, (2,), [], [])
(2, 1127, 200, (2,), [], [])
(2, 1128, 200, (2,), [], [145])
(2, 1129, 200, (2,), [], [])
(2, 1130, 200, (2,), [], [])
(2, 1131, 200, (2,), [], [])
(2, 1132, 200, (2,), [-39], [13])
(2, 1133, 200, (2,), [], [])
(2, 1134, 200, (2,), [-83], [])
(2, 1135, 200, (2,), [], [])
(2, 1136, 200, (2,), [-5, -177], [])
(2, 1137, 200, (2,), [], [])
(2, 1138, 200, (2,), [-185], [])
(2, 1139, 200, (2,), [], [])
(2, 1140, 200, (2,), [-185], [])
(2, 1141, 200, (2,), [], [])
(2, 1142, 200, (2,), [], [97])
(2, 1143, 200, (2,), [], [])
(2, 1144, 200, (2,), [], [])
(2, 1145, 200, (2,), [], [35])
(2, 1146, 200, (2,), [-131], [])
(2, 1147, 200, (2,), [], [])
(2, 1148, 200, (2,), [], [])
(2, 1149, 200, (2,), [], [95])
(2, 1150, 200, (2,), [], [85])
(2, 1151, 200, (2,), [-139], [])
(2, 1152, 200, (2,), [], [])
(2, 1153, 200, (2,), [], [125])
(2, 1154, 200, (2,), [], [])
(2, 1155, 200, (2,), [], [95])
(2, 1156, 200, (2,), [], [])
(2, 1157, 200, (2,), [], [])
(2, 1158, 200, (2,), [], [])
(2, 1159, 200, (2,), [-129], [35])
(2, 1160, 200, (2,), [], [63])
(2, 1161, 200, (2,), [], [])
(2, 1162, 200, (2,), [], [])
(2, 1163, 200, (2,), [-117, -145, -175], [])
(2, 1164, 200, (2,), [], [])
(2, 1165, 200, (2,), [], [])
(2, 1166, 200, (2,), [], [])
(2, 1167, 200, (2,), [], [])
(2, 1168, 200, (2,), [], [])
(2, 1169, 200, (2,), [], [])
(2, 1170, 200, (2,), [], [])
(2, 1171, 200, (2,), [-49], [])
(2, 1172, 200, (2,), [-63], [])
(2, 1173, 200, (2,), [], [])
(2, 1174, 200, (2,), [-195], [])
(2, 1175, 200, (2,), [], [])
(2, 1176, 200, (2,), [], [157])
(2, 1177, 200, (2,), [], [])
(2, 1178, 200, (2,), [], [93, 163, 189])
(2, 1179, 200, (2,), [], [173])
(2, 1180, 200, (2,), [-113], [183])
(2, 1181, 200, (2,), [-55], [])
(2, 1182, 200, (2,), [], [67])
(2, 1183, 200, (2,), [-69], [])
(2, 1184, 200, (2,), [-107], [55])
(2, 1185, 200, (2,), [], [])
(2, 1186, 200, (2,), [], [])
(2, 1187, 200, (2,), [], [])
(2, 1188, 200, (2,), [], [])
(2, 1189, 200, (2,), [-133], [45])
(2, 1190, 200, (2,), [], [7])
(2, 1191, 200, (2,), [-181], [])
(2, 1192, 200, (2,), [], [31])
(2, 1193, 200, (2,), [], [])
(2, 1194, 200, (2,), [], [])
(2, 1195, 200, (2,), [], [])
(2, 1196, 200, (2,), [], [])
(2, 1197, 200, (2,), [-111], [])
(2, 1198, 200, (2,), [], [7])
(2, 1199, 200, (2,), [], [])
(2, 1200, 200, (2,), [], [])
(2, 1201, 200, (2,), [-151], [])
(2, 1202, 200, (2,), [], [])
(2, 1203, 200, (2,), [], [])
(2, 1204, 200, (2,), [-35], [])
(2, 1205, 200, (2,), [-85], [])
(2, 1206, 200, (2,), [], [])
(2, 1207, 200, (2,), [], [95])
(2, 1208, 200, (2,), [], [])
(2, 1209, 200, (2,), [-63], [105])
(2, 1210, 200, (2,), [], [])
(2, 1211, 200, (2,), [], [])
(2, 1212, 200, (2,), [], [])
(2, 1213, 200, (2,), [], [])
(2, 1214, 200, (2,), [-65], [133])
(2, 1215, 200, (2,), [], [])
(2, 1216, 200, (2,), [], [])
(2, 1217, 200, (2,), [], [])
(2, 1218, 200, (2,), [], [])
(2, 1219, 200, (2,), [], [])
(2, 1220, 200, (2,), [], [])
(2, 1221, 200, (2,), [], [])
(2, 1222, 200, (2,), [], [])
(2, 1223, 200, (2,), [], [])
(2, 1224, 200, (2,), [], [])
(2, 1225, 200, (2,), [], [])
(2, 1226, 200, (2,), [], [75])
(2, 1227, 200, (2,), [], [39])
(2, 1228, 200, (2,), [-5], [])
(2, 1229, 200, (2,), [-181], [])
(2, 1230, 200, (2,), [-123], [])
(2, 1231, 200, (2,), [], [])
(2, 1232, 200, (2,), [], [141])
(2, 1233, 200, (2,), [], [])
(2, 1234, 200, (2,), [], [])
(2, 1235, 200, (2,), [], [141])
(2, 1236, 200, (2,), [-165], [])
(2, 1237, 200, (2,), [-129], [41])
(2, 1238, 200, (2,), [-65], [])
(2, 1239, 200, (2,), [-55], [])
(2, 1240, 200, (2,), [], [])
(2, 1241, 200, (2,), [-73], [])
(2, 1242, 200, (2,), [], [])
(2, 1243, 200, (2,), [], [])
(2, 1244, 200, (2,), [], [])
(2, 1245, 200, (2,), [], [])
(2, 1246, 200, (2,), [-165], [139])
(2, 1247, 200, (2,), [], [])
(2, 1248, 200, (2,), [], [])
(2, 1249, 200, (2,), [], [])
(2, 1250, 200, (2,), [], [])
(2, 1251, 200, (2,), [], [])
(2, 1252, 200, (2,), [], [])
(2, 1253, 200, (2,), [], [])
(2, 1254, 200, (2,), [], [73])
(2, 1255, 200, (2,), [-67], [])
(2, 1256, 200, (2,), [], [])
(2, 1257, 200, (2,), [], [])
(2, 1258, 200, (2,), [], [])
(2, 1259, 200, (2,), [], [])
(2, 1260, 200, (2,), [-35], [])
(2, 1261, 200, (2,), [], [])
(2, 1262, 200, (2,), [], [])
(2, 1263, 200, (2,), [-31], [51])
(2, 1264, 200, (2,), [], [])
(2, 1265, 200, (2,), [], [])
(2, 1266, 200, (2,), [], [93])
(2, 1267, 200, (2,), [-181], [])
(2, 1268, 200, (2,), [], [])
(2, 1269, 200, (2,), [], [57])
(2, 1270, 200, (2,), [], [])
(2, 1271, 200, (2,), [], [])
(2, 1272, 200, (2,), [], [])
(2, 1273, 200, (2,), [], [])
(2, 1274, 200, (2,), [], [153])
(2, 1275, 200, (2,), [], [71, 81])
(2, 1276, 200, (2,), [-117], [])
(2, 1277, 200, (2,), [], [])
(2, 1278, 200, (2,), [-45], [])
(2, 1279, 200, (2,), [-1, -157], [])
(2, 1280, 200, (2,), [], [])
(2, 1281, 200, (2,), [], [])
(2, 1282, 200, (2,), [], [])
(2, 1283, 200, (2,), [], [])
(2, 1284, 200, (2,), [], [81, 187])
(2, 1285, 200, (2,), [], [])
(2, 1286, 200, (2,), [], [])
(2, 1287, 200, (2,), [], [])
(2, 1288, 200, (2,), [], [])
(2, 1289, 200, (2,), [], [])
(2, 1290, 200, (2,), [], [])
(2, 1291, 200, (2,), [], [])
(2, 1292, 200, (2,), [], [])
(2, 1293, 200, (2,), [], [])
(2, 1294, 200, (2,), [], [])
(2, 1295, 200, (2,), [], [])
(2, 1296, 200, (2,), [], [])
(2, 1297, 200, (2,), [], [])
(2, 1298, 200, (2,), [], [])
(2, 1299, 200, (2,), [], [81])
(2, 1300, 200, (2,), [-75], [135])
(2, 1301, 200, (2,), [], [11])
(2, 1302, 200, (2,), [], [])
(2, 1303, 200, (2,), [], [])
(2, 1304, 200, (2,), [], [])
(2, 1305, 200, (2,), [], [])
(2, 1306, 200, (2,), [], [99])
(2, 1307, 200, (2,), [], [165])
(2, 1308, 200, (2,), [], [])
(2, 1309, 200, (2,), [], [81, 119])
(2, 1310, 200, (2,), [], [])
(2, 1311, 200, (2,), [], [])
(2, 1312, 200, (2,), [], [])
(2, 1313, 200, (2,), [], [])
(2, 1314, 200, (2,), [], [])
(2, 1315, 200, (2,), [], [])
(2, 1316, 200, (2,), [], [])
(2, 1317, 200, (2,), [], [])
(2, 1318, 200, (2,), [], [])
(2, 1319, 200, (2,), [], [183])
(2, 1320, 200, (2,), [], [57])
(2, 1321, 200, (2,), [], [])
(2, 1322, 200, (2,), [-141], [])
(2, 1323, 200, (2,), [], [])
(2, 1324, 200, (2,), [], [])
(2, 1325, 200, (2,), [], [])
(2, 1326, 200, (2,), [-173], [])
(2, 1327, 200, (2,), [], [])
(2, 1328, 200, (2,), [], [])
(2, 1329, 200, (2,), [], [51])
(2, 1330, 200, (2,), [], [])
(2, 1331, 200, (2,), [], [])
(2, 1332, 200, (2,), [], [81])
(2, 1333, 200, (2,), [], [])
(2, 1334, 200, (2,), [], [])
(2, 1335, 200, (2,), [], [])
(2, 1336, 200, (2,), [], [])
(2, 1337, 200, (2,), [], [])
(2, 1338, 200, (2,), [], [])
(2, 1339, 200, (2,), [], [155])
(2, 1340, 200, (2,), [], [85])
(2, 1341, 200, (2,), [], [])
(2, 1342, 200, (2,), [], [9])
(2, 1343, 200, (2,), [], [])
(2, 1344, 200, (2,), [], [])
(2, 1345, 200, (2,), [-81], [])
(2, 1346, 200, (2,), [], [])
(2, 1347, 200, (2,), [], [])
(2, 1348, 200, (2,), [], [])
(2, 1349, 200, (2,), [], [39])
(2, 1350, 200, (2,), [], [])
(2, 1351, 200, (2,), [], [])
(2, 1352, 200, (2,), [], [141])
(2, 1353, 200, (2,), [], [57])
(2, 1354, 200, (2,), [-141], [])
(2, 1355, 200, (2,), [], [])
(2, 1356, 200, (2,), [-87], [67])
(2, 1357, 200, (2,), [], [])
(2, 1358, 200, (2,), [], [])
(2, 1359, 200, (2,), [], [])
(2, 1360, 200, (2,), [], [121])
(2, 1361, 200, (2,), [-99], [])
(2, 1362, 200, (2,), [], [])
(2, 1363, 200, (2,), [], [143, 161])
(2, 1364, 200, (2,), [], [])
(2, 1365, 200, (2,), [], [])
(2, 1366, 200, (2,), [], [])
(2, 1367, 200, (2,), [], [51])
(2, 1368, 200, (2,), [], [])
(2, 1369, 200, (2,), [], [])
(2, 1370, 200, (2,), [-117], [19])
(2, 1371, 200, (2,), [], [])
(2, 1372, 200, (2,), [], [])
(2, 1373, 200, (2,), [], [])
(2, 1374, 200, (2,), [], [87])
(2, 1375, 200, (2,), [], [])
(2, 1376, 200, (2,), [], [133])
(2, 1377, 200, (2,), [], [])
(2, 1378, 200, (2,), [], [])
(2, 1379, 200, (2,), [], [])
(2, 1380, 200, (2,), [], [])
(2, 1381, 200, (2,), [], [])
(2, 1382, 200, (2,), [], [])
(2, 1383, 200, (2,), [], [])
(2, 1384, 200, (2,), [], [133])
(2, 1385, 200, (2,), [], [65])
(2, 1386, 200, (2,), [], [])
(2, 1387, 200, (2,), [], [])
(2, 1388, 200, (2,), [], [])
(2, 1389, 200, (2,), [], [])
(2, 1390, 200, (2,), [], [])
(2, 1391, 200, (2,), [], [])
(2, 1392, 200, (2,), [-33], [])
(2, 1393, 200, (2,), [], [])
(2, 1394, 200, (2,), [], [])
(2, 1395, 200, (2,), [], [])
(2, 1396, 200, (2,), [], [])
(2, 1397, 200, (2,), [], [])
(2, 1398, 200, (2,), [], [])
(2, 1399, 200, (2,), [], [])
(2, 1400, 200, (2,), [], [])
(2, 1401, 200, (2,), [], [])
(2, 1402, 200, (2,), [], [87])
(2, 1403, 200, (2,), [-61], [])
(2, 1404, 200, (2,), [], [])
(2, 1405, 200, (2,), [], [59])
(2, 1406, 200, (2,), [], [])
(2, 1407, 200, (2,), [], [])
(2, 1408, 200, (2,), [], [])
(2, 1409, 200, (2,), [-55], [])
(2, 1410, 200, (2,), [-41, -167], [73])
(2, 1411, 200, (2,), [], [155])
(2, 1412, 200, (2,), [], [])
(2, 1413, 200, (2,), [], [])
(2, 1414, 200, (2,), [], [])
(2, 1415, 200, (2,), [], [])
(2, 1416, 200, (2,), [-117], [])
(2, 1417, 200, (2,), [], [])
(2, 1418, 200, (2,), [], [])
(2, 1419, 200, (2,), [], [])
(2, 1420, 200, (2,), [], [])
(2, 1421, 200, (2,), [], [])
(2, 1422, 200, (2,), [], [])
(2, 1423, 200, (2,), [], [])
(2, 1424, 200, (2,), [], [85, 93, 151])
(2, 1425, 200, (2,), [], [])
(2, 1426, 200, (2,), [], [])
(2, 1427, 200, (2,), [], [])
(2, 1428, 200, (2,), [], [])
(2, 1429, 200, (2,), [], [])
(2, 1430, 200, (2,), [], [])
(2, 1431, 200, (2,), [], [])
(2, 1432, 200, (2,), [], [])
(2, 1433, 200, (2,), [], [])
(2, 1434, 200, (2,), [-23], [])
(2, 1435, 200, (2,), [], [])
(2, 1436, 200, (2,), [-173], [])
(2, 1437, 200, (2,), [], [])
(2, 1438, 200, (2,), [], [])
(2, 1439, 200, (2,), [], [])
(2, 1440, 200, (2,), [], [])
(2, 1441, 200, (2,), [], [])
(2, 1442, 200, (2,), [], [135])
(2, 1443, 200, (2,), [-121], [])
(2, 1444, 200, (2,), [], [183])
(2, 1445, 200, (2,), [], [])
(2, 1446, 200, (2,), [-177], [])
(2, 1447, 200, (2,), [], [])
(2, 1448, 200, (2,), [-65], [])
(2, 1449, 200, (2,), [], [])
(2, 1450, 200, (2,), [], [])
(2, 1451, 200, (2,), [], [])
(2, 1452, 200, (2,), [], [])
(2, 1453, 200, (2,), [], [185])
(2, 1454, 200, (2,), [], [])
(2, 1455, 200, (2,), [], [])
(2, 1456, 200, (2,), [], [])
(2, 1457, 200, (2,), [], [])
(2, 1458, 200, (2,), [], [])
(2, 1459, 200, (2,), [], [])
(2, 1460, 200, (2,), [-153], [])
(2, 1461, 200, (2,), [], [])
(2, 1462, 200, (2,), [], [])
(2, 1463, 200, (2,), [], [])
(2, 1464, 200, (2,), [], [])
(2, 1465, 200, (2,), [], [])
(2, 1466, 200, (2,), [], [])
(2, 1467, 200, (2,), [-55], [71])
(2, 1468, 200, (2,), [], [])
(2, 1469, 200, (2,), [], [])
(2, 1470, 200, (2,), [], [75])
(2, 1471, 200, (2,), [], [])
(2, 1472, 200, (2,), [], [])
(2, 1473, 200, (2,), [], [])
(2, 1474, 200, (2,), [], [])
(2, 1475, 200, (2,), [], [])
(2, 1476, 200, (2,), [], [])
(2, 1477, 200, (2,), [], [])
(2, 1478, 200, (2,), [], [])
(2, 1479, 200, (2,), [-195], [])
(2, 1480, 200, (2,), [], [105])
(2, 1481, 200, (2,), [], [])
(2, 1482, 200, (2,), [-75], [33])
(2, 1483, 200, (2,), [], [185])
(2, 1484, 200, (2,), [], [])
(2, 1485, 200, (2,), [], [])
(2, 1486, 200, (2,), [-35], [])
(2, 1487, 200, (2,), [], [183])
(2, 1488, 200, (2,), [-189], [])
(2, 1489, 200, (2,), [], [])
(2, 1490, 200, (2,), [], [])
(2, 1491, 200, (2,), [], [])
(2, 1492, 200, (2,), [-95], [])
(2, 1493, 200, (2,), [], [])
(2, 1494, 200, (2,), [], [])
(2, 1495, 200, (2,), [], [])
(2, 1496, 200, (2,), [], [27])
(2, 1497, 200, (2,), [], [])
(2, 1498, 200, (2,), [], [])
(2, 1499, 200, (2,), [], [33])
(2, 1500, 200, (2,), [], [])
(2, 1501, 200, (2,), [], [51])
(2, 1502, 200, (2,), [], [])
(2, 1503, 200, (2,), [], [])
(2, 1504, 200, (2,), [], [])
(2, 1505, 200, (2,), [-33, -99], [])
(2, 1506, 200, (2,), [], [135])
(2, 1507, 200, (2,), [], [71])
(2, 1508, 200, (2,), [], [])
(2, 1509, 200, (2,), [], [])
(2, 1510, 200, (2,), [], [])
(2, 1511, 200, (2,), [], [])
(2, 1512, 200, (2,), [], [163])
(2, 1513, 200, (2,), [], [])
(2, 1514, 200, (2,), [], [])
(2, 1515, 200, (2,), [], [59])
(2, 1516, 200, (2,), [], [])
(2, 1517, 200, (2,), [-135], [])
(2, 1518, 200, (2,), [], [])
(2, 1519, 200, (2,), [], [])
(2, 1520, 200, (2,), [], [187])
(2, 1521, 200, (2,), [-171], [])
(2, 1522, 200, (2,), [], [])
(2, 1523, 200, (2,), [-45], [])
(2, 1524, 200, (2,), [], [])
(2, 1525, 200, (2,), [], [])
(2, 1526, 200, (2,), [-51], [])
(2, 1527, 200, (2,), [-49], [])
(2, 1528, 200, (2,), [-155], [])
(2, 1529, 200, (2,), [], [])
(2, 1530, 200, (2,), [], [])
(2, 1531, 200, (2,), [], [])
(2, 1532, 200, (2,), [], [])
(2, 1533, 200, (2,), [-73], [])
(2, 1534, 200, (2,), [], [])
(2, 1535, 200, (2,), [], [])
(2, 1536, 200, (2,), [], [75])
(2, 1537, 200, (2,), [-175], [])
(2, 1538, 200, (2,), [], [])
(2, 1539, 200, (2,), [], [])
(2, 1540, 200, (2,), [], [37])
(2, 1541, 200, (2,), [-195], [])
(2, 1542, 200, (2,), [], [])
(2, 1543, 200, (2,), [], [])
(2, 1544, 200, (2,), [], [])
(2, 1545, 200, (2,), [], [])
(2, 1546, 200, (2,), [], [])
(2, 1547, 200, (2,), [], [])
(2, 1548, 200, (2,), [], [])
(2, 1549, 200, (2,), [], [])
(2, 1550, 200, (2,), [], [])
(2, 1551, 200, (2,), [], [])
(2, 1552, 200, (2,), [], [])
(2, 1553, 200, (2,), [], [39])
(2, 1554, 200, (2,), [], [123])
(2, 1555, 200, (2,), [], [11])
(2, 1556, 200, (2,), [], [93])
(2, 1557, 200, (2,), [], [])
(2, 1558, 200, (2,), [], [])
(2, 1559, 200, (2,), [], [])
(2, 1560, 200, (2,), [], [])
(2, 1561, 200, (2,), [], [])
(2, 1562, 200, (2,), [], [])
(2, 1563, 200, (2,), [], [15])
(2, 1564, 200, (2,), [], [])
(2, 1565, 200, (2,), [-135], [149])
(2, 1566, 200, (2,), [], [])
(2, 1567, 200, (2,), [], [])
(2, 1568, 200, (2,), [], [141])
(2, 1569, 200, (2,), [], [])
(2, 1570, 200, (2,), [], [69])
(2, 1571, 200, (2,), [], [])
(2, 1572, 200, (2,), [], [])
(2, 1573, 200, (2,), [-45], [])
(2, 1574, 200, (2,), [], [])
(2, 1575, 200, (2,), [], [])
(2, 1576, 200, (2,), [-125], [])
(2, 1577, 200, (2,), [], [])
(2, 1578, 200, (2,), [], [])
(2, 1579, 200, (2,), [-57], [])
(2, 1580, 200, (2,), [-129], [])
(2, 1581, 200, (2,), [], [])
(2, 1582, 200, (2,), [], [39])
(2, 1583, 200, (2,), [], [])
(2, 1584, 200, (2,), [], [])
(2, 1585, 200, (2,), [], [])
(2, 1586, 200, (2,), [-107], [])
(2, 1587, 200, (2,), [], [])
(2, 1588, 200, (2,), [], [])
(2, 1589, 200, (2,), [-21], [])
(2, 1590, 200, (2,), [], [])
(2, 1591, 200, (2,), [], [])
(2, 1592, 200, (2,), [-23], [])
(2, 1593, 200, (2,), [], [])
(2, 1594, 200, (2,), [], [])
(2, 1595, 200, (2,), [], [])
(2, 1596, 200, (2,), [], [])
(2, 1597, 200, (2,), [], [])
(2, 1598, 200, (2,), [], [])
(2, 1599, 200, (2,), [], [])
(2, 1600, 200, (2,), [], [])
(2, 1601, 200, (2,), [], [])
(2, 1602, 200, (2,), [], [])
(2, 1603, 200, (2,), [], [])
(2, 1604, 200, (2,), [], [51, 181])
(2, 1605, 200, (2,), [], [])
(2, 1606, 200, (2,), [], [135])
(2, 1607, 200, (2,), [], [])
(2, 1608, 200, (2,), [-107], [])
(2, 1609, 200, (2,), [], [])
(2, 1610, 200, (2,), [], [])
(2, 1611, 200, (2,), [], [81])
(2, 1612, 200, (2,), [], [])
(2, 1613, 200, (2,), [], [])
(2, 1614, 200, (2,), [], [])
(2, 1615, 200, (2,), [], [125])
(2, 1616, 200, (2,), [], [21])
(2, 1617, 200, (2,), [], [])
(2, 1618, 200, (2,), [], [])
(2, 1619, 200, (2,), [], [105])
(2, 1620, 200, (2,), [], [])
(2, 1621, 200, (2,), [-109], [])
(2, 1622, 200, (2,), [], [])
(2, 1623, 200, (2,), [], [])
(2, 1624, 200, (2,), [], [])
(2, 1625, 200, (2,), [], [])
(2, 1626, 200, (2,), [], [])
(2, 1627, 200, (2,), [], [])
(2, 1628, 200, (2,), [], [])
(2, 1629, 200, (2,), [-63], [])
(2, 1630, 200, (2,), [], [])
(2, 1631, 200, (2,), [], [21])
(2, 1632, 200, (2,), [], [])
(2, 1633, 200, (2,), [-91], [27])
(2, 1634, 200, (2,), [], [])
(2, 1635, 200, (2,), [], [])
(2, 1636, 200, (2,), [], [25])
(2, 1637, 200, (2,), [], [])
(2, 1638, 200, (2,), [-65], [])
(2, 1639, 200, (2,), [], [81])
(2, 1640, 200, (2,), [], [105])
(2, 1641, 200, (2,), [], [])
(2, 1642, 200, (2,), [], [])
(2, 1643, 200, (2,), [], [])
(2, 1644, 200, (2,), [], [])
(2, 1645, 200, (2,), [], [])
(2, 1646, 200, (2,), [-15], [])
(2, 1647, 200, (2,), [], [21])
(2, 1648, 200, (2,), [], [])
(2, 1649, 200, (2,), [-163, -195], [])
(2, 1650, 200, (2,), [], [])
(2, 1651, 200, (2,), [], [])
(2, 1652, 200, (2,), [], [])
(2, 1653, 200, (2,), [], [])
(2, 1654, 200, (2,), [], [])
(2, 1655, 200, (2,), [], [])
(2, 1656, 200, (2,), [], [])
(2, 1657, 200, (2,), [], [197])
(2, 1658, 200, (2,), [], [])
(2, 1659, 200, (2,), [], [])
(2, 1660, 200, (2,), [], [])
(2, 1661, 200, (2,), [], [11])
(2, 1662, 200, (2,), [], [19])
(2, 1663, 200, (2,), [], [])
(2, 1664, 200, (2,), [], [117])
(2, 1665, 200, (2,), [], [])
(2, 1666, 200, (2,), [], [199])
(2, 1667, 200, (2,), [], [])
(2, 1668, 200, (2,), [-23], [])
(2, 1669, 200, (2,), [-153], [39])
(2, 1670, 200, (2,), [], [])
(2, 1671, 200, (2,), [], [])
(2, 1672, 200, (2,), [], [])
(2, 1673, 200, (2,), [], [])
(2, 1674, 200, (2,), [], [])
(2, 1675, 200, (2,), [], [])
(2, 1676, 200, (2,), [], [])
(2, 1677, 200, (2,), [-181], [161])
(2, 1678, 200, (2,), [], [])
(2, 1679, 200, (2,), [], [191])
(2, 1680, 200, (2,), [], [])
(2, 1681, 200, (2,), [], [])
(2, 1682, 200, (2,), [-177], [])
(2, 1683, 200, (2,), [-165], [51])
(2, 1684, 200, (2,), [], [])
(2, 1685, 200, (2,), [], [])
(2, 1686, 200, (2,), [-171], [])
(2, 1687, 200, (2,), [], [])
(2, 1688, 200, (2,), [], [])
(2, 1689, 200, (2,), [], [])
(2, 1690, 200, (2,), [-161], [])
(2, 1691, 200, (2,), [], [])
(2, 1692, 200, (2,), [], [])
(2, 1693, 200, (2,), [], [])
(2, 1694, 200, (2,), [], [])
(2, 1695, 200, (2,), [], [])
(2, 1696, 200, (2,), [], [])
(2, 1697, 200, (2,), [], [])
(2, 1698, 200, (2,), [-33], [])
(2, 1699, 200, (2,), [], [])
(2, 1700, 200, (2,), [], [])
(2, 1701, 200, (2,), [], [])
(2, 1702, 200, (2,), [], [])
(2, 1703, 200, (2,), [], [])
(2, 1704, 200, (2,), [], [3])
(2, 1705, 200, (2,), [], [])
(2, 1706, 200, (2,), [], [])
(2, 1707, 200, (2,), [], [149])
(2, 1708, 200, (2,), [], [183])
(2, 1709, 200, (2,), [], [])
(2, 1710, 200, (2,), [], [])
(2, 1711, 200, (2,), [], [])
(2, 1712, 200, (2,), [], [])
(2, 1713, 200, (2,), [-21], [])
(2, 1714, 200, (2,), [], [])
(2, 1715, 200, (2,), [], [])
(2, 1716, 200, (2,), [], [])
(2, 1717, 200, (2,), [], [9])
(2, 1718, 200, (2,), [], [])
(2, 1719, 200, (2,), [], [])
(2, 1720, 200, (2,), [], [57])
(2, 1721, 200, (2,), [], [])
(2, 1722, 200, (2,), [], [19])
(2, 1723, 200, (2,), [], [])
(2, 1724, 200, (2,), [], [])
(2, 1725, 200, (2,), [-61], [])
(2, 1726, 200, (2,), [], [])
(2, 1727, 200, (2,), [], [])
(2, 1728, 200, (2,), [], [])
(2, 1729, 200, (2,), [], [])
(2, 1730, 200, (2,), [], [])
(2, 1731, 200, (2,), [], [])
(2, 1732, 200, (2,), [-69], [])
(2, 1733, 200, (2,), [], [])
(2, 1734, 200, (2,), [], [93])
(2, 1735, 200, (2,), [], [])
(2, 1736, 200, (2,), [-3], [])
(2, 1737, 200, (2,), [], [])
(2, 1738, 200, (2,), [], [])
(2, 1739, 200, (2,), [-57], [])
(2, 1740, 200, (2,), [], [73])
(2, 1741, 200, (2,), [], [])
(2, 1742, 200, (2,), [], [])
(2, 1743, 200, (2,), [], [])
(2, 1744, 200, (2,), [], [])
(2, 1745, 200, (2,), [], [])
(2, 1746, 200, (2,), [], [])
(2, 1747, 200, (2,), [], [])
(2, 1748, 200, (2,), [], [])
(2, 1749, 200, (2,), [], [])
(2, 1750, 200, (2,), [], [])
(2, 1751, 200, (2,), [], [])
(2, 1752, 200, (2,), [-167], [])
(2, 1753, 200, (2,), [], [65, 125])
(2, 1754, 200, (2,), [], [])
(2, 1755, 200, (2,), [], [])
(2, 1756, 200, (2,), [], [])
(2, 1757, 200, (2,), [], [])
(2, 1758, 200, (2,), [], [])
(2, 1759, 200, (2,), [], [155])
(2, 1760, 200, (2,), [], [])
(2, 1761, 200, (2,), [], [])
(2, 1762, 200, (2,), [], [])
(2, 1763, 200, (2,), [], [])
(2, 1764, 200, (2,), [], [])
(2, 1765, 200, (2,), [], [])
(2, 1766, 200, (2,), [], [])
(2, 1767, 200, (2,), [-171], [])
(2, 1768, 200, (2,), [], [])
(2, 1769, 200, (2,), [], [])
(2, 1770, 200, (2,), [], [])
(2, 1771, 200, (2,), [], [])
(2, 1772, 200, (2,), [], [55])
(2, 1773, 200, (2,), [], [])
(2, 1774, 200, (2,), [], [])
(2, 1775, 200, (2,), [], [])
(2, 1776, 200, (2,), [], [])
(2, 1777, 200, (2,), [-175], [])
(2, 1778, 200, (2,), [], [])
(2, 1779, 200, (2,), [], [])
(2, 1780, 200, (2,), [-197], [])
(2, 1781, 200, (2,), [], [])
(2, 1782, 200, (2,), [], [])
(2, 1783, 200, (2,), [], [])
(2, 1784, 200, (2,), [], [])
(2, 1785, 200, (2,), [], [])
(2, 1786, 200, (2,), [], [])
(2, 1787, 200, (2,), [], [])
(2, 1788, 200, (2,), [], [])
(2, 1789, 200, (2,), [], [])
(2, 1790, 200, (2,), [], [133])
(2, 1791, 200, (2,), [], [])
(2, 1792, 200, (2,), [], [])
(2, 1793, 200, (2,), [], [])
(2, 1794, 200, (2,), [-65], [73])
(2, 1795, 200, (2,), [], [])
(2, 1796, 200, (2,), [], [])
(2, 1797, 200, (2,), [], [])
(2, 1798, 200, (2,), [], [])
(2, 1799, 200, (2,), [], [])
(2, 1800, 200, (2,), [], [])
(2, 1801, 200, (2,), [], [])
(2, 1802, 200, (2,), [], [])
(2, 1803, 200, (2,), [], [21])
(2, 1804, 200, (2,), [], [])
(2, 1805, 200, (2,), [], [])
(2, 1806, 200, (2,), [], [7])
(2, 1807, 200, (2,), [], [])
(2, 1808, 200, (2,), [], [103])
(2, 1809, 200, (2,), [], [])
(2, 1810, 200, (2,), [], [])
(2, 1811, 200, (2,), [], [])
(2, 1812, 200, (2,), [], [115])
(2, 1813, 200, (2,), [], [])
(2, 1814, 200, (2,), [], [])
(2, 1815, 200, (2,), [], [])
(2, 1816, 200, (2,), [], [])
(2, 1817, 200, (2,), [], [])
(2, 1818, 200, (2,), [-5], [])
(2, 1819, 200, (2,), [], [])
(2, 1820, 200, (2,), [], [])
(2, 1821, 200, (2,), [], [])
(2, 1822, 200, (2,), [], [])
(2, 1823, 200, (2,), [], [])
(2, 1824, 200, (2,), [], [157])
(2, 1825, 200, (2,), [], [])
(2, 1826, 200, (2,), [], [])
(2, 1827, 200, (2,), [], [])
(2, 1828, 200, (2,), [], [])
(2, 1829, 200, (2,), [], [])
(2, 1830, 200, (2,), [], [])
(2, 1831, 200, (2,), [], [])
(2, 1832, 200, (2,), [], [])
(2, 1833, 200, (2,), [-61, -165], [])
(2, 1834, 200, (2,), [], [])
(2, 1835, 200, (2,), [], [])
(2, 1836, 200, (2,), [], [])
(2, 1837, 200, (2,), [], [])
(2, 1838, 200, (2,), [], [])
(2, 1839, 200, (2,), [], [])
(2, 1840, 200, (2,), [], [])
(2, 1841, 200, (2,), [-163], [51, 179])
(2, 1842, 200, (2,), [], [])
(2, 1843, 200, (2,), [], [])
(2, 1844, 200, (2,), [], [])
(2, 1845, 200, (2,), [], [35])
(2, 1846, 200, (2,), [], [127])
(2, 1847, 200, (2,), [], [])
(2, 1848, 200, (2,), [-195], [])
(2, 1849, 200, (2,), [], [177])
(2, 1850, 200, (2,), [-15], [])
(2, 1851, 200, (2,), [], [])
(2, 1852, 200, (2,), [], [])
(2, 1853, 200, (2,), [], [])
(2, 1854, 200, (2,), [], [])
(2, 1855, 200, (2,), [], [9])
(2, 1856, 200, (2,), [], [])
(2, 1857, 200, (2,), [], [])
(2, 1858, 200, (2,), [], [])
(2, 1859, 200, (2,), [], [])
(2, 1860, 200, (2,), [-119], [])
(2, 1861, 200, (2,), [], [])
(2, 1862, 200, (2,), [], [])
(2, 1863, 200, (2,), [], [])
(2, 1864, 200, (2,), [-119], [])
(2, 1865, 200, (2,), [], [])
(2, 1866, 200, (2,), [], [])
(2, 1867, 200, (2,), [], [])
(2, 1868, 200, (2,), [], [])
(2, 1869, 200, (2,), [], [])
(2, 1870, 200, (2,), [-57], [])
(2, 1871, 200, (2,), [], [])
(2, 1872, 200, (2,), [], [])
(2, 1873, 200, (2,), [], [])
(2, 1874, 200, (2,), [-87], [])
(2, 1875, 200, (2,), [-79], [])
(2, 1876, 200, (2,), [], [])
(2, 1877, 200, (2,), [], [])
(2, 1878, 200, (2,), [], [])
(2, 1879, 200, (2,), [], [])
(2, 1880, 200, (2,), [-119], [])
(2, 1881, 200, (2,), [], [])
(2, 1882, 200, (2,), [], [127])
(2, 1883, 200, (2,), [], [])
(2, 1884, 200, (2,), [], [])
(2, 1885, 200, (2,), [], [])
(2, 1886, 200, (2,), [], [])
(2, 1887, 200, (2,), [-181], [])
(2, 1888, 200, (2,), [-129], [7])
(2, 1889, 200, (2,), [], [])
(2, 1890, 200, (2,), [], [])
(2, 1891, 200, (2,), [-15], [])
(2, 1892, 200, (2,), [], [])
(2, 1893, 200, (2,), [], [])
(2, 1894, 200, (2,), [], [183])
(2, 1895, 200, (2,), [], [])
(2, 1896, 200, (2,), [], [])
(2, 1897, 200, (2,), [], [])
(2, 1898, 200, (2,), [], [])
(2, 1899, 200, (2,), [], [21])
(2, 1900, 200, (2,), [], [115])
(2, 1901, 200, (2,), [], [117, 125])
(2, 1902, 200, (2,), [], [])
(2, 1903, 200, (2,), [], [])
(2, 1904, 200, (2,), [-99], [])
(2, 1905, 200, (2,), [], [])
(2, 1906, 200, (2,), [], [])
(2, 1907, 200, (2,), [], [])
(2, 1908, 200, (2,), [], [])
(2, 1909, 200, (2,), [], [])
(2, 1910, 200, (2,), [], [])
(2, 1911, 200, (2,), [], [])
(2, 1912, 200, (2,), [], [])
(2, 1913, 200, (2,), [], [])
(2, 1914, 200, (2,), [], [])
(2, 1915, 200, (2,), [], [])
(2, 1916, 200, (2,), [], [])
(2, 1917, 200, (2,), [], [])
(2, 1918, 200, (2,), [], [])
(2, 1919, 200, (2,), [], [141])
(2, 1920, 200, (2,), [], [])
(2, 1921, 200, (2,), [], [])
(2, 1922, 200, (2,), [], [])
(2, 1923, 200, (2,), [], [])
(2, 1924, 200, (2,), [], [])
(2, 1925, 200, (2,), [], [])
(2, 1926, 200, (2,), [], [])
(2, 1927, 200, (2,), [-175], [])
(2, 1928, 200, (2,), [], [])
(2, 1929, 200, (2,), [], [])
(2, 1930, 200, (2,), [], [])
(2, 1931, 200, (2,), [-49], [])
(2, 1932, 200, (2,), [], [])
(2, 1933, 200, (2,), [], [])
(2, 1934, 200, (2,), [], [])
(2, 1935, 200, (2,), [-181], [])
(2, 1936, 200, (2,), [], [])
(2, 1937, 200, (2,), [-85], [])
(2, 1938, 200, (2,), [], [45, 199])
(2, 1939, 200, (2,), [-55], [])
(2, 1940, 200, (2,), [], [])
(2, 1941, 200, (2,), [], [])
(2, 1942, 200, (2,), [], [115])
(2, 1943, 200, (2,), [], [])
(2, 1944, 200, (2,), [], [])
(2, 1945, 200, (2,), [], [])
(2, 1946, 200, (2,), [], [])
(2, 1947, 200, (2,), [], [])
(2, 1948, 200, (2,), [], [])
(2, 1949, 200, (2,), [-199], [])
(2, 1950, 200, (2,), [], [93])
(2, 1951, 200, (2,), [], [])
(2, 1952, 200, (2,), [], [])
(2, 1953, 200, (2,), [], [])
(2, 1954, 200, (2,), [-111], [])
(2, 1955, 200, (2,), [], [])
(2, 1956, 200, (2,), [], [])
(2, 1957, 200, (2,), [], [])
(2, 1958, 200, (2,), [], [169])
(2, 1959, 200, (2,), [], [])
(2, 1960, 200, (2,), [-129], [])
(2, 1961, 200, (2,), [], [131])
(2, 1962, 200, (2,), [], [])
(2, 1963, 200, (2,), [], [])
(2, 1964, 200, (2,), [], [])
(2, 1965, 200, (2,), [], [])
(2, 1966, 200, (2,), [-41], [])
(2, 1967, 200, (2,), [], [])
(2, 1968, 200, (2,), [], [])
(2, 1969, 200, (2,), [], [])
(2, 1970, 200, (2,), [], [])
(2, 1971, 200, (2,), [], [])
(2, 1972, 200, (2,), [-45], [])
(2, 1973, 200, (2,), [], [])
(2, 1974, 200, (2,), [], [])
(2, 1975, 200, (2,), [], [])
(2, 1976, 200, (2,), [], [])
(2, 1977, 200, (2,), [], [])
(2, 1978, 200, (2,), [], [])
(2, 1979, 200, (2,), [], [39])
(2, 1980, 200, (2,), [], [])
(2, 1981, 200, (2,), [], [])
(2, 1982, 200, (2,), [], [])
(2, 1983, 200, (2,), [-7], [])
(2, 1984, 200, (2,), [], [])
(2, 1985, 200, (2,), [], [])
(2, 1986, 200, (2,), [], [])
(2, 1987, 200, (2,), [], [185])
(2, 1988, 200, (2,), [], [])
(2, 1989, 200, (2,), [], [])
(2, 1990, 200, (2,), [], [])
(2, 1991, 200, (2,), [], [])
(2, 1992, 200, (2,), [-189], [37])
(2, 1993, 200, (2,), [], [189])
(2, 1994, 200, (2,), [], [])
(2, 1995, 200, (2,), [-147], [])
(2, 1996, 200, (2,), [], [])
(2, 1997, 200, (2,), [], [])
(2, 1998, 200, (2,), [], [])
(2, 1999, 200, (2,), [], [])
(2, 2000, 200, (2,), [], [])
(2, 2001, 200, (2,), [], [137])
(2, 2002, 200, (2,), [], [])
(2, 2003, 200, (2,), [], [])
(2, 2004, 200, (2,), [], [])
(2, 2005, 200, (2,), [], [27])
(2, 2006, 200, (2,), [-57], [])
(2, 2007, 200, (2,), [], [])
(2, 2008, 200, (2,), [], [3, 81])
(2, 2009, 200, (2,), [], [])
(2, 2010, 200, (2,), [], [])
(2, 2011, 200, (2,), [], [])
(2, 2012, 200, (2,), [], [])
(2, 2013, 200, (2,), [], [])
(2, 2014, 200, (2,), [], [])
(2, 2015, 200, (2,), [], [])
(2, 2016, 200, (2,), [], [])
(2, 2017, 200, (2,), [], [])
(2, 2018, 200, (2,), [], [])
(2, 2019, 200, (2,), [], [])
(2, 2020, 200, (2,), [-69], [])
(2, 2021, 200, (2,), [], [])
(2, 2022, 200, (2,), [-53], [])
(2, 2023, 200, (2,), [], [])
(2, 2024, 200, (2,), [], [])
(2, 2025, 200, (2,), [], [])
(2, 2026, 200, (2,), [], [])
(2, 2027, 200, (2,), [], [])
(2, 2028, 200, (2,), [], [])
(2, 2029, 200, (2,), [], [])
(2, 2030, 200, (2,), [], [])
(2, 2031, 200, (2,), [], [])
(2, 2032, 200, (2,), [], [])
(2, 2033, 200, (2,), [-69], [])
(2, 2034, 200, (2,), [], [])
(2, 2035, 200, (2,), [], [])
(2, 2036, 200, (2,), [], [])
(2, 2037, 200, (2,), [], [])
(2, 2038, 200, (2,), [], [])
(2, 2039, 200, (2,), [], [33])
(2, 2040, 200, (2,), [], [])
(2, 2041, 200, (2,), [], [])
(2, 2042, 200, (2,), [], [187])
(2, 2043, 200, (2,), [], [])
(2, 2044, 200, (2,), [-63], [])
(2, 2045, 200, (2,), [], [])
(2, 2046, 200, (2,), [], [])
(2, 2047, 200, (2,), [-85], [])
(2, 2048, 200, (2,), [], [])
(2, 2049, 200, (2,), [], [])
(2, 2050, 200, (2,), [], [])
(2, 2051, 200, (2,), [], [33])
(2, 2052, 200, (2,), [], [])
(2, 2053, 200, (2,), [], [])
(2, 2054, 200, (2,), [], [])
(2, 2055, 200, (2,), [], [165])
(2, 2056, 200, (2,), [], [])
(2, 2057, 200, (2,), [], [])
(2, 2058, 200, (2,), [], [])
(2, 2059, 200, (2,), [], [])
(2, 2060, 200, (2,), [], [])
(2, 2061, 200, (2,), [], [])
(2, 2062, 200, (2,), [], [])
(2, 2063, 200, (2,), [], [])
(2, 2064, 200, (2,), [], [])
(2, 2065, 200, (2,), [-129], [])
(2, 2066, 200, (2,), [], [])
(2, 2067, 200, (2,), [], [131])
(2, 2068, 200, (2,), [], [])
(2, 2069, 200, (2,), [], [])
(2, 2070, 200, (2,), [], [])
(2, 2071, 200, (2,), [], [])
(2, 2072, 200, (2,), [], [])
(2, 2073, 200, (2,), [], [])
(2, 2074, 200, (2,), [], [])
(2, 2075, 200, (2,), [-117], [])
(2, 2076, 200, (2,), [], [])
(2, 2077, 200, (2,), [], [])
(2, 2078, 200, (2,), [], [])
(2, 2079, 200, (2,), [], [])
(2, 2080, 200, (2,), [], [])
(2, 2081, 200, (2,), [-75], [])
(2, 2082, 200, (2,), [], [163])
(2, 2083, 200, (2,), [], [])
(2, 2084, 200, (2,), [], [135])
(2, 2085, 200, (2,), [], [])
(2, 2086, 200, (2,), [], [])
(2, 2087, 200, (2,), [], [])
(2, 2088, 200, (2,), [], [])
(2, 2089, 200, (2,), [], [])
(2, 2090, 200, (2,), [], [])
(2, 2091, 200, (2,), [-199], [])
(2, 2092, 200, (2,), [], [97])
(2, 2093, 200, (2,), [], [])
(2, 2094, 200, (2,), [], [])
(2, 2095, 200, (2,), [], [])
(2, 2096, 200, (2,), [], [])
(2, 2097, 200, (2,), [], [])
(2, 2098, 200, (2,), [], [])
(2, 2099, 200, (2,), [-1], [])
(2, 2100, 200, (2,), [], [])
(2, 2101, 200, (2,), [], [])
(2, 2102, 200, (2,), [], [])
(2, 2103, 200, (2,), [], [149])
(2, 2104, 200, (2,), [], [])
(2, 2105, 200, (2,), [], [])
(2, 2106, 200, (2,), [], [43])
(2, 2107, 200, (2,), [], [])
(2, 2108, 200, (2,), [], [])
(2, 2109, 200, (2,), [], [])
(2, 2110, 200, (2,), [], [45, 67])
(2, 2111, 200, (2,), [-1, -187], [])
(2, 2112, 200, (2,), [], [])
(2, 2113, 200, (2,), [-1], [])
(2, 2114, 200, (2,), [], [])
(2, 2115, 200, (2,), [], [])
(2, 2116, 200, (2,), [], [])
(2, 2117, 200, (2,), [], [])
(2, 2118, 200, (2,), [], [])
(2, 2119, 200, (2,), [], [])
(2, 2120, 200, (2,), [], [])
(2, 2121, 200, (2,), [], [77])
(2, 2122, 200, (2,), [], [])
(2, 2123, 200, (2,), [], [])
(2, 2124, 200, (2,), [], [])
(2, 2125, 200, (2,), [], [])
(2, 2126, 200, (2,), [-93], [])
(2, 2127, 200, (2,), [], [123])
(2, 2128, 200, (2,), [], [])
(2, 2129, 200, (2,), [-1], [])
(2, 2130, 200, (2,), [-161], [])
(2, 2131, 200, (2,), [-1, -199], [])
(2, 2132, 200, (2,), [], [])
(2, 2133, 200, (2,), [], [])
(2, 2134, 200, (2,), [], [])
(2, 2135, 200, (2,), [], [])
(2, 2136, 200, (2,), [], [])
(2, 2137, 200, (2,), [-1, -175], [71])
(2, 2138, 200, (2,), [], [])
(2, 2139, 200, (2,), [], [3])
(2, 2140, 200, (2,), [], [])
(2, 2141, 200, (2,), [-1], [])
(2, 2142, 200, (2,), [], [])
(2, 2143, 200, (2,), [-1], [])
(2, 2144, 200, (2,), [], [165])
(2, 2145, 200, (2,), [], [])
(2, 2146, 200, (2,), [], [])
(2, 2147, 200, (2,), [], [])
(2, 2148, 200, (2,), [], [])
(2, 2149, 200, (2,), [], [161])
(2, 2150, 200, (2,), [], [])
(2, 2151, 200, (2,), [], [])
(2, 2152, 200, (2,), [], [])
(2, 2153, 200, (2,), [-1], [])
(2, 2154, 200, (2,), [], [])
(2, 2155, 200, (2,), [-97], [])
(2, 2156, 200, (2,), [-153], [])
(2, 2157, 200, (2,), [], [])
(2, 2158, 200, (2,), [], [])
(2, 2159, 200, (2,), [], [])
(2, 2160, 200, (2,), [], [])
(2, 2161, 200, (2,), [-1], [135])
(2, 2162, 200, (2,), [], [])
(2, 2163, 200, (2,), [], [])
(2, 2164, 200, (2,), [], [])
(2, 2165, 200, (2,), [], [])
(2, 2166, 200, (2,), [], [67])
(2, 2167, 200, (2,), [-129], [])
(2, 2168, 200, (2,), [], [127, 187])
(2, 2169, 200, (2,), [-51], [])
(2, 2170, 200, (2,), [], [])
(2, 2171, 200, (2,), [], [])
(2, 2172, 200, (2,), [], [])
(2, 2173, 200, (2,), [], [])
(2, 2174, 200, (2,), [], [69])
(2, 2175, 200, (2,), [], [])
(2, 2176, 200, (2,), [], [])
(2, 2177, 200, (2,), [], [71, 77])
(2, 2178, 200, (2,), [], [])
(2, 2179, 200, (2,), [-1], [165])
(2, 2180, 200, (2,), [], [117])
(2, 2181, 200, (2,), [], [])
(2, 2182, 200, (2,), [], [])
(2, 2183, 200, (2,), [], [])
(2, 2184, 200, (2,), [], [])
(2, 2185, 200, (2,), [], [])
(2, 2186, 200, (2,), [], [163])
(2, 2187, 200, (2,), [], [])
(2, 2188, 200, (2,), [], [])
(2, 2189, 200, (2,), [], [])
(2, 2190, 200, (2,), [], [])
(2, 2191, 200, (2,), [], [3])
(2, 2192, 200, (2,), [], [])
(2, 2193, 200, (2,), [], [101, 161])
(2, 2194, 200, (2,), [-165], [])
(2, 2195, 200, (2,), [], [])
(2, 2196, 200, (2,), [], [])
(2, 2197, 200, (2,), [], [])
(2, 2198, 200, (2,), [], [])
(2, 2199, 200, (2,), [], [])
(2, 2200, 200, (2,), [-153], [])
(2, 2201, 200, (2,), [], [])
(2, 2202, 200, (2,), [], [])
(2, 2203, 200, (2,), [-1], [])
(2, 2204, 200, (2,), [], [])
(2, 2205, 200, (2,), [-39, -115], [])
(2, 2206, 200, (2,), [], [])
(2, 2207, 200, (2,), [-1, -69], [])
(2, 2208, 200, (2,), [], [133])
(2, 2209, 200, (2,), [], [])
(2, 2210, 200, (2,), [], [])
(2, 2211, 200, (2,), [], [])
(2, 2212, 200, (2,), [], [])
(2, 2213, 200, (2,), [-1], [])
(2, 2214, 200, (2,), [], [])
(2, 2215, 200, (2,), [], [])
(2, 2216, 200, (2,), [], [])
(2, 2217, 200, (2,), [], [])
(2, 2218, 200, (2,), [], [])
(2, 2219, 200, (2,), [], [])
(2, 2220, 200, (2,), [], [])
(2, 2221, 200, (2,), [-1], [])
(2, 2222, 200, (2,), [], [])
(2, 2223, 200, (2,), [], [])
(2, 2224, 200, (2,), [], [])
(2, 2225, 200, (2,), [-141], [])
(2, 2226, 200, (2,), [], [])
(2, 2227, 200, (2,), [], [])
(2, 2228, 200, (2,), [], [])
(2, 2229, 200, (2,), [], [])
(2, 2230, 200, (2,), [], [])
(2, 2231, 200, (2,), [], [])
(2, 2232, 200, (2,), [], [])
(2, 2233, 200, (2,), [], [])
(2, 2234, 200, (2,), [], [])
(2, 2235, 200, (2,), [], [])
(2, 2236, 200, (2,), [], [])
(2, 2237, 200, (2,), [-1], [])
(2, 2238, 200, (2,), [], [])
(2, 2239, 200, (2,), [-1], [])
(2, 2240, 200, (2,), [-99], [])
(2, 2241, 200, (2,), [], [])
(2, 2242, 200, (2,), [], [])
(2, 2243, 200, (2,), [-1], [])
(2, 2244, 200, (2,), [], [])
(2, 2245, 200, (2,), [], [])
(2, 2246, 200, (2,), [], [])
(2, 2247, 200, (2,), [], [])
(2, 2248, 200, (2,), [], [])
(2, 2249, 200, (2,), [], [])
(2, 2250, 200, (2,), [], [])
(2, 2251, 200, (2,), [-1], [])
(2, 2252, 200, (2,), [], [])
(2, 2253, 200, (2,), [], [])
(2, 2254, 200, (2,), [], [])
(2, 2255, 200, (2,), [], [])
(2, 2256, 200, (2,), [], [])
(2, 2257, 200, (2,), [], [])
(2, 2258, 200, (2,), [], [])
(2, 2259, 200, (2,), [], [])
(2, 2260, 200, (2,), [], [73])
(2, 2261, 200, (2,), [], [])
(2, 2262, 200, (2,), [], [])
(2, 2263, 200, (2,), [-109], [])
(2, 2264, 200, (2,), [], [])
(2, 2265, 200, (2,), [], [])
(2, 2266, 200, (2,), [], [93, 193])
(2, 2267, 200, (2,), [-1], [])
(2, 2268, 200, (2,), [], [])
(2, 2269, 200, (2,), [-1], [])
(2, 2270, 200, (2,), [], [])
(2, 2271, 200, (2,), [], [])
(2, 2272, 200, (2,), [], [])
(2, 2273, 200, (2,), [-1], [])
(2, 2274, 200, (2,), [], [])
(2, 2275, 200, (2,), [], [])
(2, 2276, 200, (2,), [], [])
(2, 2277, 200, (2,), [], [])
(2, 2278, 200, (2,), [-171], [])
(2, 2279, 200, (2,), [], [])
(2, 2280, 200, (2,), [], [])
(2, 2281, 200, (2,), [-1], [])
(2, 2282, 200, (2,), [-117], [])
(2, 2283, 200, (2,), [], [])
(2, 2284, 200, (2,), [-129], [])
(2, 2285, 200, (2,), [], [])
(2, 2286, 200, (2,), [], [])
(2, 2287, 200, (2,), [-1], [])
(2, 2288, 200, (2,), [], [])
(2, 2289, 200, (2,), [], [])
(2, 2290, 200, (2,), [], [])
(2, 2291, 200, (2,), [], [])
(2, 2292, 200, (2,), [], [93])
(2, 2293, 200, (2,), [-1], [])
(2, 2294, 200, (2,), [], [79, 103])
(2, 2295, 200, (2,), [], [95, 99])
(2, 2296, 200, (2,), [], [])
(2, 2297, 200, (2,), [-1], [])
(2, 2298, 200, (2,), [], [])
(2, 2299, 200, (2,), [], [])
(2, 2300, 200, (2,), [], [])
(2, 2301, 200, (2,), [], [])
(2, 2302, 200, (2,), [], [])
(2, 2303, 200, (2,), [], [])
(2, 2304, 200, (2,), [], [])
(2, 2305, 200, (2,), [], [])
(2, 2306, 200, (2,), [], [])
(2, 2307, 200, (2,), [], [])
(2, 2308, 200, (2,), [], [])
(2, 2309, 200, (2,), [-1], [])
(2, 2310, 200, (2,), [], [])
(2, 2311, 200, (2,), [-1], [83])
(2, 2312, 200, (2,), [], [])
(2, 2313, 200, (2,), [], [])
(2, 2314, 200, (2,), [], [])
(2, 2315, 200, (2,), [], [])
(2, 2316, 200, (2,), [], [])
(2, 2317, 200, (2,), [], [])
(2, 2318, 200, (2,), [], [])
(2, 2319, 200, (2,), [-7], [53])
(2, 2320, 200, (2,), [], [])
(2, 2321, 200, (2,), [-3], [])
(2, 2322, 200, (2,), [], [])
(2, 2323, 200, (2,), [], [])
(2, 2324, 200, (2,), [], [187])
(2, 2325, 200, (2,), [], [])
(2, 2326, 200, (2,), [], [177])
(2, 2327, 200, (2,), [], [])
(2, 2328, 200, (2,), [-65], [])
(2, 2329, 200, (2,), [-85], [])
(2, 2330, 200, (2,), [], [])
(2, 2331, 200, (2,), [], [])
(2, 2332, 200, (2,), [], [])
(2, 2333, 200, (2,), [-1, -121], [])
(2, 2334, 200, (2,), [], [])
(2, 2335, 200, (2,), [], [])
(2, 2336, 200, (2,), [-99], [])
(2, 2337, 200, (2,), [], [])
(2, 2338, 200, (2,), [], [])
(2, 2339, 200, (2,), [-1], [])
(2, 2340, 200, (2,), [], [])
(2, 2341, 200, (2,), [-1], [])
(2, 2342, 200, (2,), [], [])
(2, 2343, 200, (2,), [], [99])
(2, 2344, 200, (2,), [-87], [])
(2, 2345, 200, (2,), [], [])
(2, 2346, 200, (2,), [], [])
(2, 2347, 200, (2,), [-1], [])
(2, 2348, 200, (2,), [], [])
(2, 2349, 200, (2,), [], [])
(2, 2350, 200, (2,), [], [])
(2, 2351, 200, (2,), [-1, -37], [])
(2, 2352, 200, (2,), [], [])
(2, 2353, 200, (2,), [-109], [])
(2, 2354, 200, (2,), [], [])
(2, 2355, 200, (2,), [], [53])
(2, 2356, 200, (2,), [], [])
(2, 2357, 200, (2,), [-1], [])
(2, 2358, 200, (2,), [], [])
(2, 2359, 200, (2,), [-91], [])
(2, 2360, 200, (2,), [], [141])
(2, 2361, 200, (2,), [], [])
(2, 2362, 200, (2,), [], [])
(2, 2363, 200, (2,), [], [])
(2, 2364, 200, (2,), [], [])
(2, 2365, 200, (2,), [], [])
(2, 2366, 200, (2,), [], [])
(2, 2367, 200, (2,), [], [3])
(2, 2368, 200, (2,), [-5], [])
(2, 2369, 200, (2,), [], [])
(2, 2370, 200, (2,), [-41], [3])
(2, 2371, 200, (2,), [-1], [])
(2, 2372, 200, (2,), [], [])
(2, 2373, 200, (2,), [-105], [])
(2, 2374, 200, (2,), [], [])
(2, 2375, 200, (2,), [], [])
(2, 2376, 200, (2,), [], [])
(2, 2377, 200, (2,), [-1], [])
(2, 2378, 200, (2,), [-87], [169])
(2, 2379, 200, (2,), [-51], [])
(2, 2380, 200, (2,), [], [])
(2, 2381, 200, (2,), [-1, -169], [])
(2, 2382, 200, (2,), [], [])
(2, 2383, 200, (2,), [-1], [])
(2, 2384, 200, (2,), [], [])
(2, 2385, 200, (2,), [], [])
(2, 2386, 200, (2,), [], [])
(2, 2387, 200, (2,), [], [])
(2, 2388, 200, (2,), [], [])
(2, 2389, 200, (2,), [-1], [])
(2, 2390, 200, (2,), [], [])
(2, 2391, 200, (2,), [], [])
(2, 2392, 200, (2,), [], [])
(2, 2393, 200, (2,), [-1], [])
(2, 2394, 200, (2,), [], [9])
(2, 2395, 200, (2,), [], [])
(2, 2396, 200, (2,), [], [])
(2, 2397, 200, (2,), [-193], [])
(2, 2398, 200, (2,), [], [])
(2, 2399, 200, (2,), [-1], [])
(2, 2400, 200, (2,), [-5], [])
(2, 2401, 200, (2,), [], [])
(2, 2402, 200, (2,), [-75], [])
(2, 2403, 200, (2,), [], [99])
(2, 2404, 200, (2,), [], [])
(2, 2405, 200, (2,), [], [])
(2, 2406, 200, (2,), [], [])
(2, 2407, 200, (2,), [], [])
(2, 2408, 200, (2,), [], [93])
(2, 2409, 200, (2,), [-165], [])
(2, 2410, 200, (2,), [], [])
(2, 2411, 200, (2,), [-1], [])
(2, 2412, 200, (2,), [], [])
(2, 2413, 200, (2,), [], [])
(2, 2414, 200, (2,), [], [])
(2, 2415, 200, (2,), [-181], [])
(2, 2416, 200, (2,), [], [])
(2, 2417, 200, (2,), [-1], [])
(2, 2418, 200, (2,), [], [])
(2, 2419, 200, (2,), [], [])
(2, 2420, 200, (2,), [], [])
(2, 2421, 200, (2,), [], [])
(2, 2422, 200, (2,), [], [])
(2, 2423, 200, (2,), [-1], [])
(2, 2424, 200, (2,), [], [])
(2, 2425, 200, (2,), [-141], [])
(2, 2426, 200, (2,), [], [])
(2, 2427, 200, (2,), [], [])
(2, 2428, 200, (2,), [], [133])
(2, 2429, 200, (2,), [], [])
(2, 2430, 200, (2,), [], [])
(2, 2431, 200, (2,), [], [])
(2, 2432, 200, (2,), [], [])
(2, 2433, 200, (2,), [], [171])
(2, 2434, 200, (2,), [], [43, 73])
(2, 2435, 200, (2,), [], [])
(2, 2436, 200, (2,), [], [])
(2, 2437, 200, (2,), [-1], [])
(2, 2438, 200, (2,), [], [])
(2, 2439, 200, (2,), [], [])
(2, 2440, 200, (2,), [], [])
(2, 2441, 200, (2,), [-1], [])
(2, 2442, 200, (2,), [], [99])
(2, 2443, 200, (2,), [], [])
(2, 2444, 200, (2,), [], [])
(2, 2445, 200, (2,), [], [])
(2, 2446, 200, (2,), [], [139])
(2, 2447, 200, (2,), [-1], [])
(2, 2448, 200, (2,), [], [45])
(2, 2449, 200, (2,), [], [])
(2, 2450, 200, (2,), [], [])
(2, 2451, 200, (2,), [-37], [])
(2, 2452, 200, (2,), [], [])
(2, 2453, 200, (2,), [], [141])
(2, 2454, 200, (2,), [], [])
(2, 2455, 200, (2,), [], [83])
(2, 2456, 200, (2,), [], [])
(2, 2457, 200, (2,), [-45], [])
(2, 2458, 200, (2,), [], [])
(2, 2459, 200, (2,), [-1], [65])
(2, 2460, 200, (2,), [], [])
(2, 2461, 200, (2,), [-115], [])
(2, 2462, 200, (2,), [], [])
(2, 2463, 200, (2,), [], [])
(2, 2464, 200, (2,), [-129], [])
(2, 2465, 200, (2,), [], [])
(2, 2466, 200, (2,), [], [])
(2, 2467, 200, (2,), [-1], [])
(2, 2468, 200, (2,), [], [])
(2, 2469, 200, (2,), [], [])
(2, 2470, 200, (2,), [-167], [67])
(2, 2471, 200, (2,), [], [])
(2, 2472, 200, (2,), [], [147])
(2, 2473, 200, (2,), [-1], [])
(2, 2474, 200, (2,), [], [])
(2, 2475, 200, (2,), [], [])
(2, 2476, 200, (2,), [-129], [])
(2, 2477, 200, (2,), [-1], [])
(2, 2478, 200, (2,), [], [])
(2, 2479, 200, (2,), [], [63])
(2, 2480, 200, (2,), [], [])
(2, 2481, 200, (2,), [], [])
(2, 2482, 200, (2,), [], [])
(2, 2483, 200, (2,), [-31], [])
(2, 2484, 200, (2,), [], [])
(2, 2485, 200, (2,), [], [81])
(2, 2486, 200, (2,), [], [])
(2, 2487, 200, (2,), [], [])
(2, 2488, 200, (2,), [], [])
(2, 2489, 200, (2,), [-183], [])
(2, 2490, 200, (2,), [-143], [])
(2, 2491, 200, (2,), [], [])
(2, 2492, 200, (2,), [], [])
(2, 2493, 200, (2,), [], [])
(2, 2494, 200, (2,), [], [])
(2, 2495, 200, (2,), [], [])
(2, 2496, 200, (2,), [], [])
(2, 2497, 200, (2,), [], [])
(2, 2498, 200, (2,), [], [])
(2, 2499, 200, (2,), [-7], [])
(2, 2500, 200, (2,), [], [])
(2, 2501, 200, (2,), [], [])
(2, 2502, 200, (2,), [], [])
(2, 2503, 200, (2,), [-1], [])
(2, 2504, 200, (2,), [], [])
(2, 2505, 200, (2,), [], [])
(2, 2506, 200, (2,), [], [])
(2, 2507, 200, (2,), [], [])
(2, 2508, 200, (2,), [], [])
(2, 2509, 200, (2,), [], [39])
(2, 2510, 200, (2,), [], [])
(2, 2511, 200, (2,), [], [])
(2, 2512, 200, (2,), [], [])
(2, 2513, 200, (2,), [], [])
(2, 2514, 200, (2,), [], [])
(2, 2515, 200, (2,), [], [])
(2, 2516, 200, (2,), [], [])
(2, 2517, 200, (2,), [], [])
(2, 2518, 200, (2,), [], [])
(2, 2519, 200, (2,), [], [95])
(2, 2520, 200, (2,), [], [])
(2, 2521, 200, (2,), [-1], [])
(2, 2522, 200, (2,), [], [])
(2, 2523, 200, (2,), [], [])
(2, 2524, 200, (2,), [], [])
(2, 2525, 200, (2,), [], [])
(2, 2526, 200, (2,), [], [])
(2, 2527, 200, (2,), [-27], [])
(2, 2528, 200, (2,), [], [])
(2, 2529, 200, (2,), [], [])
(2, 2530, 200, (2,), [], [])
(2, 2531, 200, (2,), [-1], [])
(2, 2532, 200, (2,), [], [])
(2, 2533, 200, (2,), [], [])
(2, 2534, 200, (2,), [], [])
(2, 2535, 200, (2,), [], [])
(2, 2536, 200, (2,), [], [177])
(2, 2537, 200, (2,), [], [])
(2, 2538, 200, (2,), [], [])
(2, 2539, 200, (2,), [-1], [])
(2, 2540, 200, (2,), [], [])
(2, 2541, 200, (2,), [], [])
(2, 2542, 200, (2,), [-155], [])
(2, 2543, 200, (2,), [-1], [29])
(2, 2544, 200, (2,), [], [])
(2, 2545, 200, (2,), [], [])
(2, 2546, 200, (2,), [], [])
(2, 2547, 200, (2,), [-91], [])
(2, 2548, 200, (2,), [], [])
(2, 2549, 200, (2,), [-1], [])
(2, 2550, 200, (2,), [], [])
(2, 2551, 200, (2,), [-1, -55], [])
(2, 2552, 200, (2,), [], [])
(2, 2553, 200, (2,), [], [129])
(2, 2554, 200, (2,), [], [])
(2, 2555, 200, (2,), [], [])
(2, 2556, 200, (2,), [-195], [175])
(2, 2557, 200, (2,), [-1], [])
(2, 2558, 200, (2,), [], [])
(2, 2559, 200, (2,), [], [])
(2, 2560, 200, (2,), [-75], [])
(2, 2561, 200, (2,), [], [])
(2, 2562, 200, (2,), [], [])
(2, 2563, 200, (2,), [], [])
(2, 2564, 200, (2,), [], [])
(2, 2565, 200, (2,), [], [])
(2, 2566, 200, (2,), [], [])
(2, 2567, 200, (2,), [], [])
(2, 2568, 200, (2,), [-177], [157])
(2, 2569, 200, (2,), [-45], [])
(2, 2570, 200, (2,), [], [])
(2, 2571, 200, (2,), [], [])
(2, 2572, 200, (2,), [], [])
(2, 2573, 200, (2,), [], [])
(2, 2574, 200, (2,), [], [43])
(2, 2575, 200, (2,), [], [])
(2, 2576, 200, (2,), [], [])
(2, 2577, 200, (2,), [], [])
(2, 2578, 200, (2,), [-155], [])
(2, 2579, 200, (2,), [-1], [])
(2, 2580, 200, (2,), [-77], [])
(2, 2581, 200, (2,), [], [])
(2, 2582, 200, (2,), [], [])
(2, 2583, 200, (2,), [], [])
(2, 2584, 200, (2,), [], [])
(2, 2585, 200, (2,), [], [])
(2, 2586, 200, (2,), [], [])
(2, 2587, 200, (2,), [], [])
(2, 2588, 200, (2,), [], [])
(2, 2589, 200, (2,), [-121], [])
(2, 2590, 200, (2,), [], [])
(2, 2591, 200, (2,), [-1], [])
(2, 2592, 200, (2,), [], [])
(2, 2593, 200, (2,), [-1], [])
(2, 2594, 200, (2,), [], [])
(2, 2595, 200, (2,), [], [])
(2, 2596, 200, (2,), [], [])
(2, 2597, 200, (2,), [], [])
(2, 2598, 200, (2,), [], [])
(2, 2599, 200, (2,), [], [])
(2, 2600, 200, (2,), [], [])
(2, 2601, 200, (2,), [], [])
(2, 2602, 200, (2,), [], [])
(2, 2603, 200, (2,), [], [39])
(2, 2604, 200, (2,), [], [])
(2, 2605, 200, (2,), [], [])
(2, 2606, 200, (2,), [], [])
(2, 2607, 200, (2,), [], [])
(2, 2608, 200, (2,), [], [])
(2, 2609, 200, (2,), [-1], [])
(2, 2610, 200, (2,), [], [])
(2, 2611, 200, (2,), [], [])
(2, 2612, 200, (2,), [], [])
(2, 2613, 200, (2,), [], [59])
(2, 2614, 200, (2,), [], [])
(2, 2615, 200, (2,), [], [])
(2, 2616, 200, (2,), [-107], [37])
(2, 2617, 200, (2,), [-1], [197])
(2, 2618, 200, (2,), [], [])
(2, 2619, 200, (2,), [], [165])
(2, 2620, 200, (2,), [], [147])
(2, 2621, 200, (2,), [-1], [])
(2, 2622, 200, (2,), [], [])
(2, 2623, 200, (2,), [], [])
(2, 2624, 200, (2,), [-149], [])
(2, 2625, 200, (2,), [], [])
(2, 2626, 200, (2,), [], [])
(2, 2627, 200, (2,), [], [])
(2, 2628, 200, (2,), [], [])
(2, 2629, 200, (2,), [], [])
(2, 2630, 200, (2,), [], [])
(2, 2631, 200, (2,), [], [])
(2, 2632, 200, (2,), [], [])
(2, 2633, 200, (2,), [-1, -135], [])
(2, 2634, 200, (2,), [-167], [])
(2, 2635, 200, (2,), [], [])
(2, 2636, 200, (2,), [], [])
(2, 2637, 200, (2,), [], [])
(2, 2638, 200, (2,), [-71], [])
(2, 2639, 200, (2,), [], [])
(2, 2640, 200, (2,), [], [])
(2, 2641, 200, (2,), [], [])
(2, 2642, 200, (2,), [], [])
(2, 2643, 200, (2,), [], [])
(2, 2644, 200, (2,), [], [])
(2, 2645, 200, (2,), [], [])
(2, 2646, 200, (2,), [], [])
(2, 2647, 200, (2,), [-1], [])
(2, 2648, 200, (2,), [], [7])
(2, 2649, 200, (2,), [], [])
(2, 2650, 200, (2,), [], [])
(2, 2651, 200, (2,), [], [])
(2, 2652, 200, (2,), [], [])
(2, 2653, 200, (2,), [], [])
(2, 2654, 200, (2,), [], [])
(2, 2655, 200, (2,), [], [])
(2, 2656, 200, (2,), [], [])
(2, 2657, 200, (2,), [-1], [])
(2, 2658, 200, (2,), [], [])
(2, 2659, 200, (2,), [-1], [])
(2, 2660, 200, (2,), [], [])
(2, 2661, 200, (2,), [], [])
(2, 2662, 200, (2,), [], [])
(2, 2663, 200, (2,), [-1], [])
(2, 2664, 200, (2,), [], [])
(2, 2665, 200, (2,), [], [])
(2, 2666, 200, (2,), [-87], [])
(2, 2667, 200, (2,), [], [95])
(2, 2668, 200, (2,), [], [])
(2, 2669, 200, (2,), [], [])
(2, 2670, 200, (2,), [], [])
(2, 2671, 200, (2,), [-1], [])
(2, 2672, 200, (2,), [-89], [])
(2, 2673, 200, (2,), [], [101])
(2, 2674, 200, (2,), [], [])
(2, 2675, 200, (2,), [-181], [])
(2, 2676, 200, (2,), [-45], [])
(2, 2677, 200, (2,), [-1], [])
(2, 2678, 200, (2,), [], [])
(2, 2679, 200, (2,), [], [])
(2, 2680, 200, (2,), [], [])
(2, 2681, 200, (2,), [], [])
(2, 2682, 200, (2,), [], [])
(2, 2683, 200, (2,), [-1], [])
(2, 2684, 200, (2,), [], [])
(2, 2685, 200, (2,), [], [])
(2, 2686, 200, (2,), [], [])
(2, 2687, 200, (2,), [-1], [])
(2, 2688, 200, (2,), [], [])
(2, 2689, 200, (2,), [-1], [])
(2, 2690, 200, (2,), [], [75])
(2, 2691, 200, (2,), [], [])
(2, 2692, 200, (2,), [], [])
(2, 2693, 200, (2,), [-1], [])
(2, 2694, 200, (2,), [-123], [])
(2, 2695, 200, (2,), [], [])
(2, 2696, 200, (2,), [], [])
(2, 2697, 200, (2,), [], [])
(2, 2698, 200, (2,), [], [])
(2, 2699, 200, (2,), [-1], [])
(2, 2700, 200, (2,), [], [])
(2, 2701, 200, (2,), [], [])
(2, 2702, 200, (2,), [], [])
(2, 2703, 200, (2,), [], [])
(2, 2704, 200, (2,), [], [163])
(2, 2705, 200, (2,), [], [])
(2, 2706, 200, (2,), [], [])
(2, 2707, 200, (2,), [-1], [])
(2, 2708, 200, (2,), [], [])
(2, 2709, 200, (2,), [], [])
(2, 2710, 200, (2,), [], [9, 57])
(2, 2711, 200, (2,), [-1], [])
(2, 2712, 200, (2,), [-143], [])
(2, 2713, 200, (2,), [-1], [189])
(2, 2714, 200, (2,), [], [])
(2, 2715, 200, (2,), [], [])
(2, 2716, 200, (2,), [], [])
(2, 2717, 200, (2,), [], [179])
(2, 2718, 200, (2,), [], [])
(2, 2719, 200, (2,), [-1], [95, 153])
(2, 2720, 200, (2,), [], [])
(2, 2721, 200, (2,), [], [])
(2, 2722, 200, (2,), [], [])
(2, 2723, 200, (2,), [], [])
(2, 2724, 200, (2,), [], [])
(2, 2725, 200, (2,), [], [])
(2, 2726, 200, (2,), [], [])
(2, 2727, 200, (2,), [], [])
(2, 2728, 200, (2,), [], [123])
(2, 2729, 200, (2,), [-1], [])
(2, 2730, 200, (2,), [], [])
(2, 2731, 200, (2,), [-1], [])
(2, 2732, 200, (2,), [], [])
(2, 2733, 200, (2,), [], [])
(2, 2734, 200, (2,), [], [])
(2, 2735, 200, (2,), [-31], [])
(2, 2736, 200, (2,), [], [])
(2, 2737, 200, (2,), [], [])
(2, 2738, 200, (2,), [], [])
(2, 2739, 200, (2,), [], [81])
(2, 2740, 200, (2,), [], [])
(2, 2741, 200, (2,), [-1], [])
(2, 2742, 200, (2,), [], [])
(2, 2743, 200, (2,), [], [35])
(2, 2744, 200, (2,), [], [])
(2, 2745, 200, (2,), [], [])
(2, 2746, 200, (2,), [], [])
(2, 2747, 200, (2,), [], [])
(2, 2748, 200, (2,), [], [])
(2, 2749, 200, (2,), [-1], [])
(2, 2750, 200, (2,), [], [])
(2, 2751, 200, (2,), [], [])
(2, 2752, 200, (2,), [], [])
(2, 2753, 200, (2,), [-1], [159])
(2, 2754, 200, (2,), [], [])
(2, 2755, 200, (2,), [], [])
(2, 2756, 200, (2,), [-149], [133])
(2, 2757, 200, (2,), [], [])
(2, 2758, 200, (2,), [-197], [])
(2, 2759, 200, (2,), [], [])
(2, 2760, 200, (2,), [], [])
(2, 2761, 200, (2,), [], [])
(2, 2762, 200, (2,), [], [])
(2, 2763, 200, (2,), [], [149])
(2, 2764, 200, (2,), [], [])
(2, 2765, 200, (2,), [], [])
(2, 2766, 200, (2,), [-191], [])
(2, 2767, 200, (2,), [-1], [])
(2, 2768, 200, (2,), [], [])
(2, 2769, 200, (2,), [-55], [])
(2, 2770, 200, (2,), [], [])
(2, 2771, 200, (2,), [], [])
(2, 2772, 200, (2,), [], [15])
(2, 2773, 200, (2,), [], [])
(2, 2774, 200, (2,), [], [])
(2, 2775, 200, (2,), [], [])
(2, 2776, 200, (2,), [], [])
(2, 2777, 200, (2,), [-1], [])
(2, 2778, 200, (2,), [], [])
(2, 2779, 200, (2,), [], [])
(2, 2780, 200, (2,), [], [])
(2, 2781, 200, (2,), [], [])
(2, 2782, 200, (2,), [], [])
(2, 2783, 200, (2,), [], [])
(2, 2784, 200, (2,), [], [])
(2, 2785, 200, (2,), [-141], [])
(2, 2786, 200, (2,), [], [])
(2, 2787, 200, (2,), [], [])
(2, 2788, 200, (2,), [], [])
(2, 2789, 200, (2,), [-1], [])
(2, 2790, 200, (2,), [], [])
(2, 2791, 200, (2,), [-1], [])
(2, 2792, 200, (2,), [], [])
(2, 2793, 200, (2,), [], [])
(2, 2794, 200, (2,), [], [])
(2, 2795, 200, (2,), [], [])
(2, 2796, 200, (2,), [], [])
(2, 2797, 200, (2,), [-1, -181], [])
(2, 2798, 200, (2,), [], [])
(2, 2799, 200, (2,), [-81], [])
(2, 2800, 200, (2,), [], [])
(2, 2801, 200, (2,), [-1], [])
(2, 2802, 200, (2,), [], [])
(2, 2803, 200, (2,), [-1, -145], [])
(2, 2804, 200, (2,), [], [])
(2, 2805, 200, (2,), [], [])
(2, 2806, 200, (2,), [], [])
(2, 2807, 200, (2,), [-127], [])
(2, 2808, 200, (2,), [], [])
(2, 2809, 200, (2,), [], [])
(2, 2810, 200, (2,), [], [19])
(2, 2811, 200, (2,), [], [])
(2, 2812, 200, (2,), [], [])
(2, 2813, 200, (2,), [], [])
(2, 2814, 200, (2,), [], [])
(2, 2815, 200, (2,), [], [])
(2, 2816, 200, (2,), [], [])
(2, 2817, 200, (2,), [-55], [57])
(2, 2818, 200, (2,), [], [])
(2, 2819, 200, (2,), [-1], [])
(2, 2820, 200, (2,), [], [])
(2, 2821, 200, (2,), [-183], [])
(2, 2822, 200, (2,), [], [])
(2, 2823, 200, (2,), [], [])
(2, 2824, 200, (2,), [], [])
(2, 2825, 200, (2,), [], [])
(2, 2826, 200, (2,), [], [])
(2, 2827, 200, (2,), [], [])
(2, 2828, 200, (2,), [], [193])
(2, 2829, 200, (2,), [], [])
(2, 2830, 200, (2,), [], [129])
(2, 2831, 200, (2,), [-21], [])
(2, 2832, 200, (2,), [-173], [])
(2, 2833, 200, (2,), [-1, -139], [])
(2, 2834, 200, (2,), [-117], [])
(2, 2835, 200, (2,), [], [])
(2, 2836, 200, (2,), [-195], [])
(2, 2837, 200, (2,), [-1], [])
(2, 2838, 200, (2,), [], [])
(2, 2839, 200, (2,), [], [])
(2, 2840, 200, (2,), [], [])
(2, 2841, 200, (2,), [-9], [])
(2, 2842, 200, (2,), [-63], [])
(2, 2843, 200, (2,), [-1], [])
(2, 2844, 200, (2,), [], [])
(2, 2845, 200, (2,), [], [])
(2, 2846, 200, (2,), [-107], [63])
(2, 2847, 200, (2,), [], [])
(2, 2848, 200, (2,), [], [25])
(2, 2849, 200, (2,), [], [])
(2, 2850, 200, (2,), [], [])
(2, 2851, 200, (2,), [-1], [])
(2, 2852, 200, (2,), [], [])
(2, 2853, 200, (2,), [], [])
(2, 2854, 200, (2,), [], [])
(2, 2855, 200, (2,), [], [])
(2, 2856, 200, (2,), [], [])
(2, 2857, 200, (2,), [-1], [])
(2, 2858, 200, (2,), [-41], [])
(2, 2859, 200, (2,), [], [])
(2, 2860, 200, (2,), [-137], [])
(2, 2861, 200, (2,), [-1], [])
(2, 2862, 200, (2,), [], [])
(2, 2863, 200, (2,), [], [])
(2, 2864, 200, (2,), [], [27])
(2, 2865, 200, (2,), [], [141])
(2, 2866, 200, (2,), [], [])
(2, 2867, 200, (2,), [], [])
(2, 2868, 200, (2,), [], [])
(2, 2869, 200, (2,), [], [])
(2, 2870, 200, (2,), [], [])
(2, 2871, 200, (2,), [], [149])
(2, 2872, 200, (2,), [], [])
(2, 2873, 200, (2,), [], [57])
(2, 2874, 200, (2,), [-161], [])
(2, 2875, 200, (2,), [], [])
(2, 2876, 200, (2,), [], [])
(2, 2877, 200, (2,), [], [])
(2, 2878, 200, (2,), [-171], [])
(2, 2879, 200, (2,), [-1], [])
(2, 2880, 200, (2,), [], [])
(2, 2881, 200, (2,), [], [])
(2, 2882, 200, (2,), [], [])
(2, 2883, 200, (2,), [], [])
(2, 2884, 200, (2,), [-147], [])
(2, 2885, 200, (2,), [], [])
(2, 2886, 200, (2,), [], [])
(2, 2887, 200, (2,), [-1], [])
(2, 2888, 200, (2,), [], [])
(2, 2889, 200, (2,), [], [])
(2, 2890, 200, (2,), [], [])
(2, 2891, 200, (2,), [], [])
(2, 2892, 200, (2,), [], [])
(2, 2893, 200, (2,), [], [])
(2, 2894, 200, (2,), [], [69])
(2, 2895, 200, (2,), [], [])
(2, 2896, 200, (2,), [], [])
(2, 2897, 200, (2,), [-1], [])
(2, 2898, 200, (2,), [], [])
(2, 2899, 200, (2,), [], [])
(2, 2900, 200, (2,), [-159], [])
(2, 2901, 200, (2,), [], [])
(2, 2902, 200, (2,), [], [])
(2, 2903, 200, (2,), [-1], [])
(2, 2904, 200, (2,), [], [])
(2, 2905, 200, (2,), [], [])
(2, 2906, 200, (2,), [], [])
(2, 2907, 200, (2,), [], [])
(2, 2908, 200, (2,), [], [])
(2, 2909, 200, (2,), [-1], [])
(2, 2910, 200, (2,), [], [])
(2, 2911, 200, (2,), [], [])
(2, 2912, 200, (2,), [], [37])
(2, 2913, 200, (2,), [], [189])
(2, 2914, 200, (2,), [], [])
(2, 2915, 200, (2,), [-157], [])
(2, 2916, 200, (2,), [], [85])
(2, 2917, 200, (2,), [-1], [])
(2, 2918, 200, (2,), [], [])
(2, 2919, 200, (2,), [], [])
(2, 2920, 200, (2,), [], [])
(2, 2921, 200, (2,), [], [])
(2, 2922, 200, (2,), [], [])
(2, 2923, 200, (2,), [], [])
(2, 2924, 200, (2,), [], [])
(2, 2925, 200, (2,), [], [])
(2, 2926, 200, (2,), [], [])
(2, 2927, 200, (2,), [-1], [])
(2, 2928, 200, (2,), [], [])
(2, 2929, 200, (2,), [], [])
(2, 2930, 200, (2,), [], [])
(2, 2931, 200, (2,), [], [])
(2, 2932, 200, (2,), [], [])
(2, 2933, 200, (2,), [], [])
(2, 2934, 200, (2,), [], [])
(2, 2935, 200, (2,), [], [])
(2, 2936, 200, (2,), [], [])
(2, 2937, 200, (2,), [], [])
(2, 2938, 200, (2,), [], [])
(2, 2939, 200, (2,), [-1], [])
(2, 2940, 200, (2,), [], [])
(2, 2941, 200, (2,), [], [])
(2, 2942, 200, (2,), [-197], [])
(2, 2943, 200, (2,), [], [])
(2, 2944, 200, (2,), [-89], [])
(2, 2945, 200, (2,), [], [])
(2, 2946, 200, (2,), [], [])
(2, 2947, 200, (2,), [], [])
(2, 2948, 200, (2,), [], [])
(2, 2949, 200, (2,), [], [])
(2, 2950, 200, (2,), [-105], [])
(2, 2951, 200, (2,), [], [])
(2, 2952, 200, (2,), [-63], [])
(2, 2953, 200, (2,), [-1], [])
(2, 2954, 200, (2,), [], [])
(2, 2955, 200, (2,), [], [])
(2, 2956, 200, (2,), [], [])
(2, 2957, 200, (2,), [-1], [])
(2, 2958, 200, (2,), [], [])
(2, 2959, 200, (2,), [], [])
(2, 2960, 200, (2,), [], [])
(2, 2961, 200, (2,), [], [])
(2, 2962, 200, (2,), [], [])
(2, 2963, 200, (2,), [-1], [])
(2, 2964, 200, (2,), [], [])
(2, 2965, 200, (2,), [], [])
(2, 2966, 200, (2,), [], [67])
(2, 2967, 200, (2,), [], [])
(2, 2968, 200, (2,), [], [])
(2, 2969, 200, (2,), [-1], [])
(2, 2970, 200, (2,), [], [])
(2, 2971, 200, (2,), [-1], [])
(2, 2972, 200, (2,), [], [])
(2, 2973, 200, (2,), [], [])
(2, 2974, 200, (2,), [], [])
(2, 2975, 200, (2,), [], [])
(2, 2976, 200, (2,), [], [])
(2, 2977, 200, (2,), [], [])
(2, 2978, 200, (2,), [], [193])
(2, 2979, 200, (2,), [-129], [])
(2, 2980, 200, (2,), [-195], [])
(2, 2981, 200, (2,), [], [])
(2, 2982, 200, (2,), [], [])
(2, 2983, 200, (2,), [], [])
(2, 2984, 200, (2,), [], [])
(2, 2985, 200, (2,), [], [])
(2, 2986, 200, (2,), [], [])
(2, 2987, 200, (2,), [], [])
(2, 2988, 200, (2,), [], [])
(2, 2989, 200, (2,), [], [])
(2, 2990, 200, (2,), [], [])
(2, 2991, 200, (2,), [], [])
(2, 2992, 200, (2,), [], [])
(2, 2993, 200, (2,), [], [])
(2, 2994, 200, (2,), [], [])
(2, 2995, 200, (2,), [], [])
(2, 2996, 200, (2,), [], [163])
(2, 2997, 200, (2,), [], [])
(2, 2998, 200, (2,), [], [])
(2, 2999, 200, (2,), [-1], [])
(2, 3000, 200, (2,), [], [])
