('script.搜索冫伪素数牜临近幂方._0worker_', (2, 0, 10, [2]), {})
(2, 16, 160, (2,), [-15, -17, -39, -57, -87, -89, -99, -113, -117, -123, -129, -143, -155], [1, 3, 7, 15, 21, 27, 43, 45, 51, 63, 73, 81, 93, 97, 111, 115, 121, 141, 151])
(2, 17, 170, (2,), [-1, -9, -13, -31, -49, -61, -63, -85, -91, -99, -103, -115, -145], [29, 39, 41, 57, 71, 77, 99, 131, 141, 149, 159])
(2, 18, 180, (2,), [-5, -11, -17, -23, -33, -35, -41, -65, -75, -93, -95, -117, -137, -161, -167, -171, -173], [3, 7, 9, 43, 49, 73, 87, 93, 109, 117, 127, 159, 169, 177])
(2, 19, 190, (2,), [-1, -19, -27, -31, -45, -57, -67, -69, -85, -87, -91, -99, -117, -139, -165, -169, -175, -189], [21, 53, 59, 63, 65, 81, 99, 101, 123, 125, 141, 165])
(2, 20, 200, (2,), [-3, -5, -17, -27, -59, -69, -129, -143, -153, -185, -189], [7, 13, 25, 33, 37, 51, 57, 85, 105, 127, 133, 141, 145, 183])
(2, 21, 210, (2,), [-9, -19, -21, -55, -61, -69, -105, -111, -121, -129, -139, -159, -165, -181, -193, -195, -205], [17, 59, 71, 77, 105, 107, 135, 137, 159, 165, 197])
(2, 22, 220, (2,), [-3, -17, -27, -33, -57, -87, -105, -113, -117, -123, -131, -137, -161, -167, -173, -197, -201], [15, 25, 49, 67, 85, 93, 99, 105, 115, 129, 135, 147, 189, 199, 207, 219])
(2, 23, 230, (2,), [-15, -21, -27, -37, -61, -69, -135, -147, -157, -159, -169, -181, -187, -199], [9, 11, 15, 29, 65, 75, 83, 89, 125, 131, 153, 155, 183, 203, 225])
(2, 24, 240, (2,), [-3, -17, -33, -63, -75, -77, -89, -95, -117, -167, -189, -227], [43, 73, 75, 115, 117, 121, 165, 205, 225, 231])
(2, 25, 250, (2,), [-39, -49, -61, -85, -91, -115, -141, -159, -165, -183, -193, -211, -231], [35, 41, 69, 71, 77, 87, 95, 147, 149, 161, 207, 209])
(2, 26, 260, (2,), [-5, -27, -45, -87, -101, -107, -111, -117, -125, -135, -143, -155, -171, -195, -197, -203, -215, -231], [15, 49, 55, 69, 93, 97, 117, 159, 169, 187, 207, 259])
(2, 27, 270, (2,), [-39, -79, -111, -115, -135, -187, -199, -219, -231, -235, -241, -261], [29, 45, 51, 53, 71, 75, 95, 99, 141, 149, 165, 189, 201, 203, 215, 245, 249, 261])
(2, 28, 280, (2,), [-57, -89, -95, -119, -125, -143, -165, -183, -213, -273], [3, 7, 37, 67, 81, 105, 121, 123, 141, 175, 183, 193, 213, 241, 255, 267])
(2, 29, 290, (2,), [-3, -33, -43, -63, -73, -75, -93, -99, -121, -133, -145, -169, -183, -189, -195, -211, -229, -255, -271, -285], [11, 39, 89, 105, 107, 117, 149, 177, 179, 207, 219, 245, 261, 279, 287])
(2, 30, 300, (2,), [-35, -41, -83, -101, -105, -107, -135, -153, -161, -173, -203, -257, -263, -297], [3, 7, 9, 15, 19, 33, 67, 85, 115, 129, 145, 147, 163, 169, 213, 229, 249, 253, 267, 289])
(2, 31, 310, (2,), [-1, -19, -61, -69, -85, -99, -105, -151, -159, -171, -225, -249, -295], [11, 45, 65, 95, 129, 135, 165, 209, 219, 221, 239, 245, 281, 303])
(2, 32, 320, (2,), [-5, -17, -65, -99, -107, -135, -153, -185, -209, -267, -299, -315], [15, 61, 75, 81, 91, 93, 163, 181, 201, 217, 243, 247, 253, 265, 267, 273, 301])
(2, 33, 330, (2,), [-9, -25, -49, -79, -105, -285, -301, -303, -321], [17, 29, 35, 39, 59, 71, 77, 101, 119, 129, 149, 165, 215, 225, 231, 239, 249, 297, 299])
(2, 34, 340, (2,), [-41, -77, -113, -131, -143, -165, -185, -207, -227, -281, -285, -297, -305, -311, -315, -323], [25, 79, 85, 153, 225, 247, 249, 295, 339])
(2, 35, 350, (2,), [-31, -49, -61, -69, -79, -121, -141, -247, -309, -325], [53, 83, 99, 105, 125, 189, 219, 231, 239, 273, 291, 321, 323, 329, 333, 335])
(2, 36, 360, (2,), [-5, -17, -23, -65, -117, -137, -159, -173, -189, -233, -243, -257, -303, -329, -345, -347, -359], [31, 115, 117, 165, 175, 177, 201, 213, 253, 261, 325])
(2, 37, 370, (2,), [-25, -31, -45, -69, -123, -141, -199, -201, -351], [9, 29, 41, 69, 95, 105, 119, 185, 221, 239, 255, 269, 281, 287, 339, 357, 365])
(2, 38, 380, (2,), [-45, -87, -107, -131, -153, -185, -191, -227, -231, -257, -297, -315, -317, -371], [7, 13, 67, 79, 97, 117, 247, 265, 279, 285, 303, 337, 345])
(2, 39, 390, (2,), [-7, -19, -67, -91, -135, -165, -219, -231, -241, -301, -327, -375, -381], [23, 39, 45, 63, 75, 149, 155, 183, 221, 233, 255, 309, 323, 333, 345])
(2, 40, 400, (2,), [-87, -167, -195, -203, -213, -285, -293, -299, -389], [15, 27, 55, 97, 115, 141, 157, 177, 253, 277, 303, 343, 385])
(2, 41, 410, (2,), [-21, -31, -55, -63, -73, -75, -91, -111, -133, -139, -195, -225, -261, -273, -285, -309, -349, -381], [27, 65, 71, 81, 125, 147, 161, 165, 197, 209, 245, 299, 315, 347, 369, 377])
(2, 42, 420, (2,), [-11, -17, -33, -53, -65, -143, -161, -165, -215, -227, -275, -317, -333, -353, -371, -383], [15, 75, 87, 129, 135, 165, 225, 255, 277, 325, 327, 333, 367, 379])
(2, 43, 430, (2,), [-57, -67, -117, -175, -255, -267, -291, -309, -319, -369, -405, -417], [29, 39, 53, 105, 141, 183, 185, 219, 293, 305, 359, 393, 401])
(2, 44, 440, (2,), [-17, -117, -119, -129, -143, -149, -287, -327, -359, -377, -429], [7, 21, 27, 55, 175, 195, 235, 243, 331, 351, 397])
(2, 45, 450, (2,), [-55, -69, -81, -93, -121, -133, -139, -159, -193, -229, -261, -315, -339, -361, -429, -441], [59, 75, 129, 135, 147, 165, 179, 215, 275, 285, 311, 315, 407, 417, 425])
(2, 46, 460, (2,), [-21, -57, -63, -77, -167, -197, -237, -287, -305, -311, -333, -375, -381, -393, -407, -437], [15, 127, 139, 165, 193, 235, 247, 273, 319, 337, 373, 379, 403, 415, 417, 427, 435, 459])
(2, 47, 470, (2,), [-115, -127, -147, -279, -297, -339, -435], [5, 9, 41, 65, 113, 141, 155, 179, 273, 281, 453])
(2, 48, 480, (2,), [-59, -65, -89, -93, -147, -165, -189, -233, -243, -257, -317, -329, -369, -459], [21, 61, 75, 91, 235, 241, 243, 253, 297, 315, 367, 411, 465, 471, 477])
(2, 49, 490, (2,), [-81, -111, -123, -139, -181, -201, -213, -265, -283, -339, -441, -445, -475], [69, 191, 261, 279, 329, 399, 407, 417, 459, 461])
(2, 50, 500, (2,), [-27, -35, -51, -71, -113, -117, -131, -161, -195, -233, -267, -341, -351, -377, -423, -447], [55, 99, 145, 159, 193, 205, 223, 265, 337, 345, 385, 397, 435, 499])
(2, 51, 510, (2,), [-129, -139, -165, -231, -237, -247, -355, -391, -397, -439, -459, -465, -471, -495], [21, 65, 81, 101, 165, 191, 275, 329, 333, 365, 381, 393, 413, 429, 479])
(2, 52, 520, (2,), [-47, -143, -173, -183, -197, -209, -269, -285, -335, -395, -413, -473, -495], [21, 37, 55, 97, 133, 157, 277, 295, 333, 343, 391, 393, 405, 487])
(2, 53, 530, (2,), [-111, -145, -231, -265, -315, -339, -343, -369, -379, -421, -429, -451, -463, -483, -511], [5, 41, 57, 75, 119, 177, 219, 251, 287, 341, 357, 387, 497])
(2, 54, 540, (2,), [-33, -53, -131, -165, -195, -245, -255, -257, -315, -327, -333, -371, -383, -395, -405, -453, -465], [159, 163, 187, 345, 373, 403, 415, 477, 487, 499])
(2, 55, 550, (2,), [-55, -67, -99, -127, -147, -169, -171, -199, -207, -267, -279, -321, -339, -355, -381, -411, -487, -511, -517, -529], [3, 11, 51, 83, 105, 153, 311, 339, 393, 443, 461, 513, 521, 543])
(2, 56, 560, (2,), [-5, -27, -47, -57, -89, -93, -147, -177, -189, -195, -279, -299, -359, -363, -419, -423, -429, -435, -489, -495], [81, 97, 175, 177, 201, 207, 345, 363, 403, 495, 531])
(2, 57, 570, (2,), [-13, -25, -49, -61, -69, -111, -195, -273, -363, -423, -433, -451, -459, -465], [9, 35, 75, 95, 129, 131, 135, 141, 171, 189, 269, 327, 347, 407, 507, 519, 527])
(2, 58, 580, (2,), [-27, -57, -63, -137, -141, -147, -161, -203, -213, -251, -291, -297, -315, -357, -371, -375, -393, -405, -447, -573], [69, 105, 175, 189, 213, 225, 399, 447, 483, 505, 529, 553, 577])
(2, 59, 590, (2,), [-55, -99, -225, -427, -517], [131, 161, 245, 249, 261, 273, 323, 425, 515, 569, 585])
(2, 60, 600, (2,), [-93, -107, -173, -179, -257, -279, -369, -395, -399, -453, -557, -579], [33, 91, 105, 147, 151, 213, 225, 253, 277, 315, 325, 333, 387, 435, 507, 541])
(2, 61, 610, (2,), [-1, -31, -45, -229, -259, -283, -339, -391, -403, -465, -531, -579], [15, 21, 57, 65, 135, 197, 221, 255, 305, 365, 371, 429, 459, 477, 491, 539, 545])
(2, 62, 620, (2,), [-57, -87, -117, -143, -153, -167, -171, -195, -203, -273, -287, -317, -443, -483, -495, -575, -581, -603], [135, 169, 177, 187, 189, 193, 253, 277, 303, 343, 369, 375, 385, 387, 415, 427, 445, 457, 483, 525, 543, 559, 573, 609, 615])
(2, 63, 630, (2,), [-25, -165, -259, -301, -375, -387, -391, -409, -457, -471, -517, -529, -549, -627], [29, 99, 123, 131, 155, 255, 269, 359, 435, 449, 453, 485, 491, 543, 585, 599])
(2, 64, 640, (2,), [-59, -83, -95, -179, -189, -257, -279, -323, -353, -363, -425, -453, -503], [13, 37, 51, 81, 93, 141, 307, 331, 393, 493, 541, 597, 637])
(2, 65, 650, (2,), [-49, -79, -115, -141, -163, -229, -301, -345, -453, -493, -535, -649], [131, 165, 207, 225, 231, 261, 461, 515, 537, 575, 645])
(2, 66, 660, (2,), [-5, -45, -173, -203, -275, -297, -387, -401, -443, -495, -503, -513, -555, -563, -567, -573, -587, -635], [9, 85, 169, 213, 225, 273, 465, 493, 529, 645])
(2, 67, 670, (2,), [-19, -31, -49, -57, -61, -75, -81, -165, -181, -237, -241, -327, -351, -367, -405, -441, -607, -621], [3, 63, 71, 95, 153, 155, 219, 233, 273, 305, 375, 395, 423, 465, 501, 515, 555, 581, 611])
(2, 68, 680, (2,), [-23, -83, -125, -147, -149, -167, -285, -315, -345, -357, -429, -479, -483, -489, -539, -569, -605, -609, -615, -665, -677], [33, 57, 61, 153, 163, 181, 231, 321, 345, 391, 421, 427, 445, 601, 645, 651])
(2, 69, 690, (2,), [-19, -91, -93, -103, -129, -153, -165, -201, -255, -385, -403, -415, -465, -535, -549, -579, -591, -595, -619, -651, -685], [29, 105, 117, 239, 249, 285, 309, 441, 455, 561, 569, 575, 669])
(2, 70, 700, (2,), [-35, -71, -167, -215, -263, -267, -273, -447, -473, -585, -633, -665], [25, 67, 79, 105, 115, 189, 195, 235, 303, 339, 385, 405, 415, 459, 487, 525, 645, 685, 693])
(2, 71, 710, (2,), [-231, -325, -411, -435, -441, -465, -559, -577, -601], [11, 63, 95, 111, 173, 189, 219, 281, 285, 375, 441, 459, 491, 509, 545, 629, 665])
(2, 72, 720, (2,), [-93, -107, -129, -167, -249, -269, -329, -347, -429, -473, -485, -555, -567, -695, -705], [15, 105, 115, 255, 301, 325, 331, 361, 387, 423, 451, 477, 483, 541, 553, 681, 717])
(2, 73, 730, (2,), [-69, -181, -199, -273, -319, -433, -475, -501, -523, -645, -649, -685, -715], [29, 101, 197, 291, 305, 461, 515])
(2, 74, 740, (2,), [-35, -45, -57, -135, -153, -237, -257, -275, -461, -465, -527, -545, -587, -653, -705, -713], [37, 67, 85, 175, 363, 415, 483, 499, 505, 517, 519, 583, 669])
(2, 75, 750, (2,), [-97, -207, -231, -271, -279, -289, -325, -381, -409, -427, -459, -511, -531, -585, -625, -655, -709], [33, 53, 75, 231, 261, 303, 311, 329, 345, 381, 389, 513, 521, 533, 591, 593, 725])
(2, 76, 760, (2,), [-15, -63, -117, -123, -143, -189, -215, -267, -285, -347, -425, -477, -503, -539, -557, -585, -707], [15, 51, 87, 183, 247, 261, 507, 567, 603, 643, 685])
(2, 77, 770, (2,), [-33, -43, -145, -163, -195, -261, -295, -379, -433, -451, -463, -499, -505, -561, -573, -603, -615, -619, -633, -703, -723, -741, -745], [11, 57, 69, 71, 219, 237, 317, 347, 407, 659, 695])
(2, 78, 780, (2,), [-11, -95, -111, -123, -147, -153, -191, -263, -303, -507, -777], [7, 43, 109, 115, 117, 135, 175, 255, 273, 289, 309, 399, 403, 465, 529, 709, 765])
(2, 79, 790, (2,), [-67, -199, -249, -277, -355, -367, -405, -447, -477, -511, -517, -537, -577, -649, -657], [23, 29, 95, 105, 125, 153, 351, 359, 371, 491, 549, 581, 611, 669, 725, 779, 785])
(2, 80, 800, (2,), [-65, -93, -117, -143, -285, -317, -549, -645, -765], [13, 85, 235, 253, 343, 435, 457, 555, 597, 753])
(2, 81, 810, (2,), [-51, -63, -163, -205, -333, -349, -429, -433, -481, -553, -625, -661, -685, -795], [17, 81, 101, 147, 159, 225, 227, 309, 509, 519, 689])
(2, 82, 820, (2,), [-57, -113, -185, -315, -363, -365, -375, -453, -623, -635, -671, -683, -687, -711, -755], [9, 43, 45, 79, 339, 375, 423, 463, 559, 577, 637, 669, 675, 699, 717, 729])
(2, 83, 830, (2,), [-55, -97, -117, -121, -139, -285, -307, -405, -429, -561, -577, -589, -609, -691, -741], [75, 89, 119, 155, 291, 323, 341, 359, 389, 425, 561, 645, 665, 719, 765])
(2, 84, 840, (2,), [-35, -69, -213, -215, -333, -399, -525, -563, -587, -597, -633, -705], [3, 45, 73, 177, 247, 291, 327, 351, 427, 487, 525, 561, 621, 693])
(2, 85, 850, (2,), [-19, -61, -181, -295, -411, -433, -469, -519, -531, -823], [171, 237, 261, 305, 399, 465, 515, 519, 525, 575, 587, 591, 629])
(2, 86, 860, (2,), [-35, -41, -65, -71, -113, -255, -261, -293, -357, -461, -521, -533, -623, -717, -723], [27, 69, 85, 93, 163, 183, 267, 307, 435, 447, 457, 505, 517, 567, 589, 639, 655, 657, 699])
(2, 87, 870, (2,), [-67, -129, -181, -195, -201, -217, -261, -277, -289, -339, -391, -399, -439, -507, -511, -529, -555, -745, -747, -769, -835], [39, 71, 221, 243, 255, 261, 299, 305, 359, 371, 423, 431, 453, 621, 869])
(2, 88, 880, (2,), [-299, -455, -483, -563, -605, -719, -735, -743, -753, -797], [7, 133, 165, 273, 315, 345, 501, 513, 541, 757, 771, 783, 841, 853, 861])
(2, 89, 890, (2,), [-1, -21, -31, -49, -69, -99, -103, -265, -321, -441, -603, -661, -693, -771, -783, -819], [29, 89, 107, 317, 329, 347, 447, 509, 515, 531, 569, 659, 705, 741, 767, 789, 837, 861])
(2, 90, 900, (2,), [-33, -41, -53, -75, -227, -263, -273, -291, -297, -317, -527, -555, -693, -861], [133, 355, 399, 403, 555, 585, 609, 633, 819, 877])
(2, 91, 910, (2,), [-45, -81, -111, -201, -315, -339, -567, -619, -655, -771, -831], [59, 129, 135, 195, 231, 413, 461, 503, 653, 729, 785, 881])
(2, 92, 920, (2,), [-83, -149, -197, -317, -363, -419, -485, -497, -519, -537, -677, -705, -803, -899], [25, 165, 223, 265, 313, 463, 483, 517, 655, 705, 727, 805, 811])
(2, 93, 930, (2,), [-25, -51, -79, -105, -273, -405, -489, -553, -571, -579, -751, -753, -765, -793], [105, 137, 149, 197, 215, 249, 345, 425, 455, 617])
(2, 94, 940, (2,), [-3, -11, -105, -173, -273, -297, -321, -395, -407, -431, -701, -713, -741, -783, -903, -935], [129, 147, 169, 213, 255, 265, 277, 319, 525, 547, 577, 693, 727, 819, 849, 907, 909])
(2, 95, 950, (2,), [-15, -37, -211, -339, -387, -415, -441, -447, -555, -561, -777, -847, -867, -877, -939], [9, 53, 261, 335, 363, 641, 663, 711, 869, 933])
(2, 96, 960, (2,), [-17, -87, -93, -147, -165, -189, -237, -243, -315, -347, -447, -473, -503, -543, -585, -605, -717, -759, -873, -899, -929], [61, 81, 121, 151, 253, 403, 423, 627, 633, 765, 927, 957])
(2, 97, 970, (2,), [-141, -165, -349, -399, -453, -595, -729, -741, -859, -885, -963], [105, 267, 315, 359, 371, 407, 581, 629, 737, 749, 779])
(2, 98, 980, (2,), [-51, -65, -107, -117, -141, -227, -273, -363, -471, -525, -527, -551, -555, -591, -593, -657, -813, -821, -825, -831, -855, -885, -897], [7, 37, 79, 187, 193, 469, 505, 567, 585, 709, 715])
(2, 99, 990, (2,), [-115, -145, -247, -319, -381, -427, -675, -717], [255, 443, 509, 575, 653, 701, 719, 743, 779, 789, 809, 813, 911, 921])
(2, 100, 1000, (2,), [-15, -99, -153, -183, -267, -285, -357, -479, -603, -833, -843, -879], [277, 331, 447, 525, 577, 627, 643, 811, 897, 921, 937, 955])
(2, 101, 1010, (2,), [-69, -99, -213, -259, -363, -483, -493, -573, -619, -703, -771, -835, -859, -909, -951], [81, 149, 177, 321, 399, 407, 459, 489, 567, 737, 765, 825, 915, 1001])
(2, 102, 1020, (2,), [-33, -63, -417, -447, -473, -483, -671, -681, -707, -801, -1017], [267, 325, 333, 459, 493, 519, 525, 603, 747, 813, 943])
(2, 103, 1030, (2,), [-97, -127, -237, -339, -441, -571, -619, -631, -697, -727, -847, -997], [81, 125, 213, 239, 345, 455, 585, 669, 911, 921, 983])
(2, 104, 1040, (2,), [-17, -29, -309, -369, -395, -587, -639, -657, -717, -857, -869], [111, 223, 307, 315, 327, 331, 337, 471, 487, 595, 643, 663, 783, 837, 861, 891, 967])
(2, 105, 1050, (2,), [-13, -139, -151, -163, -231, -279, -313, -385, -469, -541, -825, -909, -933, -969], [39, 77, 81, 249, 329, 339, 347, 401, 407, 455, 471, 537, 635, 717, 821, 875, 975, 989, 1019, 1029, 1037, 1041])
(2, 106, 1060, (2,), [-117, -407, -431, -593, -623, -717, -791, -813, -941, -965, -981, -1005, -1023], [99, 165, 177, 199, 219, 279, 385, 405, 483, 505, 543, 573, 577, 687, 703, 759, 825, 903, 927, 963, 993, 997])
(2, 107, 1070, (2,), [-1, -171, -321, -369, -441, -489, -721, -745, -919], [39, 51, 119, 239, 291, 495, 509, 645, 663, 671, 683, 909, 923])
(2, 108, 1080, (2,), [-59, -137, -227, -233, -269, -383, -467, -483, -545, -633, -665, -693, -695, -887, -899, -965, -999, -1055], [33, 87, 117, 121, 135, 157, 231, 253, 315, 381, 505, 535, 555, 625, 693, 765, 771, 865, 901, 925, 1041])
(2, 109, 1090, (2,), [-31, -91, -165, -399, -493, -735, -811, -943, -945], [147, 261, 381, 459, 515, 671, 729, 867, 881, 897, 1037, 1065])
(2, 110, 1100, (2,), [-21, -135, -143, -195, -215, -443, -467, -531, -533, -623, -657, -731, -803, -951, -975], [27, 159, 193, 265, 303, 375, 387, 435, 453, 487, 595, 609, 613, 705, 783, 825, 865, 1005, 1027])
(2, 111, 1110, (2,), [-37, -69, -175, -261, -429, -471, -487, -565, -765, -831, -835, -951, -985, -1039], [51, 129, 165, 219, 221, 281, 285, 329, 585, 605, 633, 635, 651, 789, 821, 873, 1103])
(2, 112, 1120, (2,), [-75, -189, -269, -297, -327, -519, -537, -623, -699, -875, -995, -1025, -1107, -1109], [25, 91, 121, 147, 297, 357, 385, 445, 457, 477, 501, 643, 655, 697, 721, 741, 813, 867, 1095])
(2, 113, 1130, (2,), [-133, -211, -463, -765, -831, -979, -1023, -1069], [281, 425, 485, 489, 515, 539, 551, 629, 635, 651, 699, 737, 749, 879, 989, 1017, 1079])
(2, 114, 1140, (2,), [-11, -35, -53, -75, -153, -161, -195, -227, -237, -257, -303, -473, -483, -507, -537, -551, -581, -585, -737, -747, -873], [43, 129, 327, 423, 427, 463, 595, 733, 949, 967, 969, 987, 1003, 1027, 1075, 1125])
(2, 115, 1150, (2,), [-67, -85, -97, -129, -277, -369, -379, -711, -865, -985, -1015, -1111], [71, 209, 263, 273, 381, 389, 455, 521, 555, 599, 633, 701, 753, 963, 1005, 1059])
(2, 116, 1160, (2,), [-3, -69, -83, -89, -117, -197, -303, -353, -359, -429, -437, -443, -483, -539, -597, -635, -953, -1017, -1139], [33, 177, 313, 337, 357, 427, 435, 627, 723, 877, 1041])
(2, 117, 1170, (2,), [-279, -319, -373, -391, -451, -495, -541, -555, -685, -793, -945, -951, -955, -961, -973, -1003, -1053, -1095], [29, 35, 197, 641, 821, 855, 929, 941, 1047, 1097, 1145])
(2, 118, 1180, (2,), [-5, -111, -273, -375, -447, -497, -563, -593, -735, -741, -957, -977, -1025, -1047, -1121], [25, 69, 93, 163, 405, 423, 433, 483, 739, 823, 853, 903, 909, 993, 1059])
(2, 119, 1190, (2,), [-69, -169, -231, -565, -745, -799, -801, -867, -871, -981, -1015, -1045, -1069], [9, 105, 303, 453, 491, 575, 659, 725, 755, 779, 809, 813, 855, 911, 923, 1169])
(2, 120, 1200, (2,), [-119, -395, -515, -555, -615, -765, -873, -899, -1049, -1143, -1199], [451, 525, 613, 625, 823, 837, 1171, 1183])
(2, 121, 1210, (2,), [-73, -165, -225, -229, -433, -531, -565, -655, -685, -741, -843, -931, -993, -1011, -1033, -1089], [41, 105, 227, 345, 351, 461, 489, 629, 785, 837, 881, 905, 927, 981, 1031])
(2, 122, 1220, (2,), [-3, -113, -167, -203, -341, -825, -843, -951, -1011, -1085], [277, 375, 417, 427, 429, 495, 553, 559, 639, 967, 1069, 1089, 1119, 1177])
(2, 123, 1230, (2,), [-67, -79, -135, -241, -471, -735, -847, -891, -1029, -1069, -1111], [165, 423, 435, 453, 459, 491, 659, 899, 1011])
(2, 124, 1240, (2,), [-59, -99, -155, -165, -327, -389, -503, -563, -615, -719, -789, -875, -1179, -1187, -1203], [67, 73, 111, 195, 211, 253, 487, 643, 687, 735, 745, 807, 931, 975, 991, 993, 1035, 1105, 1221, 1231])
(2, 125, 1250, (2,), [-9, -135, -385, -405, -415, -579, -633, -685, -853, -985, -1041, -1101, -1185, -1225], [27, 95, 219, 321, 327, 407, 411, 555, 629, 737, 909, 939, 965, 987])
(2, 126, 1260, (2,), [-137, -203, -237, -261, -335, -341, -465, -663, -671, -783, -1001, -1041, -1181], [7, 99, 109, 187, 217, 337, 369, 393, 397, 415, 477, 535, 733, 823, 907, 985])
(2, 127, 1270, (2,), [-1, -25, -39, -295, -309, -507, -511, -577, -697, -735, -801, -957, -1081, -1105, -1141, -1201, -1231], [29, 45, 65, 101, 123, 251, 273, 303, 395, 479, 485, 503, 545, 575, 581, 591, 681, 711, 993, 995, 1059])
(2, 128, 1280, (2,), [-159, -173, -233, -237, -275, -357, -675, -713, -797, -1193], [51, 81, 165, 273, 385, 421, 463, 573, 625, 757, 817, 847, 1173])
(2, 129, 1290, (2,), [-25, -315, -403, -613, -735, -741, -805, -1113, -1185], [17, 75, 161, 311, 425, 579, 591, 669, 701, 735, 747, 935, 947, 987, 1145, 1181, 1221])
(2, 130, 1300, (2,), [-5, -27, -113, -173, -315, -417, -425, -447, -455, -585, -657, -677, -791, -843, -885, -945, -971, -1083, -1113, -1197, -1253, -1275, -1281], [169, 189, 325, 403, 475, 595, 685, 975, 979, 1197, 1299])
(2, 131, 1310, (2,), [-69, -181, -271, -315, -385, -421, -427, -615, -625, -681, -897, -1165, -1227, -1251], [39, 155, 309, 501, 855, 905, 1079])
(2, 132, 1320, (2,), [-347, -363, -405, -465, -527, -585, -725, -735, -915, -923, -969], [67, 87, 123, 157, 295, 547, 555, 591, 637, 907, 1015])
(2, 133, 1330, (2,), [-99, -103, -183, -259, -453, -475, -631, -973, -1011, -1039, -1191, -1209, -1215, -1233, -1281], [27, 35, 125, 161, 171, 177, 207, 315, 317, 365, 477, 837, 1095, 1179, 1187, 1229])
(2, 134, 1340, (2,), [-45, -117, -185, -197, -345, -495, -603, -695, -957, -1115, -1185, -1241, -1247], [27, 223, 235, 265, 427, 519, 553, 729, 823, 909, 1149, 1297])
(2, 135, 1350, (2,), [-45, -55, -105, -205, -301, -409, -705, -795, -819, -915, -955, -1119, -1171, -1285, -1309, -1311], [33, 311, 393, 701, 813, 849, 953, 963, 1085, 1155])
(2, 136, 1360, (2,), [-113, -243, -257, -297, -299, -335, -365, -369, -377, -423, -425, -479, -609, -743, -893, -1145, -1193, -1245, -1287, -1317], [85, 93, 121, 147, 207, 297, 483, 493, 571, 735, 847, 861, 885, 891, 1051, 1117, 1147])
(2, 137, 1370, (2,), [-13, -33, -111, -231, -265, -303, -339, -421, -553, -555, -639, -771, -849, -901, -913, -951, -1009, -1135, -1263], [155, 177, 197, 209, 225, 341, 431, 515, 611, 699, 855, 915, 921, 929, 965, 1077, 1155])
(2, 138, 1380, (2,), [-105, -203, -237, -261, -297, -423, -513, -765, -983, -1071, -1253], [87, 145, 165, 259, 273, 295, 325, 423, 429, 439, 453, 697, 759, 1057, 1149, 1183])
(2, 139, 1390, (2,), [-187, -301, -397, -447, -517, -619, -837, -951, -997, -1245], [155, 273, 305, 525, 575, 683, 921, 975, 1001, 1269, 1323])
(2, 140, 1400, (2,), [-27, -57, -77, -129, -147, -357, -623, -759, -773, -843, -875, -909, -1007, -1037, -1083, -1143, -1319], [37, 177, 207, 345, 775, 841, 915, 1023, 1281])
(2, 141, 1410, (2,), [-9, -103, -111, -165, -171, -193, -349, -523, -595, -625, -735, -745, -879, -999, -1053, -1063, -1101, -1243, -1353], [5, 95, 521, 575, 591, 705, 719, 981, 1047, 1215, 1367])
(2, 142, 1420, (2,), [-111, -351, -365, -375, -453, -585, -885, -887, -1215, -1383, -1385], [217, 303, 387, 507, 669, 763, 925, 955, 1005, 1035, 1123, 1155, 1219, 1333, 1375, 1395])
(2, 143, 1430, (2,), [-69, -127, -229, -351, -355, -381, -391, -465, -469, -471, -717, -801, -805, -885, -919, -1101, -1195, -1237, -1261, -1269], [5, 81, 141, 285, 359, 545, 653, 893, 1089, 1145, 1173, 1281, 1289])
(2, 144, 1440, (2,), [-83, -167, -279, -369, -377, -387, -395, -413, -425, -473, -635, -657, -689, -779, -825, -843, -1059, -1335], [175, 465, 733, 1135, 1335, 1375, 1395, 1435])
(2, 145, 1450, (2,), [-151, -295, -355, -453, -481, -501, -543, -783, -831, -973, -1309], [27, 135, 137, 275, 381, 555, 735, 737, 1109, 1131, 1439])
(2, 146, 1460, (2,), [-153, -335, -573, -695, -1013, -1037, -1301, -1371], [85, 163, 207, 553, 595, 655, 709, 819, 1017, 1065, 1167, 1177, 1329, 1437])
(2, 147, 1470, (2,), [-145, -325, -387, -427, -507, -615, -657, -915, -955, -1137, -1417, -1467], [51, 95, 149, 155, 305, 599, 725, 803, 849, 879, 899, 1355, 1421])
(2, 148, 1480, (2,), [-167, -197, -207, -347, -375, -585, -669, -675, -935, -1029, -1077, -1167, -1293, -1475], [91, 183, 247, 253, 357, 381, 427, 685, 753, 771, 825, 925, 993, 1147, 1173, 1177, 1215, 1357])
(2, 149, 1490, (2,), [-31, -33, -99, -199, -313, -381, -405, -433, -631, -679, -805, -885, -1021, -1123, -1135, -1351, -1405], [69, 389, 407, 425, 471, 509, 609, 777, 789, 795, 921, 1029, 1191, 1211])
(2, 150, 1500, (2,), [-3, -5, -185, -713, -803, -905, -1173, -1175, -1193, -1293, -1335], [147, 163, 385, 663, 717, 843, 1087, 1129, 1173, 1185, 1237])
(2, 151, 1510, (2,), [-195, -295, -309, -319, -445, -465, -517, -735, -775, -829, -885, -1009, -1225], [45, 335, 381, 459, 645, 683, 851, 1151, 1199, 1233, 1271, 1325])
(2, 152, 1520, (2,), [-17, -23, -209, -233, -303, -539, -623, -707, -989, -1199, -1265, -1443, -1499], [253, 261, 267, 525, 687, 715, 757, 813, 973, 993, 1197, 1237, 1323, 1507])
(2, 153, 1530, (2,), [-69, -145, -171, -399, -451, -553, -555, -639, -735, -885, -1003, -1179, -1285, -1425, -1473], [95, 215, 345, 375, 539, 677, 789, 921, 935, 941, 981, 1095, 1101, 1185, 1317, 1359])
(2, 154, 1540, (2,), [-243, -371, -393, -437, -675, -773, -795, -897, -1023, -1077, -1203, -1257, -1263, -1467, -1515], [27, 273, 295, 373, 517, 595, 709, 745, 837, 885, 1023, 1089, 1113, 1197, 1215])
(2, 155, 1550, (2,), [-31, -49, -289, -381, -405, -441, -499, -511, -825, -867, -1167, -1227], [15, 63, 195, 273, 473, 501, 725, 879, 933, 999, 1061, 1205, 1269, 1329, 1455, 1485])
(2, 156, 1560, (2,), [-143, -167, -173, -195, -587, -597, -609, -767, -1017, -1343, -1377, -1425], [45, 115, 133, 261, 345, 501, 553, 655, 841, 865, 907, 967, 1323, 1453, 1557])
(2, 157, 1570, (2,), [-19, -133, -181, -213, -259, -333, -435, -451, -753, -861, -885, -1005, -1015, -1053, -1095, -1119, -1441, -1455, -1473], [69, 101, 165, 179, 237, 365, 371, 539, 569, 629, 657, 695, 777, 951, 1131, 1241, 1301, 1491, 1541, 1547, 1557])
(2, 158, 1580, (2,), [-15, -155, -213, -255, -321, -527, -621, -665, -731, -755, -1113, -1335, -1385, -1415, -1437, -1491, -1571], [97, 189, 253, 453, 573, 637, 639, 825, 859, 937, 1027, 1045, 1125, 1129, 1255, 1323, 1327, 1353, 1467, 1519])
(2, 159, 1590, (2,), [-91, -241, -301, -441, -459, -475, -535, -651, -657, -777, -807, -861, -1075, -1141, -1167, -1291], [299, 341, 459, 509, 659, 663, 725, 795, 971, 1073, 1101, 1229, 1293, 1341, 1449, 1485, 1551])
(2, 160, 1600, (2,), [-47, -57, -75, -189, -285, -383, -465, -543, -659, -843, -1215, -1307, -1445], [7, 291, 357, 421, 471, 501, 643, 685, 861, 921, 1131])
(2, 161, 1610, (2,), [-159, -399, -493, -685, -709, -765, -973, -1011, -1099, -1263, -1305, -1503], [107, 347, 417, 597, 905, 1017, 1037, 1265, 1457, 1559])
(2, 162, 1620, (2,), [-101, -317, -447, -627, -767, -861, -1077, -1095, -1113, -1197, -1241, -1287, -1295, -1361, -1437], [19, 49, 225, 277, 345, 499, 555, 603, 613, 697, 715, 877, 903, 925, 1027, 1219, 1575, 1617])
(2, 163, 1630, (2,), [-55, -69, -577, -589, -621, -645, -759, -867, -915, -1111, -1261, -1411, -1485, -1561, -1599], [21, 45, 141, 195, 573, 623, 675, 959, 963, 1011, 1283, 1311, 1383, 1553, 1563, 1611])
(2, 164, 1640, (2,), [-63, -155, -485, -735, -779, -957, -1037, -1085, -1175, -1253, -1295, -1307, -1389, -1463, -1613, -1623], [117, 135, 151, 231, 915, 921, 967, 1047, 1233, 1251, 1257, 1273, 1405])
(2, 165, 1650, (2,), [-25, -61, -115, -271, -313, -361, -391, -501, -511, -699, -913, -985, -1141, -1155, -1183, -1291, -1311, -1353, -1389, -1411], [141, 147, 299, 455, 509, 651, 927, 1041, 1059, 1137, 1205, 1271, 1355, 1395, 1461, 1647])
(2, 166, 1660, (2,), [-5, -237, -633, -705, -753, -935, -1133, -1341, -1343], [85, 325, 613, 865, 1023, 1137, 1233])
(2, 167, 1670, (2,), [-135, -471, -577, -591, -729, -771, -801, -1015, -1221, -1231, -1321, -1351, -1519, -1561, -1611, -1669], [83, 251, 321, 581, 725, 729, 1001, 1133, 1455, 1559])
(2, 168, 1680, (2,), [-257, -585, -609, -633, -909, -1143, -1253, -1385, -1467, -1649], [87, 117, 355, 367, 381, 661, 721, 735, 807, 837, 957, 1005, 1011, 1093, 1173, 1191, 1435, 1521, 1677])
(2, 169, 1690, (2,), [-643, -675, -841, -973, -1011, -1131, -1201, -1203, -1251, -1275, -1489, -1519, -1533, -1581, -1599], [147, 395, 399, 587, 1011, 1059, 1269, 1301, 1355, 1359, 1407, 1445, 1499])
(2, 170, 1700, (2,), [-143, -153, -195, -255, -357, -525, -605, -761, -825, -897, -957, -1043, -1221, -1305, -1361, -1373, -1503, -1625], [49, 55, 79, 85, 97, 133, 135, 225, 277, 369, 403, 567, 595, 753, 933, 1009, 1083, 1119, 1285, 1317, 1353, 1399, 1419, 1609, 1617])
(2, 171, 1710, (2,), [-19, -187, -231, -649, -661, -669, -691, -831, -861, -1015, -1257, -1305, -1497], [129, 231, 341, 665, 705, 929, 1001, 1073, 1085, 1319, 1545])
(2, 172, 1720, (2,), [-95, -155, -227, -525, -537, -629, -825, -855, -879, -927, -987, -1065, -1139, -1305, -1397, -1403, -1583, -1593, -1697], [105, 177, 265, 357, 487, 717, 897, 927, 951, 1017, 1113, 1131, 1203, 1341, 1507, 1567, 1611])
(2, 173, 1730, (2,), [-55, -103, -303, -313, -343, -421, -441, -511, -531, -609, -735, -891, -1029, -1101, -1321, -1333, -1503, -1555, -1645], [77, 165, 191, 389, 431, 831, 909, 1149, 1275, 1299, 1337, 1475, 1551])
(2, 174, 1740, (2,), [-3, -17, -143, -153, -161, -215, -275, -411, -431, -465, -527, -567, -671, -807, -867, -1055, -1235, -1263, -1293, -1661], [7, 37, 73, 129, 519, 525, 609, 663, 693, 889, 915, 1159, 1339, 1377, 1495])
(2, 175, 1750, (2,), [-229, -267, -727, -837, -847, -1039, -1069, -1089, -1107, -1299, -1329, -1419, -1501, -1537], [9, 65, 735, 1071, 1085, 1109, 1131, 1319, 1599, 1749])
(2, 176, 1760, (2,), [-233, -327, -359, -455, -495, -533, -563, -657, -743, -825, -863, -897, -959, -989, -1143, -1233, -1485, -1643], [427, 531, 715, 957, 1045, 1075, 1105, 1111, 1185, 1231, 1273, 1315, 1497, 1545])
(2, 177, 1770, (2,), [-339, -609, -619, -819, -859, -873, -919, -1029, -1281, -1299, -1431, -1449, -1473, -1573, -1645, -1729], [75, 105, 107, 249, 317, 401, 407, 519, 599, 725, 789, 1067, 1395, 1437, 1461, 1719, 1745])
(2, 178, 1780, (2,), [-41, -305, -405, -557, -563, -827, -951, -1277, -1295, -1331, -1371, -1541, -1623, -1655], [87, 99, 189, 193, 577, 729, 937, 1089, 1435, 1455])
(2, 179, 1790, (2,), [-49, -159, -205, -381, -469, -471, -507, -639, -679, -687, -889, -1179, -1267, -1357, -1401, -1431, -1455, -1501, -1599, -1651, -1669, -1681, -1695, -1771], [309, 363, 441, 501, 543, 651, 875, 1043, 1181, 1185, 1463])
(2, 180, 1800, (2,), [-47, -107, -189, -447, -569, -887, -929, -1287, -1547], [15, 115, 193, 627, 787, 861, 1003, 1023, 1375, 1465, 1563, 1621, 1711, 1723, 1725])
(2, 181, 1810, (2,), [-165, -199, -271, -283, -399, -511, -675, -813, -825, -969, -1053, -1065, -1153, -1281, -1359, -1383, -1615, -1719, -1753], [165, 197, 641, 749, 759, 995, 1067, 1085, 1121, 1127, 1491, 1625])
(2, 182, 1820, (2,), [-161, -233, -267, -281, -413, -605, -681, -755, -995, -1211, -1311, -1347, -1491, -1793], [49, 207, 265, 405, 427, 457, 487, 903, 1089, 1299, 1605, 1689, 1729, 1749, 1819])
(2, 183, 1830, (2,), [-147, -319, -357, -609, -805, -945, -985, -1125, -1159, -1225, -1287, -1309, -1731], [215, 303, 381, 549, 683, 719, 725, 831, 995, 1041, 1053, 1223, 1355, 1445, 1463, 1515, 1611, 1701, 1703, 1775, 1823])
(2, 184, 1840, (2,), [-33, -59, -287, -309, -323, -963, -1145, -1187, -1203, -1233, -1373, -1527, -1575, -1709, -1757], [27, 63, 277, 471, 583, 847, 981, 1201, 1231, 1411, 1581, 1677])
(2, 185, 1850, (2,), [-303, -321, -339, -429, -651, -723, -789, -819, -915, -1029, -1251, -1351, -1701, -1765], [159, 179, 351, 407, 825, 971, 1019, 1191, 1199, 1269, 1419, 1457, 1505, 1779, 1799, 1845])
(2, 186, 1860, (2,), [-371, -485, -677, -723, -773, -923, -1371, -1445, -1497, -1577, -1665, -1713], [205, 249, 315, 345, 367, 477, 505, 645, 679, 847, 883, 907, 1395, 1473, 1549, 1633, 1737])
(2, 187, 1870, (2,), [-85, -105, -391, -477, -511, -589, -805, -861, -957, -1057, -1065, -1111, -1167, -1189, -1341, -1411, -1431, -1527, -1551, -1639, -1837], [303, 393, 581, 659, 839, 1001, 1161, 1413, 1521, 1593, 1605, 1733, 1761, 1803])
(2, 188, 1880, (2,), [-125, -143, -167, -173, -363, -705, -765, -855, -873, -1017, -1137, -1167, -1245, -1545, -1619, -1629, -1779], [57, 123, 153, 291, 331, 391, 397, 427, 513, 663, 777, 841, 861, 931, 1143, 1231, 1243, 1281, 1351, 1353, 1567])
(2, 189, 1890, (2,), [-25, -301, -469, -583, -591, -711, -819, -921, -951, -973, -1081, -1129, -1251, -1333, -1419, -1431, -1789], [35, 59, 131, 135, 371, 471, 765, 791, 1271, 1299, 1527, 1569, 1599, 1667, 1715, 1785, 1857, 1881])
(2, 190, 1900, (2,), [-11, -33, -95, -273, -651, -717, -851, -1083, -1163, -1251, -1425, -1587, -1671], [129, 223, 277, 427, 435, 589, 907, 1005, 1089, 1417, 1767])
(2, 191, 1910, (2,), [-19, -51, -69, -139, -201, -237, -325, -769, -771, -945, -1137, -1225, -1371, -1461, -1507, -1591], [5, 95, 225, 293, 315, 369, 413, 609, 665, 681, 833, 951, 975, 1169, 1223, 1281, 1443, 1493, 1563])
(2, 192, 1920, (2,), [-237, -333, -399, -489, -527, -663, -915, -945, -1059, -1143, -1167, -1245, -1385, -1403, -1409, -1413, -1425, -1487, -1539, -1773], [133, 453, 511, 565, 813, 1005, 1045, 1113, 1131, 1423, 1743, 1761, 1893])
(2, 193, 1930, (2,), [-31, -123, -423, -909, -1195, -1245, -1261, -1365, -1369, -1435, -1531, -1623, -1671, -1749, -1905], [65, 71, 129, 137, 441, 735, 959, 1029, 1047, 1101, 1185, 1469, 1505, 1589, 1901, 1929])
(2, 194, 1940, (2,), [-33, -75, -317, -393, -411, -705, -801, -987, -1185, -1191, -1335, -1601, -1631, -1751, -1815], [27, 67, 103, 517, 753, 775, 1435, 1443])
(2, 195, 1950, (2,), [-135, -915, -975, -979, -1005, -1081, -1201, -1225, -1227, -1299, -1375, -1549, -1677, -1729, -1837, -1911], [35, 53, 75, 119, 339, 423, 429, 555, 753, 861, 945, 1089, 1103, 1163, 1191, 1281, 1293, 1415, 1481, 1545, 1589, 1599, 1775])
(2, 196, 1960, (2,), [-15, -47, -215, -459, -507, -533, -585, -663, -699, -885, -1013, -1067, -1599, -1889], [21, 471, 505, 553, 633, 1185, 1197, 1231, 1303, 1365, 1527, 1555, 1651, 1801, 1875, 1893])
(2, 197, 1970, (2,), [-75, -111, -169, -439, -775, -853, -1051, -1155, -1431, -1779, -1879], [107, 117, 119, 441, 525, 561, 567, 671, 695, 867, 911, 945, 975, 1041, 1089, 1197, 1485, 1875])
(2, 198, 1980, (2,), [-17, -45, -417, -485, -615, -627, -801, -1263, -1265, -1295, -1545, -1581], [15, 49, 169, 277, 693, 763, 903, 945, 1165, 1395, 1723, 1783])
(2, 199, 1990, (2,), [-49, -189, -445, -459, -735, -909, -1021, -1065, -1707], [101, 123, 219, 455, 563, 585, 693, 1449, 1599, 1781, 1845, 1905])
(2, 200, 2000, (2,), [-75, -117, -285, -383, -387, -635, -827, -1275, -1307, -1317, -1659, -1889, -1965, -1977], [235, 697, 1027, 1255, 1285, 1465, 1503, 1527, 1593, 1713, 1723, 1741, 1773, 1827, 1917])
(2, 201, 2010, (2,), [-55, -111, -313, -381, -385, -439, -481, -663, -679, -865, -919, -1035, -1215, -1299, -1309, -1483, -1593, -1815, -1911, -1959], [351, 539, 579, 617, 651, 731, 815, 1277, 1449, 1541, 1691])
(2, 202, 2020, (2,), [-183, -195, -273, -585, -845, -977, -1043, -1067, -1161, -1355, -1433, -1457, -1875], [67, 189, 385, 577, 853, 903, 1005, 1255, 1347, 1507, 1539, 1575, 1597, 1603, 1665, 1729, 1873])
(2, 203, 2030, (2,), [-159, -187, -237, -271, -495, -741, -829, -931, -957, -1101, -1627, -1729, -1795, -1881, -1947, -2011], [15, 231, 659, 725, 755, 1155, 1239, 1329, 1385, 1563, 1661, 1695, 1731, 1779])
(2, 204, 2040, (2,), [-167, -249, -857, -1125, -1137, -1169, -1487, -1515, -1683, -1815], [7, 157, 213, 247, 261, 495, 625, 711, 901, 1125, 1257, 1797, 1857, 1947, 1965, 2031])
(2, 205, 2050, (2,), [-81, -229, -325, -343, -369, -441, -753, -825, -969, -1089, -1153, -1219, -1599, -1609, -1615], [581, 779, 827, 1049, 1331, 1359, 1745, 1877, 1917])
(2, 206, 2060, (2,), [-5, -63, -261, -297, -393, -497, -567, -813, -885, -1017, -1167, -1443, -1455, -1487, -1541, -1563, -1647, -1701, -1767, -1787, -1851], [33, 75, 169, 229, 247, 267, 877, 1197, 1273, 1345, 1525, 1633, 1779, 1869, 2025, 2053])
(2, 207, 2070, (2,), [-91, -157, -297, -369, -387, -429, -459, -481, -517, -871, -885, -895, -1081, -1147, -1221, -1297, -1467, -1677, -1705, -1941, -2029], [203, 515, 539, 711, 791, 813, 869, 885, 959, 1095, 1145, 1571, 1583, 1613, 1685, 1803, 1961, 2009])
(2, 208, 2080, (2,), [-299, -423, -563, -675, -1383, -1505, -1583, -1593, -1695, -1749, -1977], [375, 507, 661, 711, 787, 1177, 1395, 1527, 1555, 1567, 1701, 1761, 1777, 1785])
(2, 209, 2090, (2,), [-33, -273, -301, -321, -439, -451, -493, -735, -873, -885, -975, -1119, -1129, -1389, -1543, -1585, -1759, -1905, -1951], [47, 257, 261, 405, 615, 645, 785, 1037, 1145, 1247, 1365, 1659, 1899, 2067])
(2, 210, 2100, (2,), [-47, -65, -165, -171, -203, -213, -503, -555, -741, -755, -867, -887, -1053, -1073, -1115, -1385, -1397, -1503, -1743, -1817, -1851, -1977], [33, 177, 403, 543, 565, 873, 1027, 1029, 1285, 1489, 1513, 1785, 2059])
(2, 211, 2110, (2,), [-175, -481, -495, -601, -837, -1099, -1281, -1329, -1357, -1917, -2107], [71, 323, 615, 725, 731, 879, 935, 1095, 1173, 1511, 1695, 1785, 1875, 1985])
(2, 212, 2120, (2,), [-23, -29, -99, -149, -357, -413, -479, -497, -533, -695, -797, -1407, -1505, -1515, -1559, -1589, -1617, -1619, -1653, -1745, -2085], [57, 223, 261, 1045, 1065, 1227, 1311, 1353, 1467, 1491, 1573, 1653, 1731, 1807, 1873, 1975])
(2, 213, 2130, (2,), [-3, -61, -123, -513, -595, -793, -1315, -1329, -1335, -1683, -1725, -1815, -1939], [75, 221, 297, 309, 555, 659, 669, 1307, 1431, 2105, 2121])
(2, 214, 2140, (2,), [-185, -255, -395, -447, -623, -633, -707, -743, -813, -1035, -1125, -1187, -1313, -1623, -1653, -1697, -1971, -2097], [7, 217, 309, 609, 885, 1009, 1105, 1257, 1357, 1375, 1383, 1443, 1597, 1603, 1675, 1899, 1915, 1917, 1957])
(2, 215, 2150, (2,), [-157, -237, -309, -765, -897, -1081, -1147, -1189, -1377, -1477, -1479, -1767, -1779], [251, 335, 713, 755, 813, 821, 1421, 1701, 1751, 1889])
(2, 216, 2160, (2,), [-377, -479, -683, -707, -843, -1167, -1215, -1253, -1343, -1377, -1809, -1883, -1959, -2013], [423, 457, 513, 703, 793, 807, 975, 1255, 1261, 1323, 1383, 1411, 1615, 1725, 1893, 1921, 1953, 2055, 2091, 2101])
(2, 217, 2170, (2,), [-61, -229, -369, -441, -519, -675, -729, -811, -999, -1033, -1099, -1113, -1329, -1431, -1443, -1483, -1819, -1933, -2005, -2013, -2029, -2085, -2131], [129, 305, 315, 437, 839, 965, 1229, 1241, 1245, 1425, 1821])
(2, 218, 2180, (2,), [-33, -117, -233, -243, -257, -275, -297, -341, -623, -747, -827, -885, -923, -1071, -1137, -1293, -1385, -1443, -1877, -1935, -2091], [163, 267, 483, 609, 637, 765, 825, 939, 975, 1027, 1147, 1197, 1423, 1987])
(2, 219, 2190, (2,), [-121, -261, -277, -355, -397, -471, -615, -685, -1105, -1189, -1479, -1515, -1561, -1735, -1819, -1951], [185, 245, 645, 911, 1211, 1271, 1365, 1439, 1449, 1535, 1571, 1601])
(2, 220, 2200, (2,), [-77, -167, -395, -473, -483, -585, -587, -609, -923, -963, -1025, -1187, -1193, -1649, -1769, -1803, -1833, -1883, -1925, -1995, -2189], [217, 463, 721, 955, 1491, 1597, 1707, 1917, 1995, 2013])
(2, 221, 2210, (2,), [-3, -133, -309, -373, -411, -573, -759, -855, -979, -999, -1945, -2029, -2101, -2205], [81, 509, 629, 701, 791, 1017, 1271, 1287, 1371, 1509, 1847, 1881])
(2, 222, 2220, (2,), [-117, -263, -335, -437, -641, -647, -875, -1035, -1103, -1125, -1253, -1311, -1463, -1727, -1901], [49, 57, 109, 127, 163, 453, 613, 697, 793, 889, 1207, 1339, 1407, 1549, 1669, 1927, 1953, 1957, 1975, 2019, 2067, 2179, 2215])
(2, 223, 2230, (2,), [-235, -259, -549, -715, -777, -1125, -1221, -1225, -1417, -1621, -1711, -1765, -1921, -2139, -2229], [189, 255, 489, 573, 849, 975, 1023, 1085, 1101, 1539])
(2, 224, 2240, (2,), [-63, -363, -573, -719, -773, -857, -1025, -1223, -1227, -1253, -1265, -1275, -1407, -1785, -2103], [735, 813, 1357, 1761, 1957, 1995, 2125, 2143])
(2, 225, 2250, (2,), [-49, -81, -103, -261, -445, -489, -609, -625, -741, -825, -1089, -1131, -1441, -1465, -1563, -1579, -1663, -1761, -1875], [119, 141, 297, 425, 477, 509, 519, 1011, 1029, 1047, 1055, 1209, 1337, 1631, 1727, 1835, 1845, 2147, 2159, 2165, 2217])
(2, 226, 2260, (2,), [-5, -77, -155, -203, -215, -417, -533, -573, -767, -833, -923, -1223, -1301, -1305, -1341, -1515, -1811], [735, 867, 979, 1347, 1429, 1473, 1507, 1513, 1735, 1885, 1893, 1977, 2025])
(2, 227, 2270, (2,), [-405, -441, -625, -721, -835, -855, -1017, -1149, -1479, -1507, -1815, -1911, -2017, -2049], [483, 1035, 1271, 1299, 1433, 1481, 1649, 1853, 2111])
(2, 228, 2280, (2,), [-93, -149, -185, -455, -537, -549, -723, -899, -1209, -1283, -1533, -1545, -1619, -1635, -1725, -1757, -1859, -2103], [3, 355, 397, 631, 661, 841, 931, 1005, 1071, 1093, 1305, 1461, 1543, 1785, 1887, 1993])
(2, 229, 2290, (2,), [-91, -291, -475, -531, -565, -685, -733, -775, -939, -1093, -1413, -1539, -1621, -1735, -1911, -1989, -2059], [249, 251, 459, 627, 981, 1019, 1085, 1145, 1221, 1521, 1529, 1635, 1725, 1847])
(2, 230, 2300, (2,), [-27, -77, -345, -351, -831, -917, -1221, -1245, -1247, -1335, -1581, -1685, -1767, -1841, -1853, -2063, -2093, -2103, -2187, -2283], [67, 163, 183, 897, 1087, 1129, 1167, 1213, 1219, 1255, 1323, 1447, 1453, 1675, 1749, 1927, 2137])
(2, 231, 2310, (2,), [-165, -217, -235, -249, -345, -391, -399, -439, -481, -559, -745, -847, -949, -991, -1081, -1251, -1407, -1449, -1501, -1629, -1785, -1819], [105, 171, 381, 429, 441, 599, 641, 723, 803, 1053, 1055, 1125, 1359, 1493, 1503, 1653, 1811, 1871, 1919, 2079])
(2, 232, 2320, (2,), [-567, -665, -833, -875, -1163, -1197, -1253, -1403, -1917, -2097, -2175, -2183], [357, 787, 801, 807, 867, 1093, 1105, 1215, 1341, 1407, 1501])
(2, 233, 2330, (2,), [-3, -159, -289, -373, -511, -531, -595, -615, -759, -1113, -1365, -1395, -1531, -1555, -1599, -1675, -1725, -1773, -2155], [431, 489, 551, 929, 947, 977, 1185, 1289, 1295, 1397, 1517, 1625, 1841, 2031])
(2, 234, 2340, (2,), [-83, -243, -257, -341, -503, -581, -593, -683, -1157, -1803, -1973, -2133, -2177, -2291], [43, 225, 255, 399, 403, 555, 597, 717, 777, 915, 1023, 1137, 1173, 1233, 1239, 1363, 1435, 1473, 1845, 2065])
(2, 235, 2350, (2,), [-15, -151, -181, -259, -451, -537, -561, -679, -727, -1167, -1191, -2157, -2227, -2245], [81, 95, 303, 581, 615, 669, 965, 1011, 1253, 1269, 1389, 1511, 1533, 1535, 1763, 1799, 2079, 2153])
(2, 236, 2360, (2,), [-209, -455, -513, -569, -657, -875, -915, -1203, -1317, -1349, -1623, -1905, -1919, -1965, -2093, -2103, -2343], [25, 97, 193, 237, 403, 733, 841, 1045, 1131, 1197, 1533, 1545, 1677, 2035, 2121, 2223, 2247])
(2, 237, 2370, (2,), [-181, -649, -765, -829, -949, -1449, -1515, -1633, -1689, -1711, -1815, -1869, -2049, -2061, -2071, -2161, -2313, -2349], [249, 417, 431, 621, 635, 731, 789, 855, 897, 945, 1095, 1547, 1559, 1619, 1725, 1877, 1901, 1905, 1979, 2247, 2289, 2315, 2355])
(2, 238, 2380, (2,), [-161, -215, -383, -425, -665, -731, -791, -825, -1263, -1313, -1607, -1667, -1685, -1923, -1925, -1943, -1977, -2141], [67, 189, 199, 319, 517, 709, 879])
(2, 239, 2390, (2,), [-87, -199, -421, -531, -939, -1147, -1395, -1701, -2001, -2187, -2365], [29, 131, 245, 431, 459, 683, 1091, 1103, 1233, 1731, 1955, 2079])
(2, 240, 2400, (2,), [-467, -797, -887, -1493, -1529, -2027, -2093, -2253], [115, 325, 751, 897, 1125, 1303, 1405, 1423, 2047, 2091, 2137, 2191])
(2, 241, 2410, (2,), [-39, -819, -1383, -2065, -2113, -2133, -2215, -2253, -2295], [261, 345, 477, 597, 639, 759, 785, 1179, 1361, 1397, 2289, 2409])
(2, 242, 2420, (2,), [-63, -267, -281, -527, -777, -945, -971, -1077, -1223, -1487, -1527, -1851, -1881, -2241, -2343], [69, 273, 519, 553, 1077, 1285, 1467, 1479, 1653, 2025])
(2, 243, 2430, (2,), [-9, -31, -199, -475, -507, -699, -1117, -1125, -1179, -1417, -1479, -1687, -1857, -2125, -2155], [59, 203, 303, 645, 779, 1083, 1085, 1211, 1379, 1391, 1523, 1529, 1533, 1713, 1775, 2171, 2301])
(2, 244, 2440, (2,), [-189, -329, -767, -1065, -1289, -1553, -1565, -1923, -2105], [133, 235, 493, 685, 727, 1087, 1107, 1555, 1935, 2037, 2113, 2293])
(2, 245, 2450, (2,), [-163, -303, -489, -759, -843, -861, -1039, -1321, -1389, -1413, -1479, -1659, -1939, -2043], [315, 317, 515, 779, 855, 939, 1121, 1181, 1187, 1247, 1499, 1755, 1899, 2055])
(2, 246, 2460, (2,), [-107, -171, -243, -483, -567, -797, -945, -1155, -1617, -1697, -2013, -2085, -2135, -2225], [337, 435, 579, 945, 1285, 1437, 1537, 1615, 1759, 1849, 1879, 2065, 2073, 2247, 2305])
(2, 247, 2470, (2,), [-81, -309, -361, -411, -525, -571, -729, -939, -1047, -1149, -1377, -1537, -1735, -2071, -2085, -2089, -2307], [63, 269, 273, 315, 519, 549, 699, 1253, 1305, 1415, 1431, 1473, 1625, 1869, 1961, 2075, 2123, 2261, 2313, 2375])
(2, 248, 2480, (2,), [-237, -387, -485, -603, -605, -765, -887, -1097, -1223, -1515, -1617, -1739, -1815, -1865, -1977, -1979, -2135, -2337], [81, 375, 447, 453, 483, 691, 945, 1225, 1323, 1345, 1527, 1611, 1737, 1773, 2055, 2143, 2281, 2371])
(2, 249, 2490, (2,), [-75, -279, -385, -403, -531, -583, -595, -693, -999, -1021, -1075, -1173, -1263, -1371, -1375, -1521, -1839, -1869, -1881, -1911, -1959, -2109, -2119, -2139, -2149, -2443], [119, 315, 521, 591, 609, 681, 981, 1041, 1235, 1305, 1437, 1601, 1629, 1739, 1949, 2039, 2427])
(2, 250, 2500, (2,), [-207, -407, -1053, -1391, -1655, -1671, -1785, -1793, -2111, -2327, -2331, -2451], [25, 409, 423, 633, 843, 975, 1179, 1243, 1369, 1507, 1575, 1633, 1897, 2055, 2493])
(2, 251, 2510, (2,), [-9, -325, -355, -369, -451, -465, -615, -619, -1141, -1339, -2361, -2457], [65, 69, 89, 105, 233, 483, 671, 683, 771, 1679, 1895, 2309, 2391])
(2, 252, 2520, (2,), [-129, -143, -413, -549, -705, -749, -839, -1077, -1133, -1175, -1245, -1305, -1329, -1515, -1517, -1725, -1853, -1983, -2099, -2177, -2429], [421, 933, 1137, 1213, 1401, 1687, 2217, 2275, 2413])
(2, 253, 2530, (2,), [-273, -391, -421, -1615, -1723, -1725, -1791, -1879, -1951, -2091, -2269, -2341], [39, 51, 315, 329, 365, 429, 527, 569, 599, 837, 1085, 1547, 1871, 1875, 1877, 2055, 2465])
(2, 254, 2540, (2,), [-245, -521, -701, -933, -941, -1223, -1311, -1427, -1491, -1527, -1977, -2441, -2501], [79, 153, 163, 207, 247, 355, 363, 739, 1015, 1063, 1105, 1119, 1149, 1297, 1299, 1485, 1899, 2077, 2389])
(2, 255, 2550, (2,), [-19, -31, -475, -735, -765, -921, -949, -1285, -1311, -1351, -1645, -1831, -1839, -1941, -2149, -2427], [95, 141, 275, 333, 443, 491, 539, 611, 821, 1073, 1109, 1131, 1155, 1241, 1269, 1271, 1535, 1625, 1661, 1719])
(2, 256, 2560, (2,), [-189, -357, -435, -587, -617, -923, -1053, -1299, -1539, -1883, -2063], [297, 301, 357, 487, 583, 757, 795, 807, 847, 931, 1081, 1387, 1407, 1497, 1525, 1935, 2023, 2065, 2121, 2271, 2293, 2305])
(2, 257, 2570, (2,), [-93, -363, -493, -679, -813, -819, -1861, -2113, -2211, -2233, -2343, -2491, -2533], [155, 509, 837, 897, 947, 1029, 1395, 2057, 2079, 2379])
(2, 258, 2580, (2,), [-87, -1017, -1203, -1355, -1385, -1547, -1773, -2411, -2415], [73, 369, 465, 477, 493, 529, 555, 655, 1047, 1065, 1089, 1255, 1257, 1477, 2125, 2467])
(2, 259, 2590, (2,), [-361, -417, -561, -745, -885, -987, -1069, -1071, -1159, -1305, -1599, -1671, -1791, -1959, -2007, -2017, -2115, -2119, -2209], [435, 473, 563, 989, 1169, 1191, 1443, 1509, 1695, 1961, 1971, 2195, 2313, 2541])
(2, 260, 2600, (2,), [-149, -597, -687, -689, -803, -983, -995, -1247, -1373, -1419, -1533, -1707, -1787, -1983, -2123, -2147, -2429, -2537], [223, 387, 397, 487, 565, 583, 831, 1371, 1581, 1723, 1845, 1947, 2017])
(2, 261, 2610, (2,), [-223, -261, -361, -609, -1251, -1263, -1629, -1791, -2023, -2095, -2181, -2439, -2541], [105, 137, 311, 501, 627, 935, 1011, 1155, 1349, 1575, 1695, 1715, 1731, 1757, 1785, 1871, 2051, 2117, 2177, 2255])
(2, 262, 2620, (2,), [-71, -287, -453, -515, -711, -1013, -1127, -1187, -1365, -1415, -1503, -1641, -1971, -2321, -2511, -2553], [79, 375, 555, 729, 1033, 1045, 1089, 1149, 1203, 1813, 1815, 1893, 2209, 2283, 2319, 2389, 2419])
(2, 263, 2630, (2,), [-747, -819, -939, -1017, -1101, -1297, -1665, -1767, -2337], [9, 35, 83, 293, 371, 753, 855, 1133, 1451, 1481, 1493, 1563, 1643, 1799, 1835, 1931, 2141, 2169, 2195, 2543, 2549])
(2, 264, 2640, (2,), [-275, -363, -567, -1245, -1257, -1355, -1419, -1505, -1635, -2013, -2049, -2195, -2373, -2495, -2615], [175, 625, 841, 1177, 1225, 1407, 1555, 1605, 1725, 1951, 2215, 2265, 2385, 2563, 2607])
(2, 265, 2650, (2,), [-49, -115, -139, -211, -489, -601, -1063, -1281, -1285, -1399, -1401, -1455, -1585, -2475, -2631], [77, 137, 515, 737, 807, 1029, 1521, 1527, 1829, 1911, 2285, 2447, 2471])
(2, 266, 2660, (2,), [-3, -213, -365, -1115, -1611, -1851, -2171, -2177, -2273, -2477, -2645], [133, 135, 193, 417, 903, 1167, 1429, 1435, 1437, 1527, 1657, 1659, 1947, 2157, 2637])
(2, 267, 2670, (2,), [-265, -427, -481, -517, -555, -595, -1099, -1381, -1449, -1797, -1875, -2079, -2299], [309, 365, 579, 1151, 1179, 1499, 1803, 1815, 2153, 2175, 2339])
(2, 268, 2680, (2,), [-77, -329, -719, -825, -1305, -1635, -1749, -2009, -2259, -2273, -2625], [43, 111, 121, 483, 1005, 1051, 1851, 2187, 2607, 2667])
(2, 269, 2690, (2,), [-241, -343, -603, -615, -709, -1155, -1281, -1431, -1713, -1759, -1875, -1989, -2169, -2331, -2485, -2529, -2551], [245, 429, 447, 855, 999, 1355, 1397, 2169, 2261, 2459])
(2, 270, 2700, (2,), [-53, -611, -1071, -1251, -1397, -1691, -1847, -1853, -2133, -2343, -2657], [127, 133, 705, 1107, 1179, 1195, 1269, 1729, 1827, 1855, 2035, 2557])
(2, 271, 2710, (2,), [-169, -441, -967, -1221, -1419, -2289, -2295, -2617], [855, 941, 1443, 1509, 1695, 1805, 1899, 2151, 2675, 2681])
(2, 272, 2720, (2,), [-237, -287, -689, -905, -1253, -1443, -2159, -2355, -2367, -2397, -2543, -2553, -2663], [57, 81, 163, 223, 391, 393, 453, 463, 603, 613, 907, 1167, 1215, 1245, 1803, 1923, 2121, 2353, 2365, 2433, 2517, 2575])
(2, 273, 2730, (2,), [-205, -321, -345, -795, -963, -1101, -1269, -1321, -1329, -1725, -2299, -2305, -2443], [5, 35, 365, 387, 455, 539, 935, 1047, 1209, 1355, 1479, 1691, 1925, 2009, 2019, 2067, 2121, 2199, 2375, 2469, 2649, 2691])
(2, 274, 2740, (2,), [-305, -351, -707, -785, -801, -843, -1077, -1263, -1793, -1833, -1893, -1917, -2481, -2531], [63, 67, 177, 295, 297, 685, 715, 925, 1099, 1119, 1185, 1243, 1905, 1983, 2179, 2205, 2419, 2535, 2593, 2713])
(2, 275, 2750, (2,), [-129, -199, -205, -651, -721, -939, -999, -1017, -1051, -1629, -1665, -1717, -1809, -2277, -2665], [363, 545, 635, 651, 755, 911, 1155, 1185, 1331, 1421, 1463, 1635, 2175, 2325, 2349, 2375, 2429, 2699])
(2, 276, 2760, (2,), [-89, -453, -473, -483, -609, -675, -915, -1133, -1287, -1295, -1343, -1607, -1829, -2105, -2469, -2603, -2687], [157, 963, 1431, 1621, 1695, 1747, 1821, 1843, 2187, 2341, 2437, 2511, 2593])
(2, 277, 2770, (2,), [-103, -181, -859, -1221, -1603, -2071, -2115, -2289, -2343, -2409, -2605, -2689], [101, 179, 267, 465, 657, 659, 759, 849, 857, 1085, 1161, 1281, 1289, 1425, 1637, 1827, 2067, 2139, 2307, 2667, 2759])
(2, 278, 2780, (2,), [-93, -623, -653, -665, -831, -857, -947, -1493, -1553, -1563, -1805, -1923, -2157, -2177, -2315, -2385, -2417, -2501, -2697, -2757], [117, 559, 709, 847, 1239, 1269, 1513, 1705, 1729, 1887, 2389, 2517, 2547, 2589])
(2, 279, 2790, (2,), [-69, -231, -535, -751, -781, -1159, -1509, -1629, -1839, -2035, -2119, -2137, -2187, -2221, -2271, -2289, -2455, -2511, -2655], [89, 303, 633, 873, 1031, 1421, 1613, 1719, 1821, 1823, 1839, 2705, 2753])
(2, 280, 2800, (2,), [-47, -105, -195, -725, -1077, -1415, -2105, -2199], [45, 547, 633, 651, 1023, 1035, 1107, 1137, 1197, 1273, 1743, 1821, 2157, 2191, 2373, 2677])
(2, 281, 2810, (2,), [-139, -259, -601, -615, -633, -663, -729, -853, -931, -1195, -1323, -1591, -1723, -2253, -2313, -2401, -2439, -2703], [197, 567, 615, 617, 869, 1139, 1479, 1667, 2001, 2067, 2111, 2135, 2195, 2291, 2415, 2567])
(2, 282, 2820, (2,), [-83, -93, -237, -245, -425, -443, -503, -557, -647, -1431, -1677, -2055, -2153, -2211, -2307, -2327, -2565, -2615, -2663, -2687], [159, 189, 537, 603, 669, 889, 913, 973, 1065, 1303, 1323, 1365, 1425, 1449, 1929, 2353, 2583, 2629])
(2, 283, 2830, (2,), [-45, -1225, -1239, -1431, -1455, -1615, -2107, -2355, -2485, -2667, -2695], [375, 513, 539, 741, 1145, 1155, 1161, 1281, 1283, 1379, 1493, 1535, 1551, 1563, 2039, 2183, 2501, 2673, 2793])
(2, 284, 2840, (2,), [-173, -323, -2009, -2109, -2159, -2333, -2417], [343, 415, 513, 525, 531, 747, 931, 1027, 1071, 1185, 1321, 1947, 1957, 2121, 2395, 2475, 2601, 2605])
(2, 285, 2850, (2,), [-9, -33, -735, -1081, -1243, -1641, -1839, -1879, -1965, -2245, -2313, -2751], [17, 401, 509, 669, 719, 1155, 1439, 1517, 1715, 1769, 1905, 1941, 2031, 2051, 2241, 2847])
(2, 286, 2860, (2,), [-165, -521, -533, -593, -617, -915, -983, -1265, -1433, -1797, -2157, -2271, -2351, -2633, -2745], [43, 303, 345, 357, 385, 507, 543, 979, 1099, 1623, 1939, 1969, 2293, 2467, 2727, 2815])
(2, 287, 2870, (2,), [-115, -435, -771, -835, -937, -951, -1401, -1441, -1759, -1861, -2029, -2145, -2257, -2641], [35, 65, 273, 371, 989, 1103, 1271, 2079, 2805])
(2, 288, 2880, (2,), [-167, -525, -567, -1355, -1473, -1595, -1875, -2349, -2537, -2765], [127, 541, 555, 927, 1041, 1137, 1555, 1783, 1797, 2137, 2251, 2361])
(2, 289, 2890, (2,), [-493, -843, -945, -1383, -1489, -1621, -2083, -2143, -2575, -2649], [101, 461, 617, 987, 1019, 1115, 1329, 1365, 1427, 1539, 1599, 2267])
(2, 290, 2900, (2,), [-47, -83, -503, -825, -1221, -1553, -1587, -1641, -1697, -1791, -1835, -1953, -1977, -2283, -2315, -2325, -2337, -2841], [553, 565, 765, 849, 1227, 1455, 1657, 1945, 2235, 2317, 2755, 2769])
(2, 291, 2910, (2,), [-19, -315, -427, -861, -907, -987, -1017, -1195, -1329, -2085, -2187, -2245, -2277, -2341, -2385, -2397, -2419, -2505, -2841], [71, 305, 599, 609, 611, 639, 653, 789, 851, 953, 1085, 1103, 1179, 1205, 1215, 1221, 1283, 1313, 1425, 2009, 2315, 2555, 2625, 2829])
(2, 292, 2920, (2,), [-167, -197, -207, -657, -789, -923, -977, -1623, -1655, -1967, -2349, -2357, -2367, -2477, -2483, -2565, -2783], [13, 91, 571, 793, 937, 1425, 1693, 1695, 2113, 2257, 2281, 2905])
(2, 293, 2930, (2,), [-601, -1095, -1389, -1455, -1459, -1693, -1849, -1863, -2071, -2163, -2239, -2341, -2623, -2691, -2721], [239, 491, 609, 741, 855, 1155, 1335, 1625, 1709, 1859, 2279, 2745])
(2, 294, 2940, (2,), [-35, -135, -177, -245, -315, -515, -633, -917, -1047, -1125, -1167, -1301, -1587, -1691, -1707, -1731, -1841, -2253, -2307, -2355, -2463, -2883, -2897], [67, 169, 205, 249, 403, 949, 1107, 1389, 1507, 1783, 1867, 1905, 2125, 2175, 2245, 2287, 2359, 2647])
(2, 295, 2950, (2,), [-171, -421, -459, -511, -585, -1291, -1461, -1579, -1611, -2077, -2335, -2751, -2799, -2895], [9, 143, 291, 323, 503, 701, 713, 855, 869, 1163, 1203, 1205, 1269, 1359, 1641, 1803, 2109, 2613, 2753, 2769, 2909])
(2, 296, 2960, (2,), [-285, -785, -1007, -1287, -1389, -1709, -1727, -2117, -2295, -2477, -2793, -2807, -2877], [61, 163, 247, 403, 825, 831, 841, 907, 945, 1035, 1153, 1467, 1611, 1633, 1857, 2373, 2415, 2671, 2797])
(2, 297, 2970, (2,), [-123, -171, -285, -333, -619, -693, -703, -859, -1273, -1501, -1879, -1909, -1953, -2131, -2169, -2533, -2725, -2959], [11, 17, 215, 227, 245, 249, 915, 971, 1029, 1397, 1641, 1827, 2121, 2159, 2265, 2307, 2637, 2795, 2961])
(2, 298, 2980, (2,), [-341, -483, -953, -1223, -1251, -1307, -1475, -1805, -1845, -1907, -2087, -2153, -2201, -2307], [463, 813, 919, 1005, 1149, 1227, 1269, 1435, 1753, 1765, 2085])
(2, 299, 2990, (2,), [-69, -405, -429, -675, -1015, -1017, -1105, -1137, -1167, -1539, -1995, -2109, -2169, -2185, -2457, -2521, -2565, -2719, -2725, -2761, -2805], [443, 455, 645, 915, 1205, 1229, 1415, 1595, 1901, 2225, 2231, 2735])
(2, 300, 3000, (2,), [-153, -185, -383, -413, -483, -539, -693, -779, -1047, -1097, -1347, -1377, -1383, -1575, -1605, -1845, -1943, -1967, -2387, -2525, -2559, -2805], [157, 385, 631, 1051, 1071, 1113, 1255, 1401, 1725, 1773, 1941, 2047, 2091, 2191, 2257, 2455])
(2, 301, 3010, (2,), [-265, -523, -861, -1249, -1299, -1309, -1365, -1869, -1963, -1981, -2005, -2271, -2349], [27, 165, 261, 321, 459, 521, 1397, 1749, 1751, 1865, 1931, 2519, 2625, 2661, 2829])
(2, 302, 3020, (2,), [-267, -293, -647, -1043, -1307, -1581, -1601, -2037, -2141, -2241, -2243, -2255, -2271, -2451, -2537, -2745], [307, 609, 853, 879, 943, 1215, 1489, 1605, 1773, 2113, 2545])
(2, 303, 3030, (2,), [-121, -207, -241, -249, -321, -381, -549, -637, -835, -955, -1077, -1531, -1621, -1701, -2421, -2545, -2775, -2931, -3009], [101, 341, 455, 543, 753, 1083, 1221, 1541, 2469, 2529, 2651, 3003, 3005])
(2, 304, 3040, (2,), [-75, -1403, -1685, -1707, -1739, -1883, -1937, -2219, -2255, -2307, -2607, -2877, -2955], [37, 703, 783, 837, 1003, 1213, 1683, 1695, 1845, 1855, 1963, 2383, 2487, 2947])
(2, 305, 3050, (2,), [-103, -429, -453, -1195, -1339, -1581, -2019, -2581, -2989, -3043], [131, 285, 677, 795, 1197, 1245, 1637, 1689, 1815, 1839, 2057, 2247, 2339, 2409, 2801])
(2, 306, 3060, (2,), [-503, -947, -1017, -1797, -2063, -2093, -2175, -2597, -2655, -2817], [45, 73, 117, 375, 1503, 1725, 1789, 2283, 2343, 2629])
(2, 307, 3070, (2,), [-99, -147, -187, -255, -319, -369, -511, -631, -879, -1021, -1435, -1881, -2061, -2071, -2407, -2469, -2535, -2821], [135, 725, 753, 875, 905, 923, 993, 1155, 1473, 1605, 2285, 2313, 2319, 2415, 2591, 2759, 2913])
(2, 308, 3080, (2,), [-159, -189, -615, -777, -959, -1025, -1079, -1139, -1409, -1443, -1995, -2259, -2639, -2883, -2903, -2955, -2975, -3045, -3047], [27, 81, 621, 733, 1045, 1297, 1483, 1495, 2095, 2107, 2251, 2301, 2445, 2625, 3021])
(2, 309, 3090, (2,), [-493, -2673, -2733, -2949], [659, 969, 1029, 1047, 1109, 1167, 1509, 1601, 1635, 1727, 1731, 1905, 2319, 2427, 2889, 3015, 3077])
(2, 310, 3100, (2,), [-77, -255, -635, -645, -755, -1097, -1127, -1235, -1377, -1533, -1623, -1965, -2021, -2127, -2547, -2621, -2747, -2901, -2975, -3011], [15, 189, 265, 283, 447, 529, 799, 829, 949, 1005, 1203, 2185, 2337, 2425, 2517, 2593, 2709, 2799])
(2, 311, 3110, (2,), [-45, -75, -181, -199, -271, -297, -471, -789, -885, -1071, -1287, -1395, -1401, -1629, -1689, -1737, -1851, -1965, -2187, -2271, -2371, -2551, -2875], [111, 303, 419, 665, 725, 761, 1359, 1511, 1715, 1859, 1973, 2063, 2163, 2345, 2441, 2763, 2795])
(2, 312, 3120, (2,), [-203, -689, -753, -1385, -1449, -1547, -1575, -1655, -1683, -1799, -2069, -2229, -2253, -2723, -3023, -3099], [91, 463, 991, 1015, 1051, 1557, 1957, 2265, 2535])
(2, 313, 3130, (2,), [-139, -343, -439, -669, -675, -759, -915, -1893, -1993, -2371, -2409, -2889, -2941], [125, 279, 305, 647, 711, 725, 1245, 1655, 1799, 1809, 1977, 2141, 2517, 2699, 2739, 2811, 2967])
(2, 314, 3140, (2,), [-113, -453, -677, -695, -981, -1013, -1037, -1067, -1121, -1277, -1295, -1443, -1937, -1955, -2037, -2135, -2235, -2675], [93, 277, 307, 349, 657, 933, 1189, 1275, 1719, 1743, 1833, 1905, 2667, 2935, 3057])
(2, 315, 3150, (2,), [-465, -691, -1041, -1417, -1479, -1515, -1795, -2217, -2769, -2839], [81, 203, 219, 675, 753, 885, 1043, 1083, 1185, 1373, 1649, 1895, 2039, 2373, 2985, 3129])
(2, 316, 3160, (2,), [-57, -243, -267, -293, -353, -399, -507, -899, -1259, -1323, -1469, -1679, -1779, -2103, -2723, -3153], [87, 385, 507, 577, 631, 891, 967, 1035, 1075, 1221, 1341, 1365, 1987, 2145, 2611, 2997])
(2, 317, 3170, (2,), [-33, -379, -523, -609, -1009, -1065, -1351, -1521, -1773, -1821, -2491, -2613, -2731, -3081], [9, 317, 417, 987, 1035, 1041, 1455, 1677, 1989, 2045, 2199, 2727])
(2, 318, 3180, (2,), [-165, -275, -681, -807, -1337, -1427, -1617, -1931, -2075, -2295, -3111, -3143], [933, 975, 1335, 1393, 1435, 1443, 1843, 1935, 2293, 2409, 2713, 2815, 2917])
(2, 319, 3190, (2,), [-795, -865, -1191, -1911, -2059, -2475, -2989], [9, 101, 123, 281, 293, 375, 531, 611, 645, 923, 941, 953, 1155, 1539, 2879])
(2, 320, 3200, (2,), [-197, -743, -825, -843, -873, -1007, -1017, -1217, -1815, -2955, -3053, -3069], [27, 261, 391, 525, 561, 793, 931, 1413, 1857, 1981, 2011, 2101, 2125, 2503, 2697, 2833, 2857, 2937, 3121, 3157])
(2, 321, 3210, (2,), [-9, -45, -609, -769, -1053, -1165, -1389, -1395, -1431, -1675, -1791, -1945, -1965, -2211, -2299, -2379, -2635, -2779, -2931], [165, 561, 927, 1067, 1097, 1271, 1367, 1965, 2009, 2307, 2409, 2507, 2999])
(2, 322, 3220, (2,), [-11, -185, -923, -1121, -1233, -1307, -2307, -2373, -2583, -2717, -2723, -2927], [219, 297, 673, 1297, 1359, 1659, 1749, 2059, 2355, 2409])
(2, 323, 3230, (2,), [-141, -247, -309, -919, -1269, -1345, -1431, -1629, -1731, -1951, -1987, -2079, -2731], [273, 413, 1001, 1031, 1089, 1113, 1143, 1391, 1595, 1623, 1703, 1835, 1989, 2079, 2483, 2501, 2685, 2741, 3129])
(2, 324, 3240, (2,), [-23, -177, -777, -923, -1055, -1299, -1329, -1385, -1449, -1799, -1833, -1995, -2573, -2735, -2915, -2945, -3077, -3203], [397, 921, 973, 981, 1027, 1155, 1213, 1407, 1983, 2427, 2455, 2623, 2665])
(2, 325, 3250, (2,), [-399, -433, -1051, -1219, -1261, -1485, -1701, -2013, -2349, -2413, -2673, -2931], [137, 315, 455, 605, 641, 819, 951, 975, 1031, 1217, 1605, 1815, 1829, 2369, 2471, 2781, 2891])
(2, 326, 3260, (2,), [-101, -117, -215, -731, -1731, -1823, -1833, -1995, -2603, -2807, -2841, -3123, -3185], [249, 825, 967, 1219, 1525, 2347, 2959, 3033, 3163, 3213])
(2, 327, 3270, (2,), [-595, -951, -979, -1077, -1297, -1549, -1939, -2667, -2961, -3055], [9, 233, 453, 1299, 1323, 1403, 1661, 1803, 2513, 2529, 2909, 3015, 3059, 3129])
(2, 328, 3280, (2,), [-155, -437, -629, -693, -843, -977, -1019, -1119, -1475, -1503, -1529, -1545, -1583, -1679, -2189, -2253, -2637, -2897], [15, 433, 1035, 1611, 1707, 2053, 2085, 2457, 2487, 2523, 2811, 3037, 3171])
(2, 329, 3290, (2,), [-139, -243, -273, -339, -489, -531, -1665, -1963, -2145, -2343, -2605], [39, 239, 417, 921, 1071, 1439, 1917, 1947, 1997, 2367, 2589, 3051, 3135])
(2, 330, 3300, (2,), [-255, -437, -927, -1001, -1217, -1445, -1595, -1911, -3185], [93, 295, 435, 579, 1369, 1569, 1629, 1785, 1843, 1963, 2209, 2307, 2433, 2509, 2527, 2745, 3139])
(2, 331, 3310, (2,), [-61, -459, -745, -969, -1261, -1449, -1599, -1771, -2029, -2737, -2941, -3249], [203, 489, 939, 1385, 1485, 1751, 1851, 1983, 2009, 2685, 3095])
(2, 332, 3320, (2,), [-707, -1077, -1109, -1217, -1293, -1485, -1487, -1613, -2789, -2987, -3039], [393, 435, 643, 883, 973, 1147, 1441, 1615, 1623, 2167, 2275, 2307, 3001])
(2, 333, 3330, (2,), [-483, -741, -805, -913, -955, -1041, -1083, -1131, -1243, -1353, -1425, -1593, -1675, -1771, -1791, -1795, -1995, -2383, -2419, -2509, -2559, -2665, -2671, -2805, -3013, -3163, -3285], [285, 939, 1019, 1097, 1517, 1551, 1827, 1989, 2339, 2415, 2711, 2817])
(2, 334, 3340, (2,), [-243, -603, -711, -981, -1085, -1425, -1637, -1901, -1953, -2423, -2475, -2853, -2925, -2967, -3071, -3251, -3317], [507, 595, 727, 847, 1005, 1669, 1735, 1815, 1957, 2277, 2337, 2457, 2523, 2527, 2535, 2593, 3187])
(2, 335, 3350, (2,), [-321, -511, -541, -759, -871, -1227, -1399, -1821, -2131, -2337, -2487, -2809, -2829, -3099, -3151], [173, 183, 239, 345, 803, 1061, 1269, 1329, 1583, 1661, 2165, 2301, 2409, 2435, 2505, 2561, 3053, 3129, 3171, 3231, 3239])
(2, 336, 3360, (2,), [-3, -17, -303, -585, -627, -707, -723, -1047, -1413, -1479, -2097, -2183, -2333, -2615, -3119], [241, 1215, 2025, 2097, 2163, 2217, 2457, 3141])
(2, 337, 3370, (2,), [-75, -1443, -1579, -1615, -1659, -1693, -1741, -1785, -1915, -2793, -2859, -2973, -3225, -3339], [71, 105, 177, 911, 1067, 1197, 2601])
(2, 338, 3380, (2,), [-15, -275, -315, -401, -467, -603, -623, -843, -951, -1053, -1253, -1293, -1443, -1893, -1965, -1995, -2183, -2561, -2963], [97, 99, 483, 757, 777, 817, 903, 937, 1059, 1279, 1357, 1365, 1455, 1617, 1743, 2707, 2847, 2883, 3213, 3283])
(2, 339, 3390, (2,), [-147, -415, -751, -865, -901, -921, -1311, -1375, -1881, -1911, -1995, -2347, -2499, -2695, -2797, -2817, -2925, -2931, -2989, -3189, -3307], [185, 275, 303, 933, 1211, 1275, 1923, 2063, 2129, 2165, 2445, 2523, 2531, 2571, 2633, 2721, 2765, 2963, 3071, 3105])
(2, 340, 3400, (2,), [-293, -299, -437, -699, -1187, -1203, -1209, -1217, -1389, -1439, -1757, -2049, -2813, -2909], [291, 661, 757, 811, 1527, 1653, 1873, 1981, 1987, 2157, 2575, 2605, 2827, 2965, 3271, 3357, 3373, 3391])
(2, 341, 3410, (2,), [-229, -631, -765, -861, -951, -1071, -1101, -1203, -1263, -1503, -1573, -2185, -2205, -2253, -2641, -2659, -2815, -2943, -3055], [5, 77, 1089, 1815, 2205, 2379, 3119, 3227, 3267])
(2, 342, 3420, (2,), [-65, -237, -263, -317, -707, -1017, -1085, -1353, -1517, -1755, -1847, -2643, -2841, -2883, -3047, -3303, -3357, -3401], [15, 85, 367, 423, 525, 577, 933, 1047, 2019, 2175, 2577, 2667, 3019, 3063, 3159])
(2, 343, 3430, (2,), [-199, -291, -495, -501, -561, -589, -691, -841, -915, -1377, -1869, -3295], [225, 269, 429, 489, 849, 903, 1295, 1319, 1359, 1971, 2331, 2571, 2583, 2783])
(2, 344, 3440, (2,), [-119, -219, -527, -569, -617, -845, -993, -1079, -1107, -1253, -1263, -1617, -1637, -1833, -1935, -1983, -2127, -2369, -2399, -2565, -3093, -3179, -3269], [231, 343, 1465, 1771, 1833, 2365, 3015, 3087])
(2, 345, 3450, (2,), [-475, -493, -859, -951, -1083, -1113, -1521, -2425, -2443, -2491, -2833], [107, 459, 891, 971, 1181, 1185, 1499, 1551, 1725, 2219, 2277, 2711, 3029])
(2, 346, 3460, (2,), [-45, -57, -197, -363, -407, -1467, -1565, -1601, -1623, -1995, -2645, -2663, -2855, -3035, -3323], [1039, 1053, 1075, 1239, 1273, 1767, 1975, 2085, 2127, 2209, 2517, 2575, 2859, 3259, 3327])
(2, 347, 3470, (2,), [-211, -367, -451, -1065, -1417, -1455, -1507, -1659, -1777, -2109, -2245, -2485, -2491, -2497, -2719, -3201, -3249], [441, 491, 509, 705, 783, 921, 1535, 1791, 2279, 2375, 2573, 2805, 3089, 3431])
(2, 348, 3480, (2,), [-117, -143, -257, -359, -629, -759, -1085, -1295, -1469, -1533, -2399, -2669, -3129, -3309, -3317], [241, 541, 757, 927, 1033, 1093, 1921, 1935, 2515, 3315])
(2, 349, 3490, (2,), [-285, -433, -579, -673, -859, -895, -1009, -2071, -2175, -2419, -3045, -3099, -3183], [377, 485, 1295, 1401, 1445, 2267, 2279, 2529, 2765, 3237])
(2, 350, 3500, (2,), [-113, -131, -401, -425, -513, -555, -923, -1097, -1461, -2073, -2085, -2975, -3317, -3321, -3381], [427, 489, 699, 849, 1273, 1369, 1665, 1849, 1899, 2017, 2679, 3003])
(2, 351, 3510, (2,), [-61, -135, -291, -429, -691, -1159, -2139, -2155, -2901], [143, 345, 413, 431, 491, 939, 1013, 1031, 1125, 1139, 1223, 1325, 1709, 1739, 1905, 1995, 2213, 2559, 2591, 2895, 3321])
(2, 352, 3520, (2,), [-657, -879, -963, -999, -1263, -1305, -1323, -1439, -1449, -1865, -2157, -2607, -2673, -2783, -2957, -2969, -3059, -3077, -3185, -3195, -3353, -3479], [55, 81, 223, 561, 687, 1017, 1255, 1485, 1681, 1717, 1777, 1891, 2101, 2913, 3315])
(2, 353, 3530, (2,), [-139, -489, -523, -595, -621, -735, -1029, -1489, -1879, -1951, -2173, -2193, -2311, -2565, -2683, -2715, -3285, -3355, -3411], [141, 329, 335, 467, 785, 845, 875, 1121, 1379, 1637, 1845, 2471])
(2, 354, 3540, (2,), [-153, -251, -525, -537, -573, -783, -1371, -1563, -1605, -1691, -1931, -2397, -2523, -3075], [805, 1303, 1443, 1519, 1677, 2007, 2023, 2115, 2605, 2685, 2973, 3267])
(2, 355, 3550, (2,), [-49, -369, -589, -717, -957, -1221, -1609, -2185, -2197, -2355, -2449, -2497, -2811, -3015, -3121, -3247, -3351, -3457], [141, 365, 435, 731, 1193, 1281, 1353, 1415, 1481, 1733, 1803, 1833, 1869, 1889, 2081, 2139, 2159, 2579, 2765, 2769, 2841, 2871, 3003, 3095, 3185])
(2, 356, 3560, (2,), [-173, -227, -393, -759, -803, -855, -989, -1385, -1497, -1623, -1727, -1737, -1823, -1853, -2075, -2529, -2703, -2925, -3477], [691, 883, 945, 1093, 1873, 3217, 3327, 3355])
(2, 357, 3570, (2,), [-243, -541, -739, -1033, -1075, -1105, -1621, -1725, -2575, -2739, -2895, -3063, -3355, -3475, -3553], [231, 347, 449, 519, 677, 1001, 1271, 1695, 2235, 2277, 2525, 3159, 3495])
(2, 358, 3580, (2,), [-671, -1005, -1161, -1211, -1247, -1365, -1491, -1793, -2681, -2957, -3183, -3363, -3365, -3477], [417, 2017, 2055, 2137, 2173, 2559, 2667, 2743, 2755, 2907, 3273, 3457])
(2, 359, 3590, (2,), [-411, -855, -901, -925, -1275, -1791, -2179, -2277, -2995, -3027, -3039], [23, 141, 641, 779, 791, 891, 933, 965, 1169, 1635, 2063, 2525, 2573, 2675, 2693, 2739, 3081, 3245, 3273])
(2, 360, 3600, (2,), [-719, -1155, -1307, -1515, -1785, -1823, -2117, -2207, -2345, -2669, -3089, -3483, -3533], [105, 313, 471, 955, 1027, 1153, 1387, 1453, 1555, 1681, 1855, 2227, 2871, 3081, 3465])
(2, 361, 3610, (2,), [-369, -663, -1779, -2539, -2691, -2793, -3501], [281, 377, 407, 507, 617, 819, 879, 909, 989, 1067, 1451, 1599, 1731, 1821, 2001, 2085, 2321, 2349, 2807, 3311])
(2, 362, 3620, (2,), [-605, -663, -1073, -1563, -1571, -1955, -2297, -2327, -2385, -2553, -2723, -2757, -2793, -2837, -3153, -3363], [705, 1273, 1563, 1707, 1995, 2109, 2407, 2473, 2535, 2659, 3123, 3355])
(2, 363, 3630, (2,), [-75, -97, -105, -111, -1287, -2251, -2341, -2391, -2481, -2511, -2961, -2965, -3195, -3265, -3547, -3619], [309, 381, 555, 561, 911, 1013, 1229, 1431, 1611, 1769, 2021, 2055, 2403, 2801, 2931, 3609])
(2, 364, 3640, (2,), [-923, -1239, -1653, -1725, -1917, -1949, -2009, -2045, -2339, -2609, -2649, -2699, -2829, -3449], [867, 1261, 1351, 1515, 1957, 2113, 2263, 2383, 2641, 2691, 3187])
(2, 365, 3650, (2,), [-169, -261, -295, -325, -369, -493, -639, -723, -2079, -2241, -2263, -2421, -2505, -2665, -3375, -3549], [239, 611, 1295, 2639, 3021, 3437, 3509, 3537])
(2, 366, 3660, (2,), [-167, -507, -635, -657, -747, -837, -1115, -1511, -1785, -1787, -2075, -2487, -3051, -3531], [309, 375, 483, 507, 537, 927, 955, 1263, 1807, 2115, 2227, 2427, 2985, 3039, 3363, 3543, 3567, 3633])
(2, 367, 3670, (2,), [-487, -801, -1279, -1407, -1509, -1827, -2365, -2409, -2467, -3049, -3081, -3151, -3435, -3585, -3609], [69, 531, 563, 725, 1073, 1101, 1451, 1743, 1821, 2289, 2333, 2451, 2883])
(2, 368, 3680, (2,), [-315, -419, -785, -1139, -1289, -1953, -2567, -2595, -2799, -3107, -3219, -3227, -3279, -3419, -3437, -3507], [127, 265, 1843, 2167, 2323, 2335, 2673, 2823, 3207, 3661, 3675])
(2, 369, 3690, (2,), [-25, -195, -445, -825, -1339, -1551, -1599, -1729, -1869, -1959, -2133, -2181, -2959, -2973, -3441, -3531, -3553, -3633, -3649], [65, 575, 675, 849, 887, 1299, 1421, 1485, 2079, 2241, 2457, 2597, 2697, 2817, 2879, 2987, 3165, 3207])
(2, 370, 3700, (2,), [-495, -813, -1797, -1977, -2001, -2063, -2303, -2315, -2505, -2913, -3177, -3305, -3645], [69, 349, 555, 573, 997, 1065, 1215, 1219, 1263, 1767, 2025, 2509, 3135, 3397])
(2, 371, 3710, (2,), [-741, -747, -925, -1077, -1485, -1647, -1815, -2115, -2305, -2319, -2359, -2431, -2649, -3037, -3141], [329, 681, 1595, 2111, 2351, 2811, 2889, 3689])
(2, 372, 3720, (2,), [-177, -207, -563, -797, -1749, -1997, -2247, -2475, -2615, -2873, -3027, -3033, -3213, -3677, -3695], [147, 717, 897, 945, 1113, 1573, 1717, 1827, 2107, 2787, 2863, 2931, 3213, 3481, 3633])
(2, 373, 3730, (2,), [-333, -489, -735, -843, -1813, -2295, -2491, -3189, -3513, -3519], [585, 1047, 1089, 1187, 1217, 1665, 1691, 1827, 1865, 1899, 2367, 2439, 2549, 3207])
(2, 374, 3740, (2,), [-65, -153, -371, -495, -855, -987, -1433, -1983, -2235, -2247, -2547, -2663, -2817, -3015, -3017, -3123, -3557, -3593], [289, 475, 585, 1947, 2665, 2935, 3117, 3199, 3445, 3553])
(2, 375, 3750, (2,), [-679, -979, -1089, -1119, -1669, -1767, -2065, -2547, -2635, -2697, -2781, -2827, -2917, -3327], [81, 171, 579, 795, 1173, 1395, 1479, 1685, 1709, 1883, 1995, 2291, 2625, 3165, 3371, 3509])
(2, 376, 3760, (2,), [-57, -473, -519, -629, -1035, -1239, -1929, -2085, -2237, -2985, -3077, -3087, -3099, -3219, -3329], [115, 301, 331, 1513, 1725, 1887, 2041, 2463, 2977, 3097, 3277])
(2, 377, 3770, (2,), [-259, -321, -511, -663, -1485, -1693, -1791, -2253, -2409, -2553, -2751, -2835, -3019, -3463, -3675, -3739], [435, 557, 681, 819, 2231, 2297, 2717, 3131, 3219, 3479, 3617, 3701])
(2, 378, 3780, (2,), [-417, -447, -825, -1991, -2207, -2693, -2993, -3101, -3177, -3287, -3315, -3531, -3575], [25, 463, 577, 883, 1489, 1513, 2433, 2515, 2847, 3007, 3103, 3259, 3337, 3543, 3699])
(2, 379, 3790, (2,), [-19, -99, -319, -355, -679, -711, -795, -925, -1069, -1455, -1609, -1699, -1761, -1797, -2007, -2017, -2157, -2661, -2821], [99, 659, 693, 909, 1541, 1583, 2675, 2825, 3329, 3335, 3413, 3711, 3719])
(2, 380, 3800, (2,), [-65, -483, -677, -723, -1133, -1139, -1175, -1263, -1347, -1469, -1547, -1857, -2913, -2945, -3549], [127, 553, 751, 981, 1185, 1351, 1507, 2671, 2863, 2871, 3105, 3495, 3505, 3535])
(2, 381, 3810, (2,), [-313, -735, -1203, -2209, -2629, -3033, -3055, -3091, -3315], [507, 705, 945, 1281, 1535, 1647, 1859, 2105, 2237, 2247, 2355, 2409, 2585, 2619, 2955, 2969, 3159, 3797])
(2, 382, 3820, (2,), [-105, -227, -635, -677, -963, -1083, -1641, -2085, -2243, -2411, -2747, -3395], [255, 1117, 1255, 1603, 1665, 1749, 2319, 2683, 2925, 3055, 3573])
(2, 383, 3830, (2,), [-31, -187, -367, -421, -471, -567, -607, -747, -1035, -1699, -1849, -2455, -2731, -2847, -3037, -3115, -3195, -3397], [369, 429, 665, 1409, 1971, 2249, 3549, 3759, 3791])
(2, 384, 3840, (2,), [-317, -1437, -1557, -1617, -2147, -2319, -2729, -3087, -3093, -3273, -3453, -3819], [231, 331, 417, 535, 735, 817, 823, 835, 933, 1015, 2221, 2451, 2671, 2973, 2985, 3027, 3385, 3391, 3657, 3733])
(2, 385, 3850, (2,), [-265, -1215, -1911, -2005, -2101, -2401, -2449, -2455, -2565, -2679, -2811, -3319], [189, 395, 755, 1059, 1091, 1169, 1217, 1707, 1787, 1899, 2037, 2067, 2489, 2591, 2639, 3021, 3111, 3605])
(2, 386, 3860, (2,), [-231, -747, -881, -923, -1287, -1611, -2493, -2735, -2837, -3633], [235, 267, 357, 499, 1005, 1089, 1149, 1525, 1537, 1635, 1897, 2067, 2307, 2773, 2865, 3319, 3465, 3483, 3673])
(2, 387, 3870, (2,), [-615, -621, -795, -919, -1021, -1111, -1255, -1287, -1689, -2095, -2245, -2341, -2425, -2497, -2509, -2641, -2727, -3409, -3429, -3667, -3855], [789, 1473, 1809, 1925, 2069, 2195, 2555, 3011, 3131, 3405, 3741, 3813, 3815])
(2, 388, 3880, (2,), [-45, -63, -269, -347, -483, -525, -717, -837, -875, -959, -963, -1023, -1539, -1707, -1743, -1749, -2367, -2609, -2825, -3119, -3219], [133, 433, 435, 1147, 1963, 2275, 3553, 3717, 3753])
(2, 389, 3890, (2,), [-21, -51, -103, -313, -843, -871, -883, -1141, -1179, -1743, -1941, -1963, -2053, -2529, -2919, -3403], [89, 539, 959, 1701, 1917, 2039, 2885, 3341, 3579])
(2, 390, 3900, (2,), [-137, -293, -383, -461, -1017, -1283, -1773, -2057, -2693, -3047, -3057, -3111, -3813], [3, 133, 759, 873, 1377, 1443, 1615, 1815, 2047, 2343, 2473, 2607, 2917, 2977, 3025, 3279, 3283])
(2, 391, 3910, (2,), [-105, -127, -399, -645, -675, -1671, -1791, -2085, -2227, -2275, -2517, -2787, -3751], [885, 935, 1235, 1281, 1515, 1763, 2243, 2481, 2663, 2835, 3209, 3215, 3321, 3453, 3489, 3693])
(2, 392, 3920, (2,), [-107, -299, -623, -1035, -1389, -1437, -1589, -1827, -2285, -2607, -2829, -3099, -3113, -3723, -3725], [207, 351, 415, 517, 993, 1047, 1411, 1927, 2115, 2193, 2437, 2653, 2835, 3403])
(2, 393, 3930, (2,), [-93, -331, -549, -1113, -1411, -2523, -2551, -2719, -3393], [77, 101, 249, 291, 327, 371, 711, 845, 857, 915, 1157, 1415, 1617, 1827, 2271, 2375, 2397, 2661, 2697, 3321, 3629, 3899])
(2, 394, 3940, (2,), [-377, -447, -987, -1161, -1497, -1571, -2043, -2187, -2303, -2615, -3597, -3927], [97, 169, 267, 619, 735, 847, 1057, 1467, 1735, 2149, 2193, 2523, 2893, 3469, 3879])
(2, 395, 3950, (2,), [-531, -1137, -2161, -2205, -2215, -2907, -3055, -3151, -3481, -3655], [29, 963, 1019, 1169, 1173, 1773, 1853, 2111, 3275, 3309, 3491])
(2, 396, 3960, (2,), [-605, -695, -909, -945, -1229, -1365, -1997, -2397, -2837, -3285, -3825, -3827], [231, 253, 261, 451, 877, 891, 1185, 1275, 1323, 1387, 1687, 2325, 2487, 2541, 2581, 3111, 3397])
(2, 397, 3970, (2,), [-81, -463, -673, -1071, -1165, -1425, -1905, -1999, -2061, -2133, -2331, -2551, -3399, -3763], [387, 491, 615, 629, 695, 707, 885, 1305, 1635, 2087, 2109, 2249, 2405, 2409, 2489, 2939, 3167, 3945])
(2, 398, 3980, (2,), [-131, -231, -777, -951, -1457, -1547, -1673, -1893, -2145, -2241, -2345, -2411, -2813, -3485, -3561, -3687, -3971], [127, 447, 1005, 1147, 1197, 1327, 1783, 1887, 2499, 2619, 2797, 2815, 3007, 3037, 3273, 3639, 3789])
(2, 399, 3990, (2,), [-91, -219, -937, -1731, -2749, -2875, -3201, -3489, -3729], [51, 485, 593, 735, 1653, 1871, 1971, 2013, 2663, 3509, 3579, 3689])
(2, 400, 4000, (2,), [-593, -663, -767, -879, -1205, -2457, -3107, -3195, -3263, -3267, -3927], [181, 435, 1021, 1161, 1327, 1431, 2443, 2605, 3097, 3877])
(2, 401, 4010, (2,), [-31, -261, -465, -775, -873, -1041, -1591, -1731, -1819, -2821, -2941, -3051, -3109, -3223, -3279, -3369, -3801], [807, 989, 1119, 1379, 1689, 1841, 2651, 3737])
(2, 402, 4020, (2,), [-53, -413, -737, -1113, -1131, -1703, -1853, -2123, -2891, -3005, -3173, -3983], [505, 793, 849, 1443, 2389, 2875, 2979, 3027, 3099, 3267])
(2, 403, 4030, (2,), [-379, -607, -879, -1411, -1891, -2055, -2187, -2841, -3211, -3645, -3709, -3967, -3987], [293, 683, 701, 713, 989, 1271, 1425, 1581, 1901, 2033, 2289, 3125, 3335, 3411, 3695, 3903])
(2, 404, 4040, (2,), [-257, -309, -395, -563, -933, -1115, -1157, -1169, -1197, -1307, -2483, -2567, -2585, -2637, -3057, -3123, -3347, -3513, -3669, -3879, -3947], [55, 63, 265, 753, 837, 1833, 2025, 2203, 2881, 2973, 2995, 3073, 3165, 3331, 3463, 3747, 3795, 3883, 4033])
(2, 405, 4050, (2,), [-235, -331, -553, -609, -663, -2785, -3061, -3063, -3241, -3715, -3889, -3919], [539, 731, 789, 887, 1265, 1517, 2039, 2489, 3119, 3209, 3627])
(2, 406, 4060, (2,), [-923, -1235, -1655, -1805, -2085, -2115, -2481, -2507, -2897, -3083, -3743], [129, 169, 405, 583, 777, 1005, 1183, 1387, 1743, 1813, 1933, 2097, 2277, 2475, 2575, 2667, 2779, 2823, 3559, 3969])
(2, 407, 4070, (2,), [-157, -171, -225, -321, -541, -559, -595, -1035, -1119, -1357, -1779, -2499, -2511, -2925, -3117, -3331, -3535, -3559, -3717, -3811], [309, 453, 641, 659, 761, 905, 921, 993, 1043, 1265, 1955, 2331, 2469, 2753, 2819, 2883, 3273, 3345, 3593, 3635, 3665])
(2, 408, 4080, (2,), [-1005, -1409, -1419, -1577, -1703, -2987, -3339, -4053, -4079], [37, 231, 247, 267, 325, 385, 915, 927, 1137, 1645, 1701, 2271, 2557, 2577, 2845, 2881, 3697, 3837, 4033, 4051])
(2, 409, 4090, (2,), [-103, -585, -735, -1021, -1201, -1399, -1519, -1533, -1849, -1921, -2223, -2461, -2575, -3073, -3429, -3549, -3951], [29, 125, 381, 399, 587, 977, 1071, 1211, 1329, 1355, 1739, 1887, 2339, 2739, 3065, 3161, 3185, 3299, 3581])
(2, 410, 4100, (2,), [-51, -455, -647, -743, -2031, -2057, -2073, -2397, -2645, -2765, -2807, -3075, -3341, -3383, -3537, -3695, -3933], [33, 375, 643, 765, 817, 909, 1015, 1183, 1189, 1357, 1447, 1573, 1657, 1807, 1923, 2035, 2497, 2503, 2955, 3009, 3417, 3577])
(2, 411, 4110, (2,), [-205, -339, -355, -891, -969, -1549, -1977, -2559, -2635, -2791, -3105, -3111, -3307, -3325, -3525, -3745, -4081], [63, 333, 345, 1493, 1839, 2793, 3245, 3491, 3621, 3789, 3999])
(2, 412, 4120, (2,), [-183, -243, -335, -467, -473, -1235, -1403, -1587, -1713, -1847, -2433, -2729, -2979, -3099, -3105, -3363, -3629, -3707, -3849, -3867, -3893, -3983, -4067], [67, 115, 385, 463, 961, 1087, 1387, 1585, 2407, 2775, 3031, 3927, 4015])
(2, 413, 4130, (2,), [-21, -519, -801, -1671, -2011, -2025, -2805, -3339, -3709, -3921], [221, 317, 411, 435, 1121, 1167, 1439, 2661, 3021, 3599, 3705])
(2, 414, 4140, (2,), [-17, -35, -453, -461, -833, -923, -1295, -2301, -2537, -2741, -2933, -3435, -3807, -4013, -4023, -4073], [315, 507, 537, 1957, 2047, 2359, 2529, 2593, 2695, 2737, 2847, 3403, 3843])
(2, 415, 4150, (2,), [-45, -55, -267, -361, -391, -847, -1417, -1699, -1735, -2007, -2205, -2391, -2521, -3711, -3961], [323, 659, 669, 1095, 1313, 1403, 1649, 1661, 1715, 1799, 1865, 2309, 2613, 2621, 3009, 3479, 3611, 3641])
(2, 416, 4160, (2,), [-435, -453, -549, -597, -863, -1107, -1953, -2159, -2337, -2879, -3635, -3887, -4137], [235, 921, 961, 987, 1131, 1177, 1261, 1653, 1723, 1797, 2085, 2193, 2263, 2325, 2911, 3387, 3507])
(2, 417, 4170, (2,), [-1029, -1095, -1603, -2445, -2503, -2583, -3145, -3621, -3741, -3799, -3969], [245, 495, 605, 651, 929, 1025, 1145, 1619, 2181, 2199, 2229, 2285, 2891, 2915, 3575])
(2, 418, 4180, (2,), [-147, -297, -585, -1485, -1865, -2063, -2097, -2343, -2523, -3293, -3315, -3423, -3527, -3891, -3947], [163, 739, 937, 1443, 1465, 1659, 1857, 1995, 2103, 2113, 2323, 2433, 3075, 3205, 3333, 3705, 4035])
(2, 419, 4190, (2,), [-69, -219, -1507, -1665, -1767, -2119, -2131, -2365, -2697, -3435, -3451, -3577, -3871, -4171], [299, 431, 905, 1271, 1575, 1625, 1649, 1653, 2963, 3441, 3731, 3981])
(2, 420, 4200, (2,), [-317, -335, -1437, -1505, -1539, -2433, -2547, -3309, -3639, -3947, -3989, -4143], [45, 543, 705, 1005, 1255, 1381, 1443, 1485, 1503, 1801, 1963, 2151, 2283, 2335, 2797, 2943, 4015, 4131])
(2, 421, 4210, (2,), [-271, -883, -1005, -1275, -1599, -1881, -2001, -2049, -2509, -2805, -3715, -3783], [105, 261, 837, 969, 1421, 1635, 1655, 1667, 2061, 2765, 2999, 3059, 3321, 3527, 3537, 3549, 3959])
(2, 422, 4220, (2,), [-101, -233, -377, -791, -923, -1001, -1295, -1493, -1667, -1721, -1745, -2003, -2091, -2375, -2397, -2645, -2711, -2901, -2987, -3153, -3417, -3815], [163, 273, 537, 805, 1507, 1645, 1875, 2199, 2437, 2475, 2553, 3009, 3057, 3865, 4003])
(2, 423, 4230, (2,), [-91, -819, -885, -1249, -1281, -1479, -1617, -2295, -2341, -2617, -2641, -2841, -3369, -3535, -3937, -3939], [309, 459, 593, 701, 821, 1089, 1571, 2055, 2415, 2465, 2571, 2649, 3129, 3711, 3729, 4025])
(2, 424, 4240, (2,), [-389, -417, -585, -629, -963, -1505, -1707, -1967, -2463, -3125, -3473, -3485, -3785, -3827, -3863, -4127, -4155], [163, 423, 451, 637, 703, 823, 967, 1077, 1285, 1893, 2347, 2751, 2983, 3003, 3333, 4227])
(2, 425, 4250, (2,), [-301, -379, -391, -499, -789, -1083, -1153, -1195, -1291, -1503, -1543, -2253, -2341, -2869, -3031, -3489, -3703, -4053, -4185], [57, 329, 387, 497, 671, 869, 1295, 1509, 1535, 2129, 2637, 2937, 2979, 3009, 3311, 3497, 3527, 3969])
(2, 426, 4260, (2,), [-321, -873, -1067, -1193, -2403, -3707, -3831, -3843, -3953, -4127], [423, 439, 855, 1599, 1725, 2017, 2203, 2377, 2515, 3007, 3249, 3495, 3669, 3673, 3733, 4015, 4189])
(2, 427, 4270, (2,), [-781, -1075, -1137, -2047, -2307, -2379, -2451, -3871, -3895, -3909, -4149], [69, 183, 489, 659, 669, 863, 1191, 1359, 1509, 1751, 1919, 2051, 2079, 2843, 2981, 3263, 3413, 3485, 3599, 3611, 4073, 4131, 4143, 4161])
(2, 428, 4280, (2,), [-65, -387, -413, -825, -965, -1539, -1557, -2157, -2367, -2625, -3045, -3845, -3927, -4067, -4115], [345, 651, 837, 897, 1365, 1693, 1741, 2233, 2535, 2601, 2827, 3057, 3105, 3201, 3861, 3997])
(2, 429, 4290, (2,), [-55, -615, -711, -1033, -1431, -2125, -2391, -2835, -2935, -3301, -3709, -3901], [131, 611, 921, 1905, 2937, 3029, 3321, 3369, 4085])
(2, 430, 4300, (2,), [-677, -797, -1023, -1671, -2385, -3093, -3735, -3933, -4277], [73, 1105, 2173, 2535, 2647, 2869, 3075, 3907, 3913, 4053])
