('script.搜索冫伪素数牜临近幂方._0worker_', (2, 2, 4, [2]), {})
(2, 16, -4, (2,), [-15, -17, -39, -57], [1, 3, 7, 15])
(2, 17, -4, (2,), [-1, -9, -13, -31], [29, 39, 41, 57])
(2, 18, -4, (2,), [-5, -11, -17, -23], [3, 7, 9, 43])
(2, 19, -4, (2,), [-1, -19, -27, -31], [21, 53, 59, 63])
(2, 20, -4, (2,), [-3, -5, -17, -27], [7, 13, 25, 33])
(2, 21, -4, (2,), [-9, -19, -21, -55], [17, 59, 71, 77])
(2, 22, -4, (2,), [-3, -17, -27, -33], [15, 25, 49, 67])
(2, 23, -4, (2,), [-15, -21, -27], [9, 11, 15, 29])
(2, 24, -4, (2,), [-3, -17, -33, -63], [43, 73, 75, 115])
(2, 25, -4, (2,), [-39, -49, -61, -85], [35, 41, 69, 71])
(2, 26, -4, (2,), [-5, -27, -45, -87], [15, 49, 55, 69])
(2, 27, -4, (2,), [-39, -79, -111, -115], [29, 45, 51, 53])
(2, 28, -4, (2,), [-57, -89, -95, -119], [3, 7, 37, 67])
(2, 29, -4, (2,), [-3, -33, -43], [11, 39, 89, 105])
(2, 30, -4, (2,), [-35, -41, -83, -101], [3, 7, 9, 15])
(2, 31, -4, (2,), [-1, -19, -61, -69], [11, 45, 65, 95])
(2, 32, -4, (2,), [-5, -17, -65, -99], [15, 61, 75])
(2, 33, -4, (2,), [-9, -25, -49, -79], [17, 29, 35, 39])
(2, 34, -4, (2,), [-41, -77, -113, -131], [25, 79, 85, 153])
(2, 35, -4, (2,), [-31, -49, -61, -69], [53, 83, 99, 105])
(2, 36, -4, (2,), [-5, -17, -23, -65], [31, 115, 117, 165])
(2, 37, -4, (2,), [-25, -31, -45], [9, 29, 41, 69])
(2, 38, -4, (2,), [-45, -87, -107, -131], [7, 13, 67, 79])
(2, 39, -4, (2,), [-7, -19, -67, -91], [23, 39, 45, 63])
(2, 40, -4, (2,), [-87, -167, -195, -203], [15, 27, 55, 97])
(2, 41, -4, (2,), [-21, -31, -55], [27, 65, 71, 81])
(2, 42, -4, (2,), [-11, -17, -33, -53], [15, 75, 87, 129])
(2, 43, -4, (2,), [-57, -67, -117], [29, 39, 53, 105])
(2, 44, -4, (2,), [-17, -117, -119, -129], [7, 21, 27, 55])
(2, 45, -4, (2,), [-55, -69, -81, -93], [59, 75, 129, 135])
(2, 46, -4, (2,), [-21, -57, -63, -77], [15, 127, 139, 165])
(2, 47, -4, (2,), [-115, -127, -147], [5, 9, 41, 65])
(2, 48, -4, (2,), [-59, -65, -89, -93], [21, 61, 75, 91])
(2, 49, -4, (2,), [-81, -111, -123, -139], [69, 191, 261, 279])
(2, 50, -4, (2,), [-27, -35, -51, -71], [55, 99, 145, 159])
(2, 51, -4, (2,), [-129, -139, -165, -231], [21, 65, 81, 101])
(2, 52, -4, (2,), [-47, -143, -173, -183], [21, 37, 55, 97])
(2, 53, -4, (2,), [-111, -145, -231], [5, 41, 57, 75])
(2, 54, -4, (2,), [-33, -53, -131, -165], [159, 163, 187, 345])
(2, 55, -4, (2,), [-55, -67, -99, -127], [3, 11, 51, 83])
(2, 56, -4, (2,), [-5, -27, -47, -57], [81, 97, 175, 177])
(2, 57, -4, (2,), [-13, -25, -49, -61], [9, 35, 75, 95])
(2, 58, -4, (2,), [-27, -57, -63, -137], [69, 105, 175, 189])
(2, 59, -4, (2,), [-55, -99, -225], [131, 161, 245, 249])
(2, 60, -4, (2,), [-93, -107, -173, -179], [33, 91, 105, 147])
(2, 61, -4, (2,), [-1, -31, -45, -229], [15, 21, 57, 65])
(2, 62, -4, (2,), [-57, -87, -117, -143], [135, 169, 177, 187])
(2, 63, -4, (2,), [-25, -165, -259, -301], [29, 99, 123, 131])
(2, 64, -4, (2,), [-59, -83, -95, -179], [13, 37, 51])
(2, 65, -4, (2,), [-49, -79, -115, -141], [131, 165, 207, 225])
(2, 66, -4, (2,), [-5, -45, -173, -203], [9, 85, 169, 213])
(2, 67, -4, (2,), [-19, -31, -49], [3, 63, 71, 95])
(2, 68, -4, (2,), [-23, -83, -125, -147], [33, 57, 61, 153])
(2, 69, -4, (2,), [-19, -91, -93, -103], [29, 105, 117, 239])
(2, 70, -4, (2,), [-35, -71, -167, -215], [25, 67, 79, 105])
(2, 71, -4, (2,), [-231, -325, -411], [11, 63, 95, 111])
(2, 72, -4, (2,), [-93, -107, -129, -167], [15, 105, 115, 255])
(2, 73, -4, (2,), [-69, -181, -199], [29, 101, 197, 291])
(2, 74, -4, (2,), [-35, -45, -57, -135], [37, 67, 85, 175])
(2, 75, -4, (2,), [-97, -207, -231, -271], [33, 53, 75, 231])
(2, 76, -4, (2,), [-15, -63, -117, -123], [15, 51, 87, 183])
(2, 77, -4, (2,), [-33, -43, -145, -163], [11, 57, 69, 71])
(2, 78, -4, (2,), [-11, -95, -111, -123], [7, 43, 109, 115])
(2, 79, -4, (2,), [-67, -199, -249], [23, 29, 95, 105])
(2, 80, -4, (2,), [-65, -93, -117, -143], [13, 85, 235, 253])
(2, 81, -4, (2,), [-51, -63, -163, -205], [17, 81, 101, 147])
(2, 82, -4, (2,), [-57, -113, -185, -315], [9, 43, 45, 79])
(2, 83, -4, (2,), [-55, -97, -117], [75, 89, 119, 155])
(2, 84, -4, (2,), [-35, -69, -213, -215], [3, 45, 73, 177])
(2, 85, -4, (2,), [-19, -61, -181, -295], [171, 237, 261, 305])
(2, 86, -4, (2,), [-35, -41, -65, -71], [27, 69, 85, 93])
(2, 87, -4, (2,), [-67, -129, -181, -195], [39, 71, 221, 243])
(2, 88, -4, (2,), [-299, -455, -483, -563], [7, 133, 165, 273])
(2, 89, -4, (2,), [-1, -21, -31, -49], [29, 89, 107, 317])
(2, 90, -4, (2,), [-33, -41, -53, -75], [133, 355, 399, 403])
(2, 91, -4, (2,), [-45, -81, -111, -201], [59, 129, 135, 195])
(2, 92, -4, (2,), [-83, -149, -197, -317], [25, 165, 223, 265])
(2, 93, -4, (2,), [-25, -51, -79, -105], [105, 137, 149, 197])
(2, 94, -4, (2,), [-3, -11, -105, -173], [129, 147, 169, 213])
(2, 95, -4, (2,), [-15, -37, -211, -339], [9, 53, 261, 335])
(2, 96, -4, (2,), [-17, -87, -93, -147], [61, 81, 121, 151])
(2, 97, -4, (2,), [-141, -165, -349], [105, 267, 315, 359])
(2, 98, -4, (2,), [-51, -65, -107, -117], [7, 37, 79, 187])
(2, 99, -4, (2,), [-115, -145, -247, -319], [255, 443, 509, 575])
(2, 100, -4, (2,), [-15, -99, -153, -183], [277, 331, 447, 525])
(2, 101, -4, (2,), [-69, -99, -213], [81, 149, 177, 321])
(2, 102, -4, (2,), [-33, -63, -417, -447], [267, 325, 333, 459])
(2, 103, -4, (2,), [-97, -127, -237], [81, 125, 213, 239])
(2, 104, -4, (2,), [-17, -29, -309, -369], [111, 223, 307, 315])
(2, 105, -4, (2,), [-13, -139, -151, -163], [39, 77, 81, 249])
(2, 106, -4, (2,), [-117, -407, -431, -593], [99, 165, 177, 199])
(2, 107, -4, (2,), [-1, -171, -321, -369], [39, 51, 119, 239])
(2, 108, -4, (2,), [-59, -137, -227, -233], [33, 87, 117, 121])
(2, 109, -4, (2,), [-31, -91, -165], [147, 261, 381, 459])
(2, 110, -4, (2,), [-21, -135, -143, -195], [27, 159, 193, 265])
(2, 111, -4, (2,), [-37, -69, -175, -261], [51, 129, 165, 219])
(2, 112, -4, (2,), [-75, -189, -269, -297], [25, 91, 121, 147])
(2, 113, -4, (2,), [-133, -211, -463], [281, 425, 485, 489])
(2, 114, -4, (2,), [-11, -35, -53, -75], [43, 129, 327, 423])
(2, 115, -4, (2,), [-67, -85, -97, -129], [71, 209, 263, 273])
(2, 116, -4, (2,), [-3, -69, -83, -89], [33, 177, 313, 337])
(2, 117, -4, (2,), [-279, -319, -373, -391], [29, 35, 197, 641])
(2, 118, -4, (2,), [-5, -111, -273, -375], [25, 69, 93, 163])
(2, 119, -4, (2,), [-69, -169, -231, -565], [9, 105, 303, 453])
(2, 120, -4, (2,), [-119, -395, -515, -555], [451, 525, 613, 625])
(2, 121, -4, (2,), [-73, -165, -225, -229], [41, 105, 227, 345])
(2, 122, -4, (2,), [-3, -113, -167, -203], [277, 375, 417, 427])
(2, 123, -4, (2,), [-67, -79, -135, -241], [165, 423, 435, 453])
(2, 124, -4, (2,), [-59, -99, -155, -165], [67, 73, 111, 195])
(2, 125, -4, (2,), [-9, -135, -385, -405], [27, 95, 219, 321])
(2, 126, -4, (2,), [-137, -203, -237, -261], [7, 99, 109, 187])
(2, 127, -4, (2,), [-1, -25, -39, -295], [29, 45, 65, 101])
(2, 128, -4, (2,), [-159, -173, -233, -237], [51, 81, 165])
(2, 129, -4, (2,), [-25, -315, -403, -613], [17, 75, 161, 311])
(2, 130, -4, (2,), [-5, -27, -113, -173], [169, 189, 325, 403])
(2, 131, -4, (2,), [-69, -181, -271], [39, 155, 309, 501])
(2, 132, -4, (2,), [-347, -363, -405, -465], [67, 87, 123, 157])
(2, 133, -4, (2,), [-99, -103, -183, -259], [27, 35, 125, 161])
(2, 134, -4, (2,), [-45, -117, -185, -197], [27, 223, 235, 265])
(2, 135, -4, (2,), [-45, -55, -105, -205], [33, 311, 393, 701])
(2, 136, -4, (2,), [-113, -243, -257, -297], [85, 93, 121, 147])
(2, 137, -4, (2,), [-13, -33, -111], [155, 177, 197, 209])
(2, 138, -4, (2,), [-105, -203, -237, -261], [87, 145, 165, 259])
(2, 139, -4, (2,), [-187, -301, -397], [155, 273, 305, 525])
(2, 140, -4, (2,), [-27, -57, -77, -129], [37, 177, 207, 345])
(2, 141, -4, (2,), [-9, -103, -111, -165], [5, 95, 521, 575])
(2, 142, -4, (2,), [-111, -351, -365, -375], [217, 303, 387, 507])
(2, 143, -4, (2,), [-69, -127, -229, -351], [5, 81, 141, 285])
(2, 144, -4, (2,), [-83, -167, -279, -369], [175, 465, 733, 1135])
(2, 145, -4, (2,), [-151, -295, -355, -453], [27, 135, 137, 275])
(2, 146, -4, (2,), [-153, -335, -573, -695], [85, 163, 207, 553])
(2, 147, -4, (2,), [-145, -325, -387, -427], [51, 95, 149, 155])
(2, 148, -4, (2,), [-167, -197, -207, -347], [91, 183, 247, 253])
(2, 149, -4, (2,), [-31, -33, -99], [69, 389, 407, 425])
(2, 150, -4, (2,), [-3, -5, -185, -713], [147, 163, 385, 663])
(2, 151, -4, (2,), [-195, -295, -309], [45, 335, 381, 459])
(2, 152, -4, (2,), [-17, -23, -209, -233], [253, 261, 267, 525])
(2, 153, -4, (2,), [-69, -145, -171, -399], [95, 215, 345, 375])
(2, 154, -4, (2,), [-243, -371, -393, -437], [27, 273, 295, 373])
(2, 155, -4, (2,), [-31, -49, -289, -381], [15, 63, 195, 273])
(2, 156, -4, (2,), [-143, -167, -173, -195], [45, 115, 133, 261])
(2, 157, -4, (2,), [-19, -133, -181], [69, 101, 165, 179])
(2, 158, -4, (2,), [-15, -155, -213, -255], [97, 189, 253, 453])
(2, 159, -4, (2,), [-91, -241, -301, -441], [299, 341, 459, 509])
(2, 160, -4, (2,), [-47, -57, -75, -189], [7, 291, 357, 421])
(2, 161, -4, (2,), [-159, -399, -493, -685], [107, 347, 417, 597])
(2, 162, -4, (2,), [-101, -317, -447, -627], [19, 49, 225, 277])
(2, 163, -4, (2,), [-55, -69, -577], [21, 45, 141, 195])
(2, 164, -4, (2,), [-63, -155, -485, -735], [117, 135, 151, 231])
(2, 165, -4, (2,), [-25, -61, -115, -271], [141, 147, 299, 455])
(2, 166, -4, (2,), [-5, -237, -633, -705], [85, 325, 613, 865])
(2, 167, -4, (2,), [-135, -471, -577], [83, 251, 321, 581])
(2, 168, -4, (2,), [-257, -585, -609, -633], [87, 117, 355, 367])
(2, 169, -4, (2,), [-643, -675, -841, -973], [147, 395, 399, 587])
(2, 170, -4, (2,), [-143, -153, -195, -255], [49, 55, 79, 85])
(2, 171, -4, (2,), [-19, -187, -231, -649], [129, 231, 341, 665])
(2, 172, -4, (2,), [-95, -155, -227, -525], [105, 177, 265, 357])
(2, 173, -4, (2,), [-55, -103, -303], [77, 165, 191, 389])
(2, 174, -4, (2,), [-3, -17, -143, -153], [7, 37, 73, 129])
(2, 175, -4, (2,), [-229, -267, -727, -837], [9, 65, 735, 1071])
(2, 176, -4, (2,), [-233, -327, -359, -455], [427, 531, 715, 957])
(2, 177, -4, (2,), [-339, -609, -619, -819], [75, 105, 107, 249])
(2, 178, -4, (2,), [-41, -305, -405, -557], [87, 99, 189, 193])
(2, 179, -4, (2,), [-49, -159, -205], [309, 363, 441, 501])
(2, 180, -4, (2,), [-47, -107, -189, -447], [15, 115, 193, 627])
(2, 181, -4, (2,), [-165, -199, -271], [165, 197, 641, 749])
(2, 182, -4, (2,), [-161, -233, -267, -281], [49, 207, 265, 405])
(2, 183, -4, (2,), [-147, -319, -357, -609], [215, 303, 381, 549])
(2, 184, -4, (2,), [-33, -59, -287, -309], [27, 63, 277, 471])
(2, 185, -4, (2,), [-303, -321, -339, -429], [159, 179, 351, 407])
(2, 186, -4, (2,), [-371, -485, -677, -723], [205, 249, 315, 345])
(2, 187, -4, (2,), [-85, -105, -391, -477], [303, 393, 581, 659])
(2, 188, -4, (2,), [-125, -143, -167, -173], [57, 123, 153, 291])
(2, 189, -4, (2,), [-25, -301, -469, -583], [35, 59, 131, 135])
(2, 190, -4, (2,), [-11, -33, -95, -273], [129, 223, 277, 427])
(2, 191, -4, (2,), [-19, -51, -69], [5, 95, 225, 293])
(2, 192, -4, (2,), [-237, -333, -399, -489], [133, 453, 511, 565])
(2, 193, -4, (2,), [-31, -123, -423], [65, 71, 129, 137])
(2, 194, -4, (2,), [-33, -75, -317, -393], [27, 67, 103, 517])
(2, 195, -4, (2,), [-135, -915, -975, -979], [35, 53, 75, 119])
(2, 196, -4, (2,), [-15, -47, -215, -459], [21, 471, 505, 553])
(2, 197, -4, (2,), [-75, -111, -169], [107, 117, 119, 441])
(2, 198, -4, (2,), [-17, -45, -417, -485], [15, 49, 169, 277])
(2, 199, -4, (2,), [-49, -189, -445], [101, 123, 219, 455])
(2, 200, -4, (2,), [-75, -117, -285, -383], [235, 697, 1027, 1255])
(2, 201, -4, (2,), [-55, -111, -313, -381], [351, 539, 579, 617])
(2, 202, -4, (2,), [-183, -195, -273, -585], [67, 189, 385, 577])
(2, 203, -4, (2,), [-159, -187, -237, -271], [15, 231, 659, 725])
(2, 204, -4, (2,), [-167, -249, -857, -1125], [7, 157, 213, 247])
(2, 205, -4, (2,), [-81, -229, -325, -343], [581, 779, 827, 1049])
(2, 206, -4, (2,), [-5, -63, -261, -297], [33, 75, 169, 229])
(2, 207, -4, (2,), [-91, -157, -297, -369], [203, 515, 539, 711])
(2, 208, -4, (2,), [-299, -423, -563, -675], [375, 507, 661, 711])
(2, 209, -4, (2,), [-33, -273, -301, -321], [47, 257, 261, 405])
(2, 210, -4, (2,), [-47, -65, -165, -171], [33, 177, 403, 543])
(2, 211, -4, (2,), [-175, -481, -495], [71, 323, 615, 725])
(2, 212, -4, (2,), [-23, -29, -99, -149], [57, 223, 261, 1045])
(2, 213, -4, (2,), [-3, -61, -123, -513], [75, 221, 297, 309])
(2, 214, -4, (2,), [-185, -255, -395, -447], [7, 217, 309, 609])
(2, 215, -4, (2,), [-157, -237, -309, -765], [251, 335, 713, 755])
(2, 216, -4, (2,), [-377, -479, -683, -707], [423, 457, 513, 703])
(2, 217, -4, (2,), [-61, -229, -369, -441], [129, 305, 315, 437])
(2, 218, -4, (2,), [-33, -117, -233, -243], [163, 267, 483, 609])
(2, 219, -4, (2,), [-121, -261, -277, -355], [185, 245, 645, 911])
(2, 220, -4, (2,), [-77, -167, -395, -473], [217, 463, 721, 955])
(2, 221, -4, (2,), [-3, -133, -309, -373], [81, 509, 629, 701])
(2, 222, -4, (2,), [-117, -263, -335, -437], [49, 57, 109, 127])
(2, 223, -4, (2,), [-235, -259, -549], [189, 255, 489, 573])
(2, 224, -4, (2,), [-63, -363, -573, -719], [735, 813, 1357, 1761])
(2, 225, -4, (2,), [-49, -81, -103, -261], [119, 141, 297, 425])
(2, 226, -4, (2,), [-5, -77, -155, -203], [735, 867, 979, 1347])
(2, 227, -4, (2,), [-405, -441, -625], [483, 1035, 1271, 1299])
(2, 228, -4, (2,), [-93, -149, -185, -455], [3, 355, 397, 631])
(2, 229, -4, (2,), [-91, -291, -475], [249, 251, 459, 627])
(2, 230, -4, (2,), [-27, -77, -345, -351], [67, 163, 183, 897])
(2, 231, -4, (2,), [-165, -217, -235, -249], [105, 171, 381, 429])
(2, 232, -4, (2,), [-567, -665, -833, -875], [357, 787, 801, 807])
(2, 233, -4, (2,), [-3, -159, -289], [431, 489, 551, 929])
(2, 234, -4, (2,), [-83, -243, -257, -341], [43, 225, 255, 399])
(2, 235, -4, (2,), [-15, -151, -181, -259], [81, 95, 303, 581])
(2, 236, -4, (2,), [-209, -455, -513, -569], [25, 97, 193, 237])
(2, 237, -4, (2,), [-181, -649, -765, -829], [249, 417, 431, 621])
(2, 238, -4, (2,), [-161, -215, -383, -425], [67, 189, 199, 319])
(2, 239, -4, (2,), [-87, -199, -421], [29, 131, 245, 431])
(2, 240, -4, (2,), [-467, -797, -887, -1493], [115, 325, 751, 897])
(2, 241, -4, (2,), [-39, -819, -1383], [261, 345, 477, 597])
(2, 242, -4, (2,), [-63, -267, -281, -527], [69, 273, 519, 553])
(2, 243, -4, (2,), [-9, -31, -199, -475], [59, 203, 303, 645])
(2, 244, -4, (2,), [-189, -329, -767, -1065], [133, 235, 493, 685])
(2, 245, -4, (2,), [-163, -303, -489, -759], [315, 317, 515, 779])
(2, 246, -4, (2,), [-107, -171, -243, -483], [337, 435, 579, 945])
(2, 247, -4, (2,), [-81, -309, -361, -411], [63, 269, 273, 315])
(2, 248, -4, (2,), [-237, -387, -485, -603], [81, 375, 447, 453])
(2, 249, -4, (2,), [-75, -279, -385, -403], [119, 315, 521, 591])
(2, 250, -4, (2,), [-207, -407, -1053, -1391], [25, 409, 423, 633])
(2, 251, -4, (2,), [-9, -325, -355], [65, 69, 89, 105])
(2, 252, -4, (2,), [-129, -143, -413, -549], [421, 933, 1137, 1213])
(2, 253, -4, (2,), [-273, -391, -421, -1615], [39, 51, 315, 329])
(2, 254, -4, (2,), [-245, -521, -701, -933], [79, 153, 163, 207])
(2, 255, -4, (2,), [-19, -31, -475, -735], [95, 141, 275, 333])
(2, 256, -4, (2,), [-189, -357, -435, -587], [297, 301, 357])
(2, 257, -4, (2,), [-93, -363, -493], [155, 509, 837, 897])
(2, 258, -4, (2,), [-87, -1017, -1203, -1355], [73, 369, 465, 477])
(2, 259, -4, (2,), [-361, -417, -561, -745], [435, 473, 563, 989])
(2, 260, -4, (2,), [-149, -597, -687, -689], [223, 387, 397, 487])
(2, 261, -4, (2,), [-223, -261, -361, -609], [105, 137, 311, 501])
(2, 262, -4, (2,), [-71, -287, -453, -515], [79, 375, 555, 729])
(2, 263, -4, (2,), [-747, -819, -939], [9, 35, 83, 293])
(2, 264, -4, (2,), [-275, -363, -567, -1245], [175, 625, 841, 1177])
(2, 265, -4, (2,), [-49, -115, -139, -211], [77, 137, 515, 737])
(2, 266, -4, (2,), [-3, -213, -365, -1115], [133, 135, 193, 417])
(2, 267, -4, (2,), [-265, -427, -481, -517], [309, 365, 579, 1151])
(2, 268, -4, (2,), [-77, -329, -719, -825], [43, 111, 121, 483])
(2, 269, -4, (2,), [-241, -343, -603], [245, 429, 447, 855])
(2, 270, -4, (2,), [-53, -611, -1071, -1251], [127, 133, 705, 1107])
(2, 271, -4, (2,), [-169, -441, -967], [855, 941, 1443, 1509])
(2, 272, -4, (2,), [-237, -287, -689, -905], [57, 81, 163, 223])
(2, 273, -4, (2,), [-205, -321, -345, -795], [5, 35, 365, 387])
(2, 274, -4, (2,), [-305, -351, -707, -785], [63, 67, 177, 295])
(2, 275, -4, (2,), [-129, -199, -205, -651], [363, 545, 635, 651])
(2, 276, -4, (2,), [-89, -453, -473, -483], [157, 963, 1431, 1621])
(2, 277, -4, (2,), [-103, -181, -859], [101, 179, 267, 465])
(2, 278, -4, (2,), [-93, -623, -653, -665], [117, 559, 709, 847])
(2, 279, -4, (2,), [-69, -231, -535, -751], [89, 303, 633, 873])
(2, 280, -4, (2,), [-47, -105, -195, -725], [45, 547, 633, 651])
(2, 281, -4, (2,), [-139, -259, -601], [197, 567, 615, 617])
(2, 282, -4, (2,), [-83, -93, -237, -245], [159, 189, 537, 603])
(2, 283, -4, (2,), [-45, -1225, -1239], [375, 513, 539, 741])
(2, 284, -4, (2,), [-173, -323, -2009, -2109], [343, 415, 513, 525])
(2, 285, -4, (2,), [-9, -33, -735, -1081], [17, 401, 509, 669])
(2, 286, -4, (2,), [-165, -521, -533, -593], [43, 303, 345, 357])
(2, 287, -4, (2,), [-115, -435, -771, -835], [35, 65, 273, 371])
(2, 288, -4, (2,), [-167, -525, -567, -1355], [127, 541, 555, 927])
(2, 289, -4, (2,), [-493, -843, -945, -1383], [101, 461, 617, 987])
(2, 290, -4, (2,), [-47, -83, -503, -825], [553, 565, 765, 849])
(2, 291, -4, (2,), [-19, -315, -427, -861], [71, 305, 599, 609])
(2, 292, -4, (2,), [-167, -197, -207, -657], [13, 91, 571, 793])
(2, 293, -4, (2,), [-601, -1095, -1389], [239, 491, 609, 741])
(2, 294, -4, (2,), [-35, -135, -177, -245], [67, 169, 205, 249])
(2, 295, -4, (2,), [-171, -421, -459, -511], [9, 143, 291, 323])
(2, 296, -4, (2,), [-285, -785, -1007, -1287], [61, 163, 247, 403])
(2, 297, -4, (2,), [-123, -171, -285, -333], [11, 17, 215, 227])
(2, 298, -4, (2,), [-341, -483, -953, -1223], [463, 813, 919, 1005])
(2, 299, -4, (2,), [-69, -405, -429, -675], [443, 455, 645, 915])
(2, 300, -4, (2,), [-153, -185, -383, -413], [157, 385, 631, 1051])
(2, 301, -4, (2,), [-265, -523, -861, -1249], [27, 165, 261, 321])
(2, 302, -4, (2,), [-267, -293, -647, -1043], [307, 609, 853, 879])
(2, 303, -4, (2,), [-121, -207, -241, -249], [101, 341, 455, 543])
(2, 304, -4, (2,), [-75, -1403, -1685, -1707], [37, 703, 783, 837])
(2, 305, -4, (2,), [-103, -429, -453, -1195], [131, 285, 677, 795])
(2, 306, -4, (2,), [-503, -947, -1017, -1797], [45, 73, 117, 375])
(2, 307, -4, (2,), [-99, -147, -187], [135, 725, 753, 875])
(2, 308, -4, (2,), [-159, -189, -615, -777], [27, 81, 621, 733])
(2, 309, -4, (2,), [-493, -2673, -2733, -2949], [659, 969, 1029, 1047])
(2, 310, -4, (2,), [-77, -255, -635, -645], [15, 189, 265, 283])
(2, 311, -4, (2,), [-45, -75, -181], [111, 303, 419, 665])
(2, 312, -4, (2,), [-203, -689, -753, -1385], [91, 463, 991, 1015])
(2, 313, -4, (2,), [-139, -343, -439], [125, 279, 305, 647])
(2, 314, -4, (2,), [-113, -453, -677, -695], [93, 277, 307, 349])
(2, 315, -4, (2,), [-465, -691, -1041, -1417], [81, 203, 219, 675])
(2, 316, -4, (2,), [-57, -243, -267, -293], [87, 385, 507, 577])
(2, 317, -4, (2,), [-33, -379, -523], [9, 317, 417, 987])
(2, 318, -4, (2,), [-165, -275, -681, -807], [933, 975, 1335, 1393])
(2, 319, -4, (2,), [-795, -865, -1191, -1911], [9, 101, 123, 281])
(2, 320, -4, (2,), [-197, -743, -825, -843], [27, 261, 391, 525])
(2, 321, -4, (2,), [-9, -45, -609, -769], [165, 561, 927, 1067])
(2, 322, -4, (2,), [-11, -185, -923, -1121], [219, 297, 673, 1297])
(2, 323, -4, (2,), [-141, -247, -309, -919], [273, 413, 1001, 1031])
(2, 324, -4, (2,), [-23, -177, -777, -923], [397, 921, 973, 981])
(2, 325, -4, (2,), [-399, -433, -1051, -1219], [137, 315, 455, 605])
(2, 326, -4, (2,), [-101, -117, -215, -731], [249, 825, 967, 1219])
(2, 327, -4, (2,), [-595, -951, -979, -1077], [9, 233, 453, 1299])
(2, 328, -4, (2,), [-155, -437, -629, -693], [15, 433, 1035, 1611])
(2, 329, -4, (2,), [-139, -243, -273, -339], [39, 239, 417, 921])
(2, 330, -4, (2,), [-255, -437, -927, -1001], [93, 295, 435, 579])
(2, 331, -4, (2,), [-61, -459, -745], [203, 489, 939, 1385])
(2, 332, -4, (2,), [-707, -1077, -1109, -1217], [393, 435, 643, 883])
(2, 333, -4, (2,), [-483, -741, -805, -913], [285, 939, 1019, 1097])
(2, 334, -4, (2,), [-243, -603, -711, -981], [507, 595, 727, 847])
(2, 335, -4, (2,), [-321, -511, -541, -759], [173, 183, 239, 345])
(2, 336, -4, (2,), [-3, -17, -303, -585], [241, 1215, 2025, 2097])
(2, 337, -4, (2,), [-75, -1443, -1579], [71, 105, 177, 911])
(2, 338, -4, (2,), [-15, -275, -315, -401], [97, 99, 483, 757])
(2, 339, -4, (2,), [-147, -415, -751, -865], [185, 275, 303, 933])
(2, 340, -4, (2,), [-293, -299, -437, -699], [291, 661, 757, 811])
(2, 341, -4, (2,), [-229, -631, -765], [5, 77, 1089, 1815])
(2, 342, -4, (2,), [-65, -237, -263, -317], [15, 85, 367, 423])
(2, 343, -4, (2,), [-199, -291, -495, -501], [225, 269, 429, 489])
(2, 344, -4, (2,), [-119, -219, -527, -569], [231, 343, 1465, 1771])
(2, 345, -4, (2,), [-475, -493, -859, -951], [107, 459, 891, 971])
(2, 346, -4, (2,), [-45, -57, -197, -363], [1039, 1053, 1075, 1239])
(2, 347, -4, (2,), [-211, -367, -451], [441, 491, 509, 705])
(2, 348, -4, (2,), [-117, -143, -257, -359], [241, 541, 757, 927])
(2, 349, -4, (2,), [-285, -433, -579], [377, 485, 1295, 1401])
(2, 350, -4, (2,), [-113, -131, -401, -425], [427, 489, 699, 849])
(2, 351, -4, (2,), [-61, -135, -291, -429], [143, 345, 413, 431])
(2, 352, -4, (2,), [-657, -879, -963, -999], [55, 81, 223, 561])
(2, 353, -4, (2,), [-139, -489, -523], [141, 329, 335, 467])
(2, 354, -4, (2,), [-153, -251, -525, -537], [805, 1303, 1443, 1519])
(2, 355, -4, (2,), [-49, -369, -589, -717], [141, 365, 435, 731])
(2, 356, -4, (2,), [-173, -227, -393, -759], [691, 883, 945, 1093])
(2, 357, -4, (2,), [-243, -541, -739, -1033], [231, 347, 449, 519])
(2, 358, -4, (2,), [-671, -1005, -1161, -1211], [417, 2017, 2055, 2137])
(2, 359, -4, (2,), [-411, -855, -901], [23, 141, 641, 779])
(2, 360, -4, (2,), [-719, -1155, -1307, -1515], [105, 313, 471, 955])
(2, 361, -4, (2,), [-369, -663, -1779, -2539], [281, 377, 407, 507])
(2, 362, -4, (2,), [-605, -663, -1073, -1563], [705, 1273, 1563, 1707])
(2, 363, -4, (2,), [-75, -97, -105, -111], [309, 381, 555, 561])
(2, 364, -4, (2,), [-923, -1239, -1653, -1725], [867, 1261, 1351, 1515])
(2, 365, -4, (2,), [-169, -261, -295, -325], [239, 611, 1295, 2639])
(2, 366, -4, (2,), [-167, -507, -635, -657], [309, 375, 483, 507])
(2, 367, -4, (2,), [-487, -801, -1279], [69, 531, 563, 725])
(2, 368, -4, (2,), [-315, -419, -785, -1139], [127, 265, 1843, 2167])
(2, 369, -4, (2,), [-25, -195, -445, -825], [65, 575, 675, 849])
(2, 370, -4, (2,), [-495, -813, -1797, -1977], [69, 349, 555, 573])
(2, 371, -4, (2,), [-741, -747, -925, -1077], [329, 681, 1595, 2111])
(2, 372, -4, (2,), [-177, -207, -563, -797], [147, 717, 897, 945])
(2, 373, -4, (2,), [-333, -489, -735], [585, 1047, 1089, 1187])
(2, 374, -4, (2,), [-65, -153, -371, -495], [289, 475, 585, 1947])
(2, 375, -4, (2,), [-679, -979, -1089, -1119], [81, 171, 579, 795])
(2, 376, -4, (2,), [-57, -473, -519, -629], [115, 301, 331, 1513])
(2, 377, -4, (2,), [-259, -321, -511, -663], [435, 557, 681, 819])
(2, 378, -4, (2,), [-417, -447, -825, -1991], [25, 463, 577, 883])
(2, 379, -4, (2,), [-19, -99, -319], [99, 659, 693, 909])
(2, 380, -4, (2,), [-65, -483, -677, -723], [127, 553, 751, 981])
(2, 381, -4, (2,), [-313, -735, -1203, -2209], [507, 705, 945, 1281])
(2, 382, -4, (2,), [-105, -227, -635, -677], [255, 1117, 1255, 1603])
(2, 383, -4, (2,), [-31, -187, -367], [369, 429, 665, 1409])
(2, 384, -4, (2,), [-317, -1437, -1557, -1617], [231, 331, 417, 535])
(2, 385, -4, (2,), [-265, -1215, -1911, -2005], [189, 395, 755, 1059])
(2, 386, -4, (2,), [-231, -747, -881, -923], [235, 267, 357, 499])
(2, 387, -4, (2,), [-615, -621, -795, -919], [789, 1473, 1809, 1925])
(2, 388, -4, (2,), [-45, -63, -269, -347], [133, 433, 435, 1147])
(2, 389, -4, (2,), [-21, -51, -103], [89, 539, 959, 1701])
(2, 390, -4, (2,), [-137, -293, -383, -461], [3, 133, 759, 873])
(2, 391, -4, (2,), [-105, -127, -399, -645], [885, 935, 1235, 1281])
(2, 392, -4, (2,), [-107, -299, -623, -1035], [207, 351, 415, 517])
(2, 393, -4, (2,), [-93, -331, -549, -1113], [77, 101, 249, 291])
(2, 394, -4, (2,), [-377, -447, -987, -1161], [97, 169, 267, 619])
(2, 395, -4, (2,), [-531, -1137, -2161, -2205], [29, 963, 1019, 1169])
(2, 396, -4, (2,), [-605, -695, -909, -945], [231, 253, 261, 451])
(2, 397, -4, (2,), [-81, -463, -673], [387, 491, 615, 629])
(2, 398, -4, (2,), [-131, -231, -777, -951], [127, 447, 1005, 1147])
(2, 399, -4, (2,), [-91, -219, -937, -1731], [51, 485, 593, 735])
(2, 400, -4, (2,), [-593, -663, -767, -879], [181, 435, 1021, 1161])
(2, 401, -4, (2,), [-31, -261, -465], [807, 989, 1119, 1379])
(2, 402, -4, (2,), [-53, -413, -737, -1113], [505, 793, 849, 1443])
(2, 403, -4, (2,), [-379, -607, -879, -1411], [293, 683, 701, 713])
(2, 404, -4, (2,), [-257, -309, -395, -563], [55, 63, 265, 753])
(2, 405, -4, (2,), [-235, -331, -553, -609], [539, 731, 789, 887])
(2, 406, -4, (2,), [-923, -1235, -1655, -1805], [129, 169, 405, 583])
(2, 407, -4, (2,), [-157, -171, -225, -321], [309, 453, 641, 659])
(2, 408, -4, (2,), [-1005, -1409, -1419, -1577], [37, 231, 247, 267])
(2, 409, -4, (2,), [-103, -585, -735], [29, 125, 381, 399])
(2, 410, -4, (2,), [-51, -455, -647, -743], [33, 375, 643, 765])
(2, 411, -4, (2,), [-205, -339, -355, -891], [63, 333, 345, 1493])
(2, 412, -4, (2,), [-183, -243, -335, -467], [67, 115, 385, 463])
(2, 413, -4, (2,), [-21, -519, -801, -1671], [221, 317, 411, 435])
(2, 414, -4, (2,), [-17, -35, -453, -461], [315, 507, 537, 1957])
(2, 415, -4, (2,), [-45, -55, -267, -361], [323, 659, 669, 1095])
(2, 416, -4, (2,), [-435, -453, -549, -597], [235, 921, 961, 987])
(2, 417, -4, (2,), [-1029, -1095, -1603, -2445], [245, 495, 605, 651])
(2, 418, -4, (2,), [-147, -297, -585, -1485], [163, 739, 937, 1443])
(2, 419, -4, (2,), [-69, -219, -1507], [299, 431, 905, 1271])
(2, 420, -4, (2,), [-317, -335, -1437, -1505], [45, 543, 705, 1005])
(2, 421, -4, (2,), [-271, -883, -1005], [105, 261, 837, 969])
(2, 422, -4, (2,), [-101, -233, -377, -791], [163, 273, 537, 805])
(2, 423, -4, (2,), [-91, -819, -885, -1249], [309, 459, 593, 701])
(2, 424, -4, (2,), [-389, -417, -585, -629], [163, 423, 451, 637])
(2, 425, -4, (2,), [-301, -379, -391, -499], [57, 329, 387, 497])
(2, 426, -4, (2,), [-321, -873, -1067, -1193], [423, 439, 855, 1599])
(2, 427, -4, (2,), [-781, -1075, -1137, -2047], [69, 183, 489, 659])
(2, 428, -4, (2,), [-65, -387, -413, -825], [345, 651, 837, 897])
(2, 429, -4, (2,), [-55, -615, -711, -1033], [131, 611, 921, 1905])
(2, 430, -4, (2,), [-677, -797, -1023, -1671], [73, 1105, 2173, 2535])
(2, 431, -4, (2,), [-201, -225, -325], [173, 485, 545, 681])
(2, 432, -4, (2,), [-299, -335, -633, -639], [1093, 1387, 2167, 2331])
(2, 433, -4, (2,), [-601, -1569, -1621], [335, 629, 1229, 2051])
(2, 434, -4, (2,), [-183, -201, -287, -323], [103, 495, 553, 805])
(2, 435, -4, (2,), [-97, -349, -387, -625], [561, 653, 821, 873])
(2, 436, -4, (2,), [-87, -117, -249, -753], [295, 303, 337, 567])
(2, 437, -4, (2,), [-93, -549, -1489, -1779], [117, 249, 425, 1031])
(2, 438, -4, (2,), [-417, -563, -705, -807], [25, 213, 553, 1183])
(2, 439, -4, (2,), [-151, -169, -549], [101, 543, 1173, 1815])
(2, 440, -4, (2,), [-33, -173, -1037, -1287], [187, 853, 897, 1677])
(2, 441, -4, (2,), [-361, -555, -559, -595], [227, 257, 509, 767])
(2, 442, -4, (2,), [-995, -1163, -1187, -2481], [189, 559, 609, 723])
(2, 443, -4, (2,), [-685, -819, -897], [53, 533, 743, 785])
(2, 444, -4, (2,), [-17, -173, -675, -719], [267, 631, 913, 1081])
(2, 445, -4, (2,), [-195, -501, -645, -669], [41, 95, 227, 269])
(2, 446, -4, (2,), [-77, -393, -453, -611], [33, 435, 825, 1105])
(2, 447, -4, (2,), [-325, -441, -1045, -1279], [99, 575, 711, 1341])
(2, 448, -4, (2,), [-203, -207, -825, -1025], [211, 597, 703, 721])
(2, 449, -4, (2,), [-241, -373, -559], [459, 869, 909, 965])
(2, 450, -4, (2,), [-501, -1083, -1235, -1265], [213, 225, 289, 487])
(2, 451, -4, (2,), [-2239, -2245, -2295, -2701], [23, 165, 563, 1491])
(2, 452, -4, (2,), [-3, -183, -495, -603], [37, 261, 301, 561])
(2, 453, -4, (2,), [-285, -975, -1153, -1479], [89, 165, 221, 497])
(2, 454, -4, (2,), [-57, -63, -155, -461], [375, 433, 673, 1003])
(2, 455, -4, (2,), [-217, -717, -1111, -2127], [105, 393, 791, 849])
(2, 456, -4, (2,), [-627, -683, -747, -903], [21, 243, 375, 751])
(2, 457, -4, (2,), [-273, -349, -949], [519, 815, 1179, 2561])
(2, 458, -4, (2,), [-57, -185, -761, -1581], [127, 603, 1003, 1239])
(2, 459, -4, (2,), [-549, -1239, -2025, -2301], [101, 285, 371, 491])
(2, 460, -4, (2,), [-77, -113, -147, -959], [1257, 1281, 1353, 1563])
(2, 461, -4, (2,), [-649, -985, -1071], [321, 369, 1037, 1247])
(2, 462, -4, (2,), [-195, -513, -1595, -1631], [567, 1003, 1065, 2319])
(2, 463, -4, (2,), [-157, -405, -441], [81, 479, 1253, 2033])
(2, 464, -4, (2,), [-437, -495, -567, -1007], [841, 1345, 1465, 1995])
(2, 465, -4, (2,), [-819, -1125, -2499, -2751], [29, 585, 605, 761])
(2, 466, -4, (2,), [-813, -945, -1287, -1641], [423, 499, 1149, 1159])
(2, 467, -4, (2,), [-511, -555, -721], [329, 683, 1023, 1119])
(2, 468, -4, (2,), [-17, -167, -485, -689], [765, 1213, 1363, 1411])
(2, 469, -4, (2,), [-283, -775, -943, -1065], [879, 975, 1329, 2321])
(2, 470, -4, (2,), [-35, -51, -215, -735], [99, 375, 937, 1059])
(2, 471, -4, (2,), [-147, -1287, -2047, -2319], [659, 1041, 2331, 2415])
(2, 472, -4, (2,), [-209, -539, -1217, -1547], [445, 717, 723, 1075])
(2, 473, -4, (2,), [-579, -589, -979, -1051], [149, 327, 929, 977])
(2, 474, -4, (2,), [-135, -795, -1073, -1607], [309, 637, 1383, 1485])
(2, 475, -4, (2,), [-129, -379, -915, -1587], [1235, 1593, 2099, 2919])
(2, 476, -4, (2,), [-153, -155, -315, -993], [223, 397, 663, 697])
(2, 477, -4, (2,), [-123, -313, -1441, -1809], [315, 695, 711, 1257])
(2, 478, -4, (2,), [-95, -341, -755, -1593], [583, 867, 1477, 1543])
(2, 479, -4, (2,), [-537, -877, -2059], [221, 519, 1295, 1539])
(2, 480, -4, (2,), [-47, -423, -797, -873], [165, 345, 891, 1005])
(2, 481, -4, (2,), [-273, -349, -411, -973], [65, 237, 1031, 1485])
(2, 482, -4, (2,), [-275, -815, -945, -1185], [475, 589, 783, 1099])
(2, 483, -4, (2,), [-301, -345, -381, -759], [329, 1101, 1319, 1569])
(2, 484, -4, (2,), [-39, -117, -389, -465], [333, 1243, 1311, 1677])
(2, 485, -4, (2,), [-1399, -1569, -1723, -2235], [165, 509, 1245, 1247])
(2, 486, -4, (2,), [-143, -587, -815, -1973], [207, 345, 613, 819])
(2, 487, -4, (2,), [-57, -339, -1189], [443, 519, 749, 1161])
(2, 488, -4, (2,), [-17, -345, -779, -855], [777, 853, 907, 1245])
(2, 489, -4, (2,), [-21, -115, -195, -279], [179, 345, 611, 837])
(2, 490, -4, (2,), [-917, -1383, -1457, -1473], [655, 927, 1255, 1369])
(2, 491, -4, (2,), [-75, -97, -369], [813, 1443, 1521, 1625])
(2, 492, -4, (2,), [-129, -173, -189, -789], [21, 247, 1347, 2307])
(2, 493, -4, (2,), [-433, -439, -469, -1105], [549, 1205, 1445, 2939])
(2, 494, -4, (2,), [-125, -657, -887, -1197], [375, 603, 1275, 1365])
(2, 495, -4, (2,), [-31, -831, -909, -1515], [51, 443, 995, 1503])
(2, 496, -4, (2,), [-257, -1133, -1205, -1287], [583, 861, 1423, 2047])
(2, 497, -4, (2,), [-1291, -1441, -1669, -1809], [159, 245, 599, 671])
(2, 498, -4, (2,), [-563, -1085, -1707, -1943], [375, 409, 585, 609])
(2, 499, -4, (2,), [-151, -711, -1179], [161, 569, 855, 1059])
(2, 500, -4, (2,), [-863, -1485, -1769, -2315], [55, 135, 321, 553])
(2, 501, -4, (2,), [-45, -91, -1441, -2205], [519, 555, 641, 659])
(2, 502, -4, (2,), [-671, -1055, -1083, -1631], [49, 135, 339, 343])
(2, 503, -4, (2,), [-91, -829, -1095], [165, 309, 555, 951])
(2, 504, -4, (2,), [-503, -1299, -1707, -1713], [133, 625, 705, 715])
(2, 505, -4, (2,), [-91, -103, -139, -759], [51, 179, 227, 377])
(2, 506, -4, (2,), [-45, -243, -455, -1233], [559, 1467, 1819, 1903])
(2, 507, -4, (2,), [-265, -417, -627, -649], [351, 359, 1209, 2235])
(2, 508, -4, (2,), [-243, -515, -873, -885], [15, 1035, 1071, 1233])
(2, 509, -4, (2,), [-741, -1335, -1351], [35, 167, 179, 207])
(2, 510, -4, (2,), [-75, -357, -443, -1857], [15, 37, 325, 649])
(2, 511, -4, (2,), [-187, -339, -481, -579], [111, 809, 1299, 1599])
(2, 512, -4, (2,), [-569, -629, -875, -975], [75, 145, 285])
(2, 513, -4, (2,), [-445, -879, -999, -1483], [159, 261, 431, 621])
(2, 514, -4, (2,), [-767, -1145, -1197, -1625], [169, 255, 603, 885])
(2, 515, -4, (2,), [-225, -561, -771, -789], [15, 561, 959, 1401])
(2, 516, -4, (2,), [-689, -723, -773, -1337], [121, 303, 807, 967])
(2, 517, -4, (2,), [-489, -493, -759, -1201], [357, 405, 611, 905])
(2, 518, -4, (2,), [-917, -1151, -1331, -1415], [37, 57, 99, 817])
(2, 519, -4, (2,), [-91, -387, -1017, -1179], [393, 1263, 1359, 1473])
(2, 520, -4, (2,), [-383, -539, -777, -1125], [513, 783, 1213, 1263])
(2, 521, -4, (2,), [-1, -115, -271, -489], [887, 2001, 2309, 2379])
(2, 522, -4, (2,), [-117, -765, -915, -963], [345, 1579, 1915, 2227])
(2, 523, -4, (2,), [-1267, -1417, -1825], [375, 1493, 1625, 1773])
(2, 524, -4, (2,), [-465, -927, -947, -1979], [117, 427, 1141, 1765])
(2, 525, -4, (2,), [-363, -583, -625, -1263], [731, 981, 1281, 1389])
(2, 526, -4, (2,), [-363, -497, -623, -1265], [697, 813, 1297, 1389])
(2, 527, -4, (2,), [-1017, -1101, -1311, -1765], [249, 509, 641, 755])
(2, 528, -4, (2,), [-65, -189, -303, -683], [381, 555, 771, 1153])
(2, 529, -4, (2,), [-31, -309, -619, -1041], [69, 567, 1029, 1871])
(2, 530, -4, (2,), [-1017, -1185, -1353, -1413], [189, 943, 1867, 2449])
(2, 531, -4, (2,), [-315, -525, -955, -1287], [375, 411, 813, 1341])
(2, 532, -4, (2,), [-335, -1343, -1965, -2535], [123, 331, 541, 813])
(2, 533, -4, (2,), [-153, -159, -453, -603], [279, 1121, 1799, 1835])
(2, 534, -4, (2,), [-521, -585, -917, -1263], [675, 975, 1023, 1479])
(2, 535, -4, (2,), [-367, -405, -447, -955], [83, 741, 765, 1043])
(2, 536, -4, (2,), [-149, -849, -1359, -1653], [37, 261, 403, 877])
(2, 537, -4, (2,), [-9, -649, -751, -1791], [701, 1439, 1461, 1625])
(2, 538, -4, (2,), [-53, -71, -645, -1503], [87, 213, 345, 465])
(2, 539, -4, (2,), [-615, -1167, -1527, -2077], [119, 243, 393, 719])
(2, 540, -4, (2,), [-335, -1647, -2733, -3695], [31, 91, 183, 421])
(2, 541, -4, (2,), [-81, -169, -339], [729, 1365, 1479, 1715])
(2, 542, -4, (2,), [-611, -621, -791, -1653], [93, 175, 439, 559])
(2, 543, -4, (2,), [-157, -427, -487, -765], [989, 1023, 1185, 1251])
(2, 544, -4, (2,), [-759, -1019, -1065, -1209], [163, 477, 601, 1275])
(2, 545, -4, (2,), [-3, -793, -1233, -1471], [845, 905, 1217, 1551])
(2, 546, -4, (2,), [-11, -227, -1497, -2133], [15, 393, 399, 1159])
(2, 547, -4, (2,), [-537, -1357, -1875], [809, 1305, 1703, 2085])
(2, 548, -4, (2,), [-749, -1055, -2255, -2493], [453, 775, 841, 853])
(2, 549, -4, (2,), [-625, -745, -793, -1479], [261, 435, 537, 785])
(2, 550, -4, (2,), [-5, -77, -227, -333], [1005, 1393, 1399, 2043])
(2, 551, -4, (2,), [-231, -1315, -1485, -2091], [335, 719, 923, 1061])
(2, 552, -4, (2,), [-503, -725, -2187, -2439], [81, 487, 637, 765])
(2, 553, -4, (2,), [-441, -603, -661, -1489], [549, 587, 647, 1497])
(2, 554, -4, (2,), [-567, -597, -825, -923], [417, 739, 915, 1393])
(2, 555, -4, (2,), [-595, -937, -1467, -1531], [345, 1241, 1439, 4155])
(2, 556, -4, (2,), [-1295, -1595, -1845, -2997], [63, 813, 1105, 1147])
(2, 557, -4, (2,), [-339, -483, -805], [357, 377, 467, 531])
(2, 558, -4, (2,), [-261, -485, -825, -843], [33, 39, 99, 1089])
(2, 559, -4, (2,), [-411, -631, -867, -1075], [153, 231, 273, 503])
(2, 560, -4, (2,), [-717, -1899, -2235, -2387], [211, 1833, 2251, 2457])
(2, 561, -4, (2,), [-153, -1501, -1761], [701, 2567, 3057, 3117])
(2, 562, -4, (2,), [-743, -1053, -1145, -1397], [45, 147, 153, 415])
(2, 563, -4, (2,), [-9, -55, -87], [459, 743, 2235, 2519])
(2, 564, -4, (2,), [-95, -345, -455, -705], [115, 253, 351, 967])
(2, 565, -4, (2,), [-45, -403, -475, -511], [669, 1757, 2745, 3101])
(2, 566, -4, (2,), [-113, -243, -1077, -1095], [427, 445, 697, 933])
(2, 567, -4, (2,), [-297, -1125, -1161, -1507], [1163, 1199, 1443, 2469])
(2, 568, -4, (2,), [-645, -1023, -1175, -1679], [51, 1255, 1303, 2881])
(2, 569, -4, (2,), [-199, -535, -841], [369, 789, 965, 1349])
(2, 570, -4, (2,), [-261, -453, -555, -707], [25, 793, 927, 1089])
(2, 571, -4, (2,), [-369, -1177, -1669], [71, 183, 221, 261])
(2, 572, -4, (2,), [-275, -1619, -3159, -4149], [57, 525, 555, 657])
(2, 573, -4, (2,), [-193, -243, -249, -675], [11, 81, 137, 315])
(2, 574, -4, (2,), [-105, -143, -243, -305], [129, 2787, 2823, 4717])
(2, 575, -4, (2,), [-1057, -1149, -2149, -2361], [131, 285, 711, 965])
(2, 576, -4, (2,), [-789, -947, -1515, -1575], [243, 1017, 1041, 1237])
(2, 577, -4, (2,), [-81, -511, -1221], [489, 611, 2537, 3317])
(2, 578, -4, (2,), [-483, -611, -911, -1533], [177, 589, 1107, 1177])
(2, 579, -4, (2,), [-91, -1647, -2001, -2061], [333, 563, 903, 1299])
(2, 580, -4, (2,), [-57, -129, -735, -995], [133, 277, 493, 1203])
(2, 581, -4, (2,), [-295, -463, -885, -1053], [321, 399, 497, 725])
(2, 582, -4, (2,), [-231, -275, -327, -1343], [135, 717, 1027, 1215])
(2, 583, -4, (2,), [-27, -81, -355, -441], [629, 779, 1431, 1949])
(2, 584, -4, (2,), [-195, -519, -777, -1025], [253, 601, 741, 783])
(2, 585, -4, (2,), [-81, -315, -1321, -1525], [407, 477, 689, 935])
(2, 586, -4, (2,), [-201, -1541, -2771, -3563], [73, 639, 1129, 1539])
(2, 587, -4, (2,), [-285, -321, -387], [303, 1349, 1661, 1833])
(2, 588, -4, (2,), [-513, -875, -1293, -1547], [7, 135, 771, 1363])
(2, 589, -4, (2,), [-181, -273, -309, -715], [405, 735, 1451, 2321])
(2, 590, -4, (2,), [-773, -1665, -1913, -1977], [445, 639, 1323, 1617])
(2, 591, -4, (2,), [-291, -549, -637, -1297], [1335, 2223, 3939, 4005])
(2, 592, -4, (2,), [-935, -1257, -2489, -2667], [87, 333, 991, 1345])
(2, 593, -4, (2,), [-363, -405, -421], [405, 561, 1049, 1217])
(2, 594, -4, (2,), [-165, -167, -425, -483], [315, 1053, 1395, 1495])
(2, 595, -4, (2,), [-81, -735, -1015, -1021], [575, 863, 1353, 1509])
(2, 596, -4, (2,), [-117, -1077, -1233, -1737], [67, 313, 523, 837])
(2, 597, -4, (2,), [-591, -1125, -1215, -1923], [159, 311, 509, 1065])
(2, 598, -4, (2,), [-587, -903, -1637, -1823], [279, 1717, 1837, 1995])
(2, 599, -4, (2,), [-91, -1345, -1945], [323, 615, 803, 953])
(2, 600, -4, (2,), [-95, -149, -237, -315], [187, 721, 751, 1401])
(2, 601, -4, (2,), [-229, -595, -909], [51, 819, 1211, 1245])
(2, 602, -4, (2,), [-75, -111, -723, -1197], [265, 657, 715, 1099])
(2, 603, -4, (2,), [-1137, -1189, -2379, -2709], [129, 1239, 1869, 2051])
(2, 604, -4, (2,), [-585, -945, -2127, -2255], [337, 393, 1105, 1603])
(2, 605, -4, (2,), [-519, -733, -1503, -2011], [77, 81, 231, 509])
(2, 606, -4, (2,), [-153, -1355, -2865, -2961], [477, 889, 1989, 3327])
(2, 607, -4, (2,), [-1, -57, -361, -397], [485, 545, 683, 969])
(2, 608, -4, (2,), [-527, -825, -903, -1875], [253, 1035, 1197, 1353])
(2, 609, -4, (2,), [-1125, -1405, -2089, -2991], [369, 1695, 2039, 2451])
(2, 610, -4, (2,), [-27, -47, -1191, -3407], [7, 687, 1695, 1999])
(2, 611, -4, (2,), [-187, -217, -349, -441], [261, 1485, 2081, 2241])
(2, 612, -4, (2,), [-683, -1253, -1493, -2063], [297, 795, 1153, 1375])
(2, 613, -4, (2,), [-381, -589, -931], [417, 1007, 1859, 2249])
(2, 614, -4, (2,), [-297, -701, -1113, -1587], [933, 1219, 2055, 2487])
(2, 615, -4, (2,), [-201, -405, -601, -627], [119, 579, 711, 935])
(2, 616, -4, (2,), [-459, -1193, -1679, -2465], [175, 241, 1281, 1305])
(2, 617, -4, (2,), [-199, -213, -1251], [599, 1077, 1301, 1425])
(2, 618, -4, (2,), [-2487, -2813, -3377, -4665], [267, 687, 873, 1989])
(2, 619, -4, (2,), [-45, -81, -355], [59, 273, 623, 713])
(2, 620, -4, (2,), [-15, -449, -887, -1095], [1063, 1377, 1653, 1827])
(2, 621, -4, (2,), [-223, -769, -1269, -1719], [135, 551, 1037, 1229])
(2, 622, -4, (2,), [-195, -201, -585, -1091], [555, 1227, 1375, 1777])
(2, 623, -4, (2,), [-219, -301, -1387, -1441], [83, 203, 413, 779])
(2, 624, -4, (2,), [-117, -1019, -1649, -2433], [451, 553, 807, 1467])
(2, 625, -4, (2,), [-199, -525, -609, -1425], [249, 1067, 1149, 1245])
(2, 626, -4, (2,), [-131, -1091, -1331, -2705], [483, 1359, 2233, 2799])
(2, 627, -4, (2,), [-217, -355, -367, -727], [143, 165, 555, 623])
(2, 628, -4, (2,), [-455, -617, -2145, -2297], [121, 123, 193, 1351])
(2, 629, -4, (2,), [-709, -759, -813, -1153], [41, 1439, 3369, 3597])
(2, 630, -4, (2,), [-395, -843, -1077, -1187], [715, 1179, 2037, 2347])
(2, 631, -4, (2,), [-759, -1587, -1869], [1281, 1953, 2135, 2345])
(2, 632, -4, (2,), [-813, -957, -2187, -3039], [391, 705, 1405, 1645])
(2, 633, -4, (2,), [-441, -1021, -1839, -2181], [2081, 2235, 2237, 2891])
(2, 634, -4, (2,), [-141, -897, -1085, -1727], [249, 555, 1003, 1347])
(2, 635, -4, (2,), [-135, -309, -457, -1129], [1533, 1775, 1869, 2303])
(2, 636, -4, (2,), [-87, -809, -1049, -1193], [1041, 2665, 3967, 4573])
(2, 637, -4, (2,), [-111, -243, -643, -819], [591, 669, 899, 1967])
(2, 638, -4, (2,), [-405, -423, -477, -923], [69, 559, 739, 793])
(2, 639, -4, (2,), [-499, -511, -739, -1305], [413, 641, 971, 1211])
(2, 640, -4, (2,), [-305, -503, -735, -995], [115, 303, 391, 757])
(2, 641, -4, (2,), [-73, -115, -153], [681, 725, 1071, 1079])
(2, 642, -4, (2,), [-563, -1101, -1125, -1223], [1165, 1603, 2349, 2737])
(2, 643, -4, (2,), [-397, -511, -691], [59, 195, 255, 389])
(2, 644, -4, (2,), [-369, -383, -537, -663], [247, 291, 415, 663])
(2, 645, -4, (2,), [-1731, -1971, -2223], [497, 855, 1571, 2457])
(2, 646, -4, (2,), [-987, -995, -2301, -2453], [573, 1897, 2145, 2445])
(2, 647, -4, (2,), [-357, -1035, -1077], [473, 665, 1593, 2121])
(2, 648, -4, (2,), [-195, -537, -639, -657], [81, 351, 693, 1363])
(2, 649, -4, (2,), [-123, -175, -813, -1203], [329, 569, 1395, 2675])
(2, 650, -4, (2,), [-611, -1107, -1385, -2351], [385, 1845, 2469, 3319])
(2, 651, -4, (2,), [-565, -1467, -1615, -1857], [89, 1181, 2795, 3425])
(2, 652, -4, (2,), [-333, -489, -875, -1425], [445, 805, 2145, 3691])
(2, 653, -4, (2,), [-475, -873, -1041], [159, 2361, 2967, 3161])
(2, 654, -4, (2,), [-971, -3177, -3435, -4451], [19, 25, 205, 733])
(2, 655, -4, (2,), [-405, -867, -1219, -2145], [549, 855, 1163, 2319])
(2, 656, -4, (2,), [-143, -153, -453, -2549], [81, 555, 837, 1341])
(2, 657, -4, (2,), [-723, -895, -1251, -1341], [555, 767, 855, 1325])
(2, 658, -4, (2,), [-785, -1025, -1725, -3443], [69, 153, 409, 609])
(2, 659, -4, (2,), [-799, -939, -1387], [681, 809, 1469, 1889])
(2, 660, -4, (2,), [-473, -647, -933, -1259], [765, 1137, 2241, 2263])
(2, 661, -4, (2,), [-589, -843, -1189], [165, 399, 1361, 1581])
(2, 662, -4, (2,), [-1017, -1701, -1757, -2073], [1005, 1579, 1633, 1749])
(2, 663, -4, (2,), [-67, -139, -147, -529], [219, 999, 1025, 1053])
(2, 664, -4, (2,), [-17, -635, -645, -747], [331, 723, 1023, 1303])
(2, 665, -4, (2,), [-541, -793, -1465, -1485], [1875, 1901, 2177, 3351])
(2, 666, -4, (2,), [-93, -321, -485, -923], [439, 555, 1285, 1317])
(2, 667, -4, (2,), [-241, -631, -747, -859], [141, 365, 729, 1821])
(2, 668, -4, (2,), [-209, -435, -549, -719], [385, 853, 1105, 1545])
(2, 669, -4, (2,), [-339, -793, -1063, -1339], [1067, 1445, 2555, 3035])
(2, 670, -4, (2,), [-161, -165, -195, -321], [9, 559, 729, 949])
(2, 671, -4, (2,), [-1185, -1329, -1405, -1797], [299, 1233, 1539, 1763])
(2, 672, -4, (2,), [-399, -513, -605, -635], [583, 1023, 1387, 2437])
(2, 673, -4, (2,), [-141, -421, -519], [101, 107, 995, 2207])
(2, 674, -4, (2,), [-87, -741, -1067, -1727], [603, 747, 1525, 1735])
(2, 675, -4, (2,), [-517, -1629, -1699, -3555], [269, 653, 753, 831])
(2, 676, -4, (2,), [-767, -1275, -1503, -1883], [1155, 2625, 2901, 3033])
(2, 677, -4, (2,), [-631, -1123, -1263], [357, 485, 705, 951])
(2, 678, -4, (2,), [-41, -483, -2403, -2627], [229, 637, 969, 1293])
(2, 679, -4, (2,), [-1959, -2841, -4057, -4441], [323, 629, 813, 1245])
(2, 680, -4, (2,), [-939, -1337, -1809, -1947], [211, 397, 445, 513])
(2, 681, -4, (2,), [-159, -1371, -1525, -1833], [2235, 2399, 2697, 2879])
(2, 682, -4, (2,), [-63, -495, -525, -1113], [1795, 2829, 4063, 5257])
(2, 683, -4, (2,), [-45, -1107, -1407], [83, 819, 1031, 1463])
(2, 684, -4, (2,), [-107, -473, -513, -725], [183, 1773, 2215, 2353])
(2, 685, -4, (2,), [-679, -1309, -1369, -1875], [27, 119, 695, 1169])
(2, 686, -4, (2,), [-651, -1035, -1973, -2057], [303, 1369, 2043, 3673])
(2, 687, -4, (2,), [-871, -1495, -1725, -3199], [285, 519, 765, 903])
(2, 688, -4, (2,), [-759, -1793, -2103, -2175], [165, 403, 1935, 3453])
(2, 689, -4, (2,), [-3, -429, -639, -715], [515, 651, 837, 1019])
(2, 690, -4, (2,), [-455, -927, -1575, -1635], [85, 369, 819, 1167])
(2, 691, -4, (2,), [-1057, -1771, -1939], [135, 219, 1149, 1635])
(2, 692, -4, (2,), [-65, -1083, -1097, -1259], [651, 921, 1147, 1477])
(2, 693, -4, (2,), [-739, -843, -1125, -1389], [35, 365, 407, 815])
(2, 694, -4, (2,), [-3, -215, -501, -1433], [115, 189, 307, 513])
(2, 695, -4, (2,), [-49, -61, -651, -1597], [225, 405, 645, 971])
(2, 696, -4, (2,), [-447, -1869, -1937, -2169], [681, 1057, 1215, 1251])
(2, 697, -4, (2,), [-343, -481, -505, -1443], [9, 45, 435, 519])
(2, 698, -4, (2,), [-723, -1017, -2205, -3617], [1275, 1729, 2059, 2125])
(2, 699, -4, (2,), [-9, -219, -835, -1449], [1719, 2375, 4001, 4431])
(2, 700, -4, (2,), [-1113, -1133, -1523, -2337], [535, 1095, 2643, 3261])
(2, 701, -4, (2,), [-159, -169, -1213], [321, 627, 701, 1355])
(2, 702, -4, (2,), [-87, -1383, -1865, -1881], [2049, 2065, 2167, 2769])
(2, 703, -4, (2,), [-529, -1107, -1869, -2671], [203, 741, 995, 1311])
(2, 704, -4, (2,), [-245, -1139, -1319, -1653], [327, 631, 1275, 1303])
(2, 705, -4, (2,), [-1255, -1831, -2431, -3643], [2217, 3117, 3729, 4767])
(2, 706, -4, (2,), [-5, -1317, -1473, -1481], [105, 283, 363, 505])
(2, 707, -4, (2,), [-91, -175, -517, -2109], [93, 599, 813, 1425])
(2, 708, -4, (2,), [-149, -1085, -1263, -1287], [141, 463, 997, 1041])
(2, 709, -4, (2,), [-1923, -3133, -3511], [407, 1301, 1359, 1421])
(2, 710, -4, (2,), [-1127, -1337, -2477, -2511], [337, 643, 849, 1185])
(2, 711, -4, (2,), [-207, -789, -807, -1339], [203, 929, 1599, 1755])
(2, 712, -4, (2,), [-489, -683, -687, -963], [265, 1491, 1641, 1735])
(2, 713, -4, (2,), [-729, -1123, -3003, -3241], [515, 789, 807, 2051])
(2, 714, -4, (2,), [-167, -221, -411, -471], [19, 309, 1209, 1983])
(2, 715, -4, (2,), [-7, -315, -969, -1081], [473, 911, 963, 1043])
(2, 716, -4, (2,), [-153, -1007, -1035, -1779], [883, 1143, 1503, 1567])
(2, 717, -4, (2,), [-25, -555, -765, -1183], [51, 315, 509, 569])
(2, 718, -4, (2,), [-753, -797, -1421, -1541], [1753, 2457, 3195, 3459])
(2, 719, -4, (2,), [-717, -799, -1119], [113, 245, 531, 1071])
(2, 720, -4, (2,), [-395, -479, -629, -1059], [141, 157, 315, 921])
(2, 721, -4, (2,), [-61, -285, -349, -645], [279, 477, 599, 1011])
(2, 722, -4, (2,), [-275, -321, -467, -1043], [1225, 2017, 2049, 2575])
(2, 723, -4, (2,), [-465, -1437, -2077, -2737], [119, 243, 719, 803])
(2, 724, -4, (2,), [-287, -537, -1113, -1805], [177, 735, 843, 1855])
(2, 725, -4, (2,), [-33, -1083, -1123, -1269], [629, 795, 1419, 1899])
(2, 726, -4, (2,), [-807, -1041, -1295, -2415], [789, 1849, 2737, 3475])
(2, 727, -4, (2,), [-657, -867, -2475], [155, 329, 381, 1703])
(2, 728, -4, (2,), [-77, -525, -569, -1715], [505, 721, 1003, 1593])
(2, 729, -4, (2,), [-9, -1921, -2565, -3843], [939, 1041, 1085, 1869])
(2, 730, -4, (2,), [-483, -1733, -1953, -1991], [273, 759, 1029, 4105])
(2, 731, -4, (2,), [-951, -1587, -2509, -4027], [345, 561, 743, 1089])
(2, 732, -4, (2,), [-303, -483, -1217, -1305], [81, 633, 813, 1135])
(2, 733, -4, (2,), [-609, -1089, -1785], [639, 2165, 2211, 2421])
(2, 734, -4, (2,), [-261, -657, -705, -815], [117, 799, 1639, 1947])
(2, 735, -4, (2,), [-607, -789, -915, -3015], [411, 491, 693, 735])
(2, 736, -4, (2,), [-509, -1569, -3525, -3935], [297, 895, 1051, 1275])
(2, 737, -4, (2,), [-771, -2001, -2215, -2253], [837, 855, 1127, 1751])
(2, 738, -4, (2,), [-171, -1001, -1241, -1563], [847, 2145, 2215, 2647])
(2, 739, -4, (2,), [-789, -1357, -1587], [51, 1829, 1995, 2045])
(2, 740, -4, (2,), [-875, -1107, -1265, -1599], [345, 405, 1201, 1455])
(2, 741, -4, (2,), [-795, -961, -1495, -2251], [81, 417, 831, 1575])
(2, 742, -4, (2,), [-1281, -1571, -1793, -2517], [519, 555, 1123, 3297])
(2, 743, -4, (2,), [-37, -321, -387], [239, 491, 1415, 1581])
(2, 744, -4, (2,), [-173, -413, -765, -875], [975, 1675, 2187, 2775])
(2, 745, -4, (2,), [-225, -595, -2905, -3345], [267, 437, 1421, 1931])
(2, 746, -4, (2,), [-665, -915, -1101, -1283], [207, 1345, 1449, 1755])
(2, 747, -4, (2,), [-1299, -1479, -2505, -3091], [1085, 1311, 3101, 3675])
(2, 748, -4, (2,), [-153, -209, -1637, -3317], [331, 493, 2185, 2265])
(2, 749, -4, (2,), [-723, -745, -2379, -2473], [777, 1077, 1791, 1845])
(2, 750, -4, (2,), [-161, -593, -1307, -1335], [145, 1005, 2635, 3237])
(2, 751, -4, (2,), [-165, -1995, -3351], [771, 1511, 1779, 2345])
(2, 752, -4, (2,), [-875, -2355, -3165, -3219], [417, 853, 987, 1293])
(2, 753, -4, (2,), [-1101, -1125, -2503, -2785], [701, 1251, 1605, 2025])
(2, 754, -4, (2,), [-417, -1067, -1131, -2955], [295, 415, 745, 847])
(2, 755, -4, (2,), [-199, -741, -861, -2395], [1619, 2373, 2675, 2799])
(2, 756, -4, (2,), [-107, -257, -1077, -1545], [567, 891, 1563, 2047])
(2, 757, -4, (2,), [-141, -199, -1425], [105, 365, 657, 905])
(2, 758, -4, (2,), [-363, -1583, -2033, -2231], [265, 427, 445, 903])
(2, 759, -4, (2,), [-529, -717, -1305, -1729], [1515, 1745, 1983, 1989])
(2, 760, -4, (2,), [-173, -473, -1415, -1469], [333, 921, 1537, 2313])
(2, 761, -4, (2,), [-285, -421, -1095], [705, 1691, 4407, 4439])
(2, 762, -4, (2,), [-143, -621, -2111, -2627], [537, 577, 735, 1243])
(2, 763, -4, (2,), [-267, -1035, -1057, -1177], [615, 1481, 1751, 2963])
(2, 764, -4, (2,), [-393, -695, -1613, -2087], [711, 757, 1323, 2115])
(2, 765, -4, (2,), [-415, -471, -1015, -1153], [1031, 1587, 2625, 3227])
(2, 766, -4, (2,), [-641, -1671, -1775, -2651], [2143, 2383, 4155, 4825])
(2, 767, -4, (2,), [-1081, -1095, -1321, -1365], [699, 791, 2483, 3725])
(2, 768, -4, (2,), [-825, -1385, -1815, -1845], [183, 241, 427, 955])
(2, 769, -4, (2,), [-279, -489, -493], [17, 2141, 2387, 2409])
(2, 770, -4, (2,), [-495, -945, -1107, -1433], [63, 267, 793, 1479])
(2, 771, -4, (2,), [-67, -207, -657, -835], [365, 819, 989, 1095])
(2, 772, -4, (2,), [-545, -1067, -1179, -1385], [745, 1567, 1911, 2145])
(2, 773, -4, (2,), [-649, -1041, -1233], [1091, 1259, 1317, 1967])
(2, 774, -4, (2,), [-611, -807, -873, -957], [745, 2179, 3015, 3157])
(2, 775, -4, (2,), [-381, -391, -475, -2619], [825, 1073, 2163, 2445])
(2, 776, -4, (2,), [-1539, -1965, -2147, -3657], [247, 595, 1153, 1287])
(2, 777, -4, (2,), [-1011, -1329, -1621, -2595], [605, 921, 1187, 1751])
(2, 778, -4, (2,), [-483, -897, -1163, -1317], [1107, 2775, 3139, 4369])
(2, 779, -4, (2,), [-87, -1081, -1531, -2691], [345, 1049, 4313, 5265])
(2, 780, -4, (2,), [-147, -1217, -1229, -1407], [687, 1965, 2457, 2467])
(2, 781, -4, (2,), [-3345, -5229, -5395, -5641], [2925, 4229, 4469, 5711])
(2, 782, -4, (2,), [-551, -647, -1001, -1143], [595, 649, 699, 1119])
(2, 783, -4, (2,), [-301, -507, -889, -1507], [1373, 2105, 2145, 3651])
(2, 784, -4, (2,), [-759, -1989, -2097, -3275], [3, 1603, 3345, 3453])
(2, 785, -4, (2,), [-349, -1053, -1543, -1545], [75, 315, 701, 1269])
(2, 786, -4, (2,), [-137, -275, -507, -1511], [309, 379, 567, 627])
(2, 787, -4, (2,), [-277, -571, -1425], [39, 251, 501, 1359])
(2, 788, -4, (2,), [-453, -455, -1295, -2157], [133, 655, 763, 1611])
(2, 789, -4, (2,), [-201, -1129, -1509, -2233], [761, 1089, 2649, 3299])
(2, 790, -4, (2,), [-677, -1025, -2175, -2265], [205, 279, 585, 685])
(2, 791, -4, (2,), [-337, -729, -1237, -1545], [335, 995, 1143, 2009])
(2, 792, -4, (2,), [-1299, -3353, -4575, -4715], [201, 763, 877, 1113])
(2, 793, -4, (2,), [-175, -229, -2625, -2665], [417, 1161, 1757, 1905])
(2, 794, -4, (2,), [-513, -591, -1883, -1931], [289, 565, 1089, 1297])
(2, 795, -4, (2,), [-409, -1875, -2281, -2455], [63, 341, 989, 1155])
(2, 796, -4, (2,), [-267, -2679, -2727, -3203], [567, 625, 1585, 1605])
(2, 797, -4, (2,), [-1095, -1315, -2001], [105, 875, 1637, 1955])
(2, 798, -4, (2,), [-503, -1557, -1887, -2517], [7, 75, 169, 997])
(2, 799, -4, (2,), [-411, -1317, -2061, -2707], [221, 329, 545, 1035])
(2, 800, -4, (2,), [-105, -255, -593, -645], [25, 765, 847, 937])
(2, 801, -4, (2,), [-205, -553, -895, -1339], [1557, 1821, 2031, 2111])
(2, 802, -4, (2,), [-47, -857, -1625, -2063], [423, 2095, 2367, 3433])
(2, 803, -4, (2,), [-495, -1015, -1395, -2187], [1355, 1803, 2553, 2603])
(2, 804, -4, (2,), [-387, -425, -1055, -1965], [367, 417, 535, 1113])
(2, 805, -4, (2,), [-511, -1405, -1723, -1905], [1505, 2345, 2937, 2985])
(2, 806, -4, (2,), [-621, -1427, -1931, -2075], [117, 445, 543, 709])
(2, 807, -4, (2,), [-189, -577, -2215, -3187], [149, 891, 1263, 2775])
(2, 808, -4, (2,), [-17, -1475, -1539, -2559], [15, 505, 541, 753])
(2, 809, -4, (2,), [-313, -511, -1009], [107, 471, 651, 875])
(2, 810, -4, (2,), [-5, -1757, -3167, -3617], [669, 939, 1377, 1513])
(2, 811, -4, (2,), [-87, -1029, -1089], [65, 4151, 5193, 5645])
(2, 812, -4, (2,), [-195, -1025, -1065, -1079], [603, 2281, 3273, 3295])
(2, 813, -4, (2,), [-73, -165, -859, -1411], [129, 387, 635, 659])
(2, 814, -4, (2,), [-281, -431, -785, -1355], [235, 2043, 2715, 4207])
(2, 815, -4, (2,), [-61, -441, -537, -721], [179, 831, 965, 1973])
(2, 816, -4, (2,), [-959, -1049, -1563, -2049], [127, 813, 1561, 3355])
(2, 817, -4, (2,), [-295, -2419, -3771, -3801], [359, 449, 1101, 1175])
(2, 818, -4, (2,), [-281, -2303, -2351, -3621], [417, 435, 1483, 1575])
(2, 819, -4, (2,), [-579, -609, -1717, -1771], [165, 341, 855, 1001])
(2, 820, -4, (2,), [-519, -927, -1373, -1817], [1105, 2583, 2785, 3955])
(2, 821, -4, (2,), [-139, -645, -3513], [929, 1677, 1737, 2511])
(2, 822, -4, (2,), [-195, -461, -1125, -1367], [169, 1417, 1675, 2553])
(2, 823, -4, (2,), [-97, -465, -781], [1469, 4049, 4661, 4791])
(2, 824, -4, (2,), [-209, -1499, -1713, -1715], [285, 651, 1591, 1687])
(2, 825, -4, (2,), [-61, -1791, -2179, -2239], [231, 2235, 2261, 2411])
(2, 826, -4, (2,), [-755, -1833, -2001, -2015], [417, 493, 615, 643])
(2, 827, -4, (2,), [-199, -687, -1629], [1421, 1889, 2013, 2339])
(2, 828, -4, (2,), [-423, -825, -899, -1139], [1041, 1267, 3543, 3643])
(2, 829, -4, (2,), [-123, -165, -181], [197, 1607, 1695, 2075])
(2, 830, -4, (2,), [-153, -1991, -2133, -2141], [63, 1273, 2007, 2437])
(2, 831, -4, (2,), [-1869, -2539, -3189, -3421], [129, 303, 519, 1061])
(2, 832, -4, (2,), [-143, -2387, -3743, -3897], [637, 921, 1023, 1431])
(2, 833, -4, (2,), [-519, -685, -1021, -1083], [225, 515, 741, 1335])
(2, 834, -4, (2,), [-87, -345, -647, -1607], [37, 187, 273, 1737])
(2, 835, -4, (2,), [-1821, -2005, -4477, -4677], [245, 261, 1869, 1925])
(2, 836, -4, (2,), [-447, -843, -1599, -1613], [61, 75, 421, 811])
(2, 837, -4, (2,), [-1335, -3679, -3733, -4329], [29, 759, 921, 1409])
(2, 838, -4, (2,), [-95, -683, -1383, -1901], [2925, 3229, 3549, 3733])
(2, 839, -4, (2,), [-639, -1027, -1417], [41, 473, 2109, 2841])
(2, 840, -4, (2,), [-213, -437, -609, -2189], [133, 735, 921, 1317])
(2, 841, -4, (2,), [-201, -259, -1071, -1749], [617, 731, 1271, 1595])
(2, 842, -4, (2,), [-371, -1661, -2225, -2735], [427, 637, 859, 2389])
(2, 843, -4, (2,), [-445, -607, -891, -1239], [225, 803, 983, 1295])
(2, 844, -4, (2,), [-435, -447, -1403, -1503], [31, 57, 331, 531])
(2, 845, -4, (2,), [-301, -481, -691, -1251], [77, 191, 1341, 1625])
(2, 846, -4, (2,), [-63, -947, -1971, -3047], [945, 1107, 1363, 2025])
(2, 847, -4, (2,), [-399, -411, -559, -925], [959, 1155, 1715, 2363])
(2, 848, -4, (2,), [-17, -233, -489, -1043], [673, 1761, 2841, 2973])
(2, 849, -4, (2,), [-871, -979, -1405, -1819], [1691, 3077, 4127, 4839])
(2, 850, -4, (2,), [-3, -347, -755, -1527], [235, 3055, 4645, 4665])
(2, 851, -4, (2,), [-3417, -3435, -3579, -3925], [33, 495, 1251, 1643])
(2, 852, -4, (2,), [-777, -1277, -1617, -2145], [43, 1543, 2047, 2497])
(2, 853, -4, (2,), [-1923, -2371, -3601], [59, 1971, 3485, 5291])
(2, 854, -4, (2,), [-393, -1703, -1851, -1877], [525, 775, 825, 909])
(2, 855, -4, (2,), [-387, -735, -2071, -2631], [635, 981, 1295, 1661])
(2, 856, -4, (2,), [-459, -959, -969, -1445], [147, 1287, 1477, 1567])
(2, 857, -4, (2,), [-441, -511, -1011], [135, 165, 545, 999])
(2, 858, -4, (2,), [-437, -1563, -1593, -3005], [385, 927, 1597, 2355])
(2, 859, -4, (2,), [-825, -1749, -1981], [53, 545, 1035, 1091])
(2, 860, -4, (2,), [-1967, -2183, -2445, -2493], [1131, 1171, 1357, 2275])
(2, 861, -4, (2,), [-441, -1701, -2379, -3339], [131, 221, 2639, 3165])
(2, 862, -4, (2,), [-1887, -1923, -2007, -2135], [1815, 2193, 2815, 3105])
(2, 863, -4, (2,), [-421, -1347, -3237], [1721, 2781, 3339, 3551])
(2, 864, -4, (2,), [-243, -1757, -3429, -4023], [213, 745, 1033, 1867])
(2, 865, -4, (2,), [-103, -885, -1791, -2343], [885, 1199, 1905, 1997])
(2, 866, -4, (2,), [-1713, -2105, -2205, -2277], [369, 1987, 2073, 2263])
(2, 867, -4, (2,), [-555, -781, -1185, -1605], [575, 1839, 2451, 2759])
(2, 868, -4, (2,), [-467, -683, -879, -1497], [237, 1491, 1861, 1885])
(2, 869, -4, (2,), [-21, -301, -541, -1261], [719, 2877, 3089, 3795])
(2, 870, -4, (2,), [-783, -917, -1631, -1791], [453, 765, 1995, 2025])
(2, 871, -4, (2,), [-301, -1111, -1299, -1321], [209, 2195, 2853, 4103])
(2, 872, -4, (2,), [-177, -797, -1097, -1919], [4395, 5325, 5887, 6021])
(2, 873, -4, (2,), [-441, -2833, -2919, -3603], [275, 347, 1929, 3087])
(2, 874, -4, (2,), [-1065, -1235, -1883, -2835], [837, 1185, 2205, 2667])
(2, 875, -4, (2,), [-727, -1171, -1185, -1729], [809, 1329, 1469, 1881])
(2, 876, -4, (2,), [-117, -909, -1647, -2607], [1657, 2227, 4195, 4527])
(2, 877, -4, (2,), [-393, -481, -973], [599, 1031, 2451, 3089])
(2, 878, -4, (2,), [-111, -701, -1515, -2301], [117, 859, 1549, 1605])
(2, 879, -4, (2,), [-681, -1237, -3105, -3127], [723, 795, 989, 1415])
(2, 880, -4, (2,), [-113, -465, -503, -1025], [541, 3511, 3727, 4087])
(2, 881, -4, (2,), [-661, -1711, -2701], [707, 2039, 2949, 3455])
(2, 882, -4, (2,), [-2201, -2513, -2883, -3933], [613, 715, 745, 1909])
(2, 883, -4, (2,), [-91, -441, -649], [309, 1721, 2895, 4209])
(2, 884, -4, (2,), [-189, -1275, -1877, -1973], [175, 223, 561, 705])
(2, 885, -4, (2,), [-541, -1635, -1785, -2491], [761, 2825, 4365, 5205])
(2, 886, -4, (2,), [-45, -333, -347, -617], [9, 325, 1803, 2589])
(2, 887, -4, (2,), [-69, -619, -885], [621, 993, 2981, 3879])
(2, 888, -4, (2,), [-915, -983, -1739, -4133], [565, 1477, 1555, 1633])
(2, 889, -4, (2,), [-49, -63, -91, -943], [939, 1271, 1301, 2387])
(2, 890, -4, (2,), [-135, -957, -1053, -3435], [645, 1657, 1885, 2017])
(2, 891, -4, (2,), [-201, -1287, -2419, -2571], [1739, 1829, 2705, 4509])
(2, 892, -4, (2,), [-395, -1295, -1305, -2819], [1035, 1165, 2523, 2533])
(2, 893, -4, (2,), [-1065, -1123, -1441, -1875], [39, 585, 1157, 1275])
(2, 894, -4, (2,), [-881, -891, -1005, -1085], [175, 453, 2335, 2479])
(2, 895, -4, (2,), [-481, -507, -985, -1237], [359, 1743, 2513, 2705])
(2, 896, -4, (2,), [-213, -1479, -2337, -2507], [993, 1401, 1441, 2281])
(2, 897, -4, (2,), [-649, -1395, -1483, -1563], [1167, 1289, 4461, 4539])
(2, 898, -4, (2,), [-365, -447, -483, -1511], [153, 423, 715, 1453])
(2, 899, -4, (2,), [-337, -1927, -2011, -2059], [719, 765, 2241, 2679])
(2, 900, -4, (2,), [-207, -975, -1025, -1077], [693, 1107, 1255, 2497])
(2, 901, -4, (2,), [-1281, -1761, -2475, -3205], [1149, 1655, 1877, 2439])
(2, 902, -4, (2,), [-1667, -3053, -3333, -3803], [435, 1363, 1419, 2017])
(2, 903, -4, (2,), [-585, -2119, -3195, -3867], [791, 1185, 1445, 3753])
(2, 904, -4, (2,), [-609, -675, -1835, -1895], [507, 717, 1231, 2127])
(2, 905, -4, (2,), [-75, -561, -1743, -1863], [135, 147, 855, 1875])
(2, 906, -4, (2,), [-353, -951, -1493, -2585], [925, 1347, 3195, 5115])
(2, 907, -4, (2,), [-49, -409, -1009], [293, 923, 1413, 2859])
(2, 908, -4, (2,), [-423, -1025, -1779, -3345], [937, 1825, 2013, 2707])
(2, 909, -4, (2,), [-153, -175, -931, -1995], [1101, 1625, 1911, 2487])
(2, 910, -4, (2,), [-357, -1715, -3111, -3263], [39, 669, 1029, 1137])
(2, 911, -4, (2,), [-1191, -1221, -1587], [21, 419, 1379, 1635])
(2, 912, -4, (2,), [-1935, -2943, -3003, -3323], [261, 393, 397, 1321])
(2, 913, -4, (2,), [-981, -2103, -2239, -2349], [1319, 1437, 2037, 2411])
(2, 914, -4, (2,), [-185, -611, -657, -777], [903, 2175, 3435, 3535])
(2, 915, -4, (2,), [-2145, -2431, -2625, -2889], [329, 971, 1661, 2103])
(2, 916, -4, (2,), [-683, -1673, -2117, -2457], [445, 1057, 2283, 2335])
(2, 917, -4, (2,), [-189, -415, -1191, -1615], [555, 1409, 1649, 2319])
(2, 918, -4, (2,), [-957, -1137, -2531, -3813], [1027, 1465, 3067, 3097])
(2, 919, -4, (2,), [-241, -525, -579], [713, 965, 1169, 1869])
(2, 920, -4, (2,), [-185, -209, -1479, -1767], [847, 973, 1875, 1927])
(2, 921, -4, (2,), [-669, -789, -1633, -3355], [345, 1281, 1631, 2469])
(2, 922, -4, (2,), [-483, -561, -977, -1145], [219, 223, 2193, 3495])
(2, 923, -4, (2,), [-31, -91, -325, -805], [105, 2675, 2703, 4061])
(2, 924, -4, (2,), [-143, -1449, -1763, -1965], [165, 667, 1963, 2775])
(2, 925, -4, (2,), [-421, -651, -841, -1089], [1371, 1479, 2261, 2837])
(2, 926, -4, (2,), [-1037, -1163, -1493, -2943], [7, 1365, 1507, 2035])
(2, 927, -4, (2,), [-1501, -1795, -1999, -3195], [435, 2313, 2355, 3081])
(2, 928, -4, (2,), [-645, -1175, -1197, -2283], [177, 357, 823, 853])
(2, 929, -4, (2,), [-979, -1309, -2211], [149, 2819, 2967, 4025])
(2, 930, -4, (2,), [-765, -927, -1073, -1385], [163, 639, 723, 837])
(2, 931, -4, (2,), [-129, -2775, -4605, -4675], [113, 413, 1221, 1389])
(2, 932, -4, (2,), [-617, -1233, -1263, -3125], [1231, 1477, 1563, 2191])
(2, 933, -4, (2,), [-133, -795, -963, -1503], [347, 651, 915, 1437])
(2, 934, -4, (2,), [-365, -815, -1455, -2111], [63, 343, 415, 843])
(2, 935, -4, (2,), [-799, -1669, -2179, -3447], [41, 335, 645, 1311])
(2, 936, -4, (2,), [-1325, -1965, -2105, -3185], [1017, 1141, 2361, 2791])
(2, 937, -4, (2,), [-489, -921, -963], [371, 1497, 2759, 4109])
(2, 938, -4, (2,), [-1601, -1815, -2213, -3477], [57, 249, 879, 1243])
(2, 939, -4, (2,), [-205, -345, -601, -669], [3083, 3665, 4209, 4629])
(2, 940, -4, (2,), [-215, -365, -647, -1319], [471, 951, 1161, 1347])
(2, 941, -4, (2,), [-385, -913, -1275], [69, 1635, 2709, 3641])
(2, 942, -4, (2,), [-627, -1515, -1925, -2103], [165, 169, 603, 1447])
(2, 943, -4, (2,), [-367, -2647, -3081, -3907], [981, 1143, 1271, 2561])
(2, 944, -4, (2,), [-573, -2333, -3323, -3603], [657, 793, 1101, 2763])
(2, 945, -4, (2,), [-451, -465, -513, -1741], [201, 1199, 1229, 2307])
(2, 946, -4, (2,), [-1055, -2661, -2973, -3093], [427, 435, 1189, 1197])
(2, 947, -4, (2,), [-519, -855, -3771], [1133, 1983, 2793, 3459])
(2, 948, -4, (2,), [-1629, -1965, -2009, -2769], [465, 1171, 2161, 2425])
(2, 949, -4, (2,), [-81, -1915, -3555, -4665], [1179, 1217, 1445, 2465])
(2, 950, -4, (2,), [-117, -873, -1853, -2403], [133, 337, 519, 1125])
(2, 951, -4, (2,), [-1467, -1479, -1605, -2167], [513, 641, 2355, 2513])
(2, 952, -4, (2,), [-99, -599, -753, -797], [267, 1273, 2521, 3733])
(2, 953, -4, (2,), [-229, -595, -1269], [1485, 2205, 2465, 2861])
(2, 954, -4, (2,), [-485, -2331, -2757, -2853], [609, 2175, 2637, 3085])
(2, 955, -4, (2,), [-1027, -1137, -2539, -4065], [225, 603, 713, 773])
(2, 956, -4, (2,), [-1337, -1497, -2085, -2777], [85, 313, 2575, 3205])
(2, 957, -4, (2,), [-489, -2043, -2103, -2583], [185, 471, 1101, 1571])
(2, 958, -4, (2,), [-1127, -3801, -4721, -4995], [1057, 2365, 2419, 4027])
(2, 959, -4, (2,), [-439, -877, -3649, -4677], [233, 989, 1889, 2993])
(2, 960, -4, (2,), [-167, -623, -2117, -2615], [1465, 1753, 2037, 2143])
(2, 961, -4, (2,), [-129, -313, -531, -559], [501, 1971, 2405, 2801])
(2, 962, -4, (2,), [-1697, -2145, -3233, -4485], [133, 1797, 1807, 3309])
(2, 963, -4, (2,), [-109, -471, -661, -769], [63, 435, 471, 1143])
(2, 964, -4, (2,), [-293, -477, -755, -843], [427, 547, 1605, 1621])
(2, 965, -4, (2,), [-3151, -3369, -3615, -3921], [1029, 1989, 2471, 3021])
(2, 966, -4, (2,), [-1383, -1497, -2765, -3365], [1599, 1845, 2403, 2599])
(2, 967, -4, (2,), [-69, -691, -901], [95, 581, 713, 863])
(2, 968, -4, (2,), [-1347, -2465, -4413, -4497], [837, 897, 945, 1315])
(2, 969, -4, (2,), [-1179, -1389, -1813, -2191], [701, 939, 1277, 1625])
(2, 970, -4, (2,), [-237, -495, -957, -1061], [459, 1393, 1507, 2167])
(2, 971, -4, (2,), [-547, -1765, -2985], [225, 813, 831, 1155])
(2, 972, -4, (2,), [-185, -825, -923, -969], [333, 1843, 3141, 3565])
(2, 973, -4, (2,), [-1153, -3171, -3241, -3703], [125, 995, 3621, 3635])
(2, 974, -4, (2,), [-651, -873, -2547, -2613], [43, 117, 249, 777])
(2, 975, -4, (2,), [-115, -207, -805, -877], [431, 845, 855, 1269])
(2, 976, -4, (2,), [-2147, -3813, -5579, -5895], [115, 267, 1833, 2341])
(2, 977, -4, (2,), [-169, -373, -553], [3351, 4587, 6255, 6921])
(2, 978, -4, (2,), [-2355, -2483, -3195, -4091], [37, 567, 817, 3439])
(2, 979, -4, (2,), [-819, -855, -2265, -3609], [69, 105, 569, 1143])
(2, 980, -4, (2,), [-525, -2469, -3449, -3723], [475, 627, 735, 1365])
(2, 981, -4, (2,), [-325, -1755, -2181, -2985], [429, 585, 935, 2321])
(2, 982, -4, (2,), [-1631, -1991, -2477, -3567], [87, 1117, 1197, 1357])
(2, 983, -4, (2,), [-405, -609, -957], [249, 1005, 1071, 2543])
(2, 984, -4, (2,), [-557, -1239, -1823, -2015], [403, 561, 1641, 2425])
(2, 985, -4, (2,), [-805, -1023, -1611, -2503], [77, 455, 1577, 3065])
(2, 986, -4, (2,), [-77, -183, -1101, -1247], [2463, 2469, 2533, 4153])
(2, 987, -4, (2,), [-927, -1185, -2607, -3555], [3449, 3533, 3563, 4211])
(2, 988, -4, (2,), [-273, -1265, -1533, -1613], [807, 825, 1501, 2221])
(2, 989, -4, (2,), [-243, -735, -811, -1713], [239, 485, 1625, 1815])
(2, 990, -4, (2,), [-195, -861, -1125, -1733], [1657, 3073, 5397, 5533])
(2, 991, -4, (2,), [-537, -571, -907], [521, 1199, 1245, 1805])
(2, 992, -4, (2,), [-1779, -3789, -3863, -4467], [2431, 2521, 4321, 4821])
(2, 993, -4, (2,), [-45, -873, -1101, -3601], [921, 1781, 2129, 2189])
(2, 994, -4, (2,), [-1133, -1443, -1673, -1701], [169, 1009, 1087, 1107])
(2, 995, -4, (2,), [-987, -1797, -3265, -5287], [515, 933, 1083, 1731])
(2, 996, -4, (2,), [-123, -557, -3107, -4625], [403, 847, 2307, 2437])
(2, 997, -4, (2,), [-103, -3069, -4875], [21, 581, 659, 1301])
(2, 998, -4, (2,), [-1133, -1617, -2015, -2273], [2049, 2293, 2697, 3117])
(2, 999, -4, (2,), [-139, -1285, -1827, -2047], [1239, 1353, 1815, 1935])
(2, 1000, -4, (2,), [-1245, -2523, -2793, -3395], [297, 4081, 5343, 6475])
(2, 1001, -4, (2,), [-549, -841, -3463, -3523], [27, 81, 615, 1005])
(2, 1002, -4, (2,), [-387, -453, -1295, -1965], [327, 1519, 1933, 1935])
(2, 1003, -4, (2,), [-241, -1267, -1287, -2265], [419, 2295, 4901, 5025])
(2, 1004, -4, (2,), [-1037, -1727, -2627, -3167], [1141, 1383, 1765, 2023])
(2, 1005, -4, (2,), [-979, -1683, -2469, -2629], [2007, 2255, 2411, 2475])
(2, 1006, -4, (2,), [-825, -1433, -4491, -4991], [979, 1137, 1339, 2025])
(2, 1007, -4, (2,), [-61, -1659, -2115, -4587], [2081, 2819, 3039, 3563])
(2, 1008, -4, (2,), [-33, -1965, -2189, -2883], [763, 2721, 4273, 5593])
(2, 1009, -4, (2,), [-1131, -1441, -1789], [1577, 1901, 2685, 4931])
(2, 1010, -4, (2,), [-231, -383, -1841, -2141], [1729, 2035, 3465, 3693])
(2, 1011, -4, (2,), [-1209, -2005, -2277, -3411], [873, 1163, 3923, 4193])
(2, 1012, -4, (2,), [-87, -993, -1569, -3053], [267, 451, 847, 1113])
(2, 1013, -4, (2,), [-1725, -4615, -4669], [149, 777, 1877, 2237])
(2, 1014, -4, (2,), [-347, -765, -815, -917], [205, 999, 1173, 1477])
(2, 1015, -4, (2,), [-789, -841, -1527, -1965], [413, 2579, 5529, 6063])
(2, 1016, -4, (2,), [-303, -1575, -2259, -2877], [285, 1177, 1897, 3421])
(2, 1017, -4, (2,), [-1449, -1843, -1873, -2623], [611, 1059, 1377, 2027])
(2, 1018, -4, (2,), [-57, -155, -545, -1197], [583, 793, 807, 1005])
(2, 1019, -4, (2,), [-135, -1527, -1609], [285, 515, 2153, 3509])
(2, 1020, -4, (2,), [-537, -857, -1605, -2049], [393, 1711, 2433, 2887])
(2, 1021, -4, (2,), [-553, -853, -2115], [459, 497, 1229, 1247])
(2, 1022, -4, (2,), [-755, -1617, -1865, -1953], [1443, 1903, 2275, 3745])
(2, 1023, -4, (2,), [-361, -777, -889, -1395], [1155, 1493, 1583, 1685])
(2, 1024, -4, (2,), [-105, -179, -1397, -3177], [643, 1081, 2113])
(2, 1025, -4, (2,), [-2673, -3925, -4425, -4843], [1481, 2249, 2255, 2981])
(2, 1026, -4, (2,), [-2531, -3005, -3707, -4325], [537, 1123, 2049, 4387])
(2, 1027, -4, (2,), [-4959, -5599, -5817, -6601], [855, 861, 1101, 1695])
(2, 1028, -4, (2,), [-497, -2925, -3533, -3885], [187, 321, 1017, 1335])
(2, 1029, -4, (2,), [-1195, -1453, -2229, -2529], [639, 1571, 1619, 2321])
(2, 1030, -4, (2,), [-27, -161, -281, -351], [603, 639, 1623, 2185])
(2, 1031, -4, (2,), [-171, -201, -471], [23, 159, 231, 783])
(2, 1032, -4, (2,), [-909, -4443, -5807, -5813], [877, 913, 1947, 2217])
(2, 1033, -4, (2,), [-319, -1221, -2931], [227, 785, 809, 2235])
(2, 1034, -4, (2,), [-897, -2277, -2585, -2691], [79, 813, 1357, 1945])
(2, 1035, -4, (2,), [-441, -1735, -2461, -2895], [3363, 4319, 5339, 5583])
(2, 1036, -4, (2,), [-1127, -1259, -2303, -2567], [2775, 3781, 4015, 4045])
(2, 1037, -4, (2,), [-1359, -1431, -1603, -2551], [39, 2939, 3071, 3435])
(2, 1038, -4, (2,), [-1535, -2307, -2657, -2795], [577, 715, 1549, 1645])
(2, 1039, -4, (2,), [-75, -1119, -2707], [23, 545, 939, 1179])
(2, 1040, -4, (2,), [-395, -539, -2859, -3579], [387, 607, 2475, 3925])
(2, 1041, -4, (2,), [-1083, -1869, -2593, -2989], [1629, 1787, 2159, 2999])
(2, 1042, -4, (2,), [-1065, -1083, -1733, -3287], [1057, 1809, 3913, 5175])
(2, 1043, -4, (2,), [-307, -1209, -1945, -2067], [1365, 1439, 1965, 2135])
(2, 1044, -4, (2,), [-567, -825, -1839, -1935], [2493, 4737, 5005, 5323])
(2, 1045, -4, (2,), [-1435, -2631, -4395, -4801], [3089, 3749, 3987, 5909])
(2, 1046, -4, (2,), [-101, -741, -1095, -1385], [2209, 2857, 3015, 4045])
(2, 1047, -4, (2,), [-1095, -1137, -1537, -1755], [803, 963, 1013, 1571])
(2, 1048, -4, (2,), [-449, -1637, -2139, -2597], [463, 1525, 1627, 2563])
(2, 1049, -4, (2,), [-243, -651, -2871], [47, 1119, 1665, 1761])
(2, 1050, -4, (2,), [-1881, -3447, -4433, -6405], [595, 609, 723, 1537])
(2, 1051, -4, (2,), [-175, -2421, -2535], [1515, 1635, 1739, 2169])
(2, 1052, -4, (2,), [-3789, -4167, -5049, -5517], [1215, 1237, 1765, 2083])
(2, 1053, -4, (2,), [-313, -751, -1365, -1719], [215, 1145, 2301, 3857])
(2, 1054, -4, (2,), [-33, -603, -705, -1151], [475, 1023, 1897, 3415])
(2, 1055, -4, (2,), [-381, -1629, -2211, -4131], [51, 1329, 2423, 2741])
(2, 1056, -4, (2,), [-725, -2753, -4535, -5213], [1123, 2035, 3183, 3537])
(2, 1057, -4, (2,), [-603, -741, -955, -1555], [1529, 4607, 5177, 6405])
(2, 1058, -4, (2,), [-125, -371, -1731, -4263], [1657, 1995, 2253, 2335])
(2, 1059, -4, (2,), [-1449, -1717, -2421, -3469], [119, 855, 2013, 2129])
(2, 1060, -4, (2,), [-599, -789, -2573, -2633], [295, 1963, 2125, 2443])
(2, 1061, -4, (2,), [-349, -465, -1419], [1479, 1661, 2939, 4017])
(2, 1062, -4, (2,), [-177, -1887, -2175, -2637], [273, 277, 739, 1803])
(2, 1063, -4, (2,), [-585, -991, -1027], [521, 543, 591, 1179])
(2, 1064, -4, (2,), [-257, -405, -597, -695], [483, 691, 921, 1567])
(2, 1065, -4, (2,), [-51, -171, -1483, -1525], [149, 509, 777, 4085])
(2, 1066, -4, (2,), [-113, -617, -921, -1881], [27, 967, 1375, 4035])
(2, 1067, -4, (2,), [-525, -541, -751, -1269], [999, 1083, 1661, 2885])
(2, 1068, -4, (2,), [-279, -503, -1287, -1505], [1215, 4267, 4351, 4503])
(2, 1069, -4, (2,), [-195, -313, -675], [227, 1257, 5151, 5177])
(2, 1070, -4, (2,), [-783, -873, -1217, -1361], [163, 573, 1135, 1293])
(2, 1071, -4, (2,), [-741, -991, -1677, -2481], [693, 1211, 1995, 2529])
(2, 1072, -4, (2,), [-1305, -1449, -1623, -1817], [1113, 3051, 3231, 3777])
(2, 1073, -4, (2,), [-111, -391, -405, -1335], [567, 665, 999, 1031])
(2, 1074, -4, (2,), [-683, -2951, -3413, -3815], [1215, 2577, 4825, 4905])
(2, 1075, -4, (2,), [-2301, -3067, -3345, -4225], [473, 735, 993, 1203])
(2, 1076, -4, (2,), [-825, -1757, -2547, -3477], [531, 555, 637, 1065])
(2, 1077, -4, (2,), [-33, -709, -1059, -1561], [611, 1487, 1661, 1985])
(2, 1078, -4, (2,), [-801, -873, -1295, -1685], [207, 249, 487, 1255])
(2, 1079, -4, (2,), [-75, -651, -1329, -3169], [515, 639, 1323, 1485])
(2, 1080, -4, (2,), [-405, -693, -1059, -1173], [451, 2535, 2601, 2605])
(2, 1081, -4, (2,), [-235, -241, -531, -609], [651, 665, 1017, 1227])
(2, 1082, -4, (2,), [-1223, -1301, -1751, -2885], [225, 463, 1363, 2293])
(2, 1083, -4, (2,), [-207, -465, -1161, -1717], [2543, 3575, 4785, 4833])
(2, 1084, -4, (2,), [-285, -329, -633, -873], [67, 363, 675, 2737])
(2, 1085, -4, (2,), [-1321, -1651, -1963, -3979], [981, 1415, 2805, 4221])
(2, 1086, -4, (2,), [-3323, -3455, -5057, -7283], [2313, 2595, 2889, 3019])
(2, 1087, -4, (2,), [-4005, -5421, -5877], [35, 165, 231, 363])
(2, 1088, -4, (2,), [-89, -483, -2943, -3873], [1591, 1693, 2785, 4435])
(2, 1089, -4, (2,), [-849, -2973, -3063, -3369], [407, 789, 4041, 4191])
(2, 1090, -4, (2,), [-53, -105, -651, -1257], [609, 2509, 2647, 4827])
(2, 1091, -4, (2,), [-1455, -4431, -4929], [1133, 1271, 2105, 2849])
(2, 1092, -4, (2,), [-1085, -1755, -2103, -2433], [93, 333, 1005, 1125])
(2, 1093, -4, (2,), [-255, -3981, -6391], [689, 1007, 1439, 1731])
(2, 1094, -4, (2,), [-311, -495, -941, -1085], [2077, 2133, 2499, 6715])
(2, 1095, -4, (2,), [-45, -459, -691, -1249], [225, 795, 1263, 2625])
(2, 1096, -4, (2,), [-2255, -3717, -3927, -4025], [207, 961, 1621, 2253])
(2, 1097, -4, (2,), [-411, -735, -2761], [119, 629, 971, 1587])
(2, 1098, -4, (2,), [-263, -1203, -1487, -2525], [39, 2139, 3565, 7473])
(2, 1099, -4, (2,), [-1035, -1125, -4969, -7011], [1035, 1151, 1383, 2013])
(2, 1100, -4, (2,), [-75, -219, -293, -395], [2191, 3603, 3883, 3985])
(2, 1101, -4, (2,), [-303, -649, -1155, -1209], [485, 1115, 1271, 2441])
(2, 1102, -4, (2,), [-173, -201, -515, -1007], [147, 657, 3865, 3937])
(2, 1103, -4, (2,), [-55, -421, -937], [203, 629, 1703, 4839])
(2, 1104, -4, (2,), [-1049, -1595, -3387, -3405], [913, 3495, 3525, 4015])
(2, 1105, -4, (2,), [-1335, -2149, -3205], [2499, 4347, 4799, 5379])
(2, 1106, -4, (2,), [-483, -495, -2031, -2103], [565, 1035, 2595, 2703])
(2, 1107, -4, (2,), [-199, -1549, -2125, -2901], [2271, 2723, 2975, 4859])
(2, 1108, -4, (2,), [-405, -2217, -3585, -3653], [541, 1915, 2821, 3597])
(2, 1109, -4, (2,), [-363, -583, -733], [777, 1577, 2549, 3501])
(2, 1110, -4, (2,), [-413, -2327, -2753, -2967], [3, 1537, 3103, 3165])
(2, 1111, -4, (2,), [-325, -487, -517, -1281], [1121, 1253, 1719, 3713])
(2, 1112, -4, (2,), [-129, -297, -927, -999], [313, 1567, 1617, 1735])
(2, 1113, -4, (2,), [-1129, -1365, -1459, -2613], [149, 369, 2051, 2585])
(2, 1114, -4, (2,), [-587, -1065, -2577, -2937], [927, 3223, 3507, 3937])
(2, 1115, -4, (2,), [-421, -2215, -2467, -3141], [405, 945, 1799, 2573])
(2, 1116, -4, (2,), [-93, -489, -1623, -2207], [297, 693, 771, 1485])
(2, 1117, -4, (2,), [-703, -859, -1879], [161, 657, 927, 1925])
(2, 1118, -4, (2,), [-533, -1953, -2073, -2793], [537, 975, 1149, 1939])
(2, 1119, -4, (2,), [-795, -945, -991, -1195], [53, 105, 2375, 3579])
(2, 1120, -4, (2,), [-2555, -2793, -3927, -4487], [73, 1113, 2641, 3187])
(2, 1121, -4, (2,), [-481, -3391, -4539, -4605], [209, 441, 855, 1397])
(2, 1122, -4, (2,), [-1727, -2403, -2597, -4125], [1099, 1867, 2355, 3145])
(2, 1123, -4, (2,), [-915, -1137, -2059], [1011, 1091, 1371, 2961])
(2, 1124, -4, (2,), [-2627, -3759, -4133, -4275], [495, 3073, 5287, 5413])
(2, 1125, -4, (2,), [-195, -1195, -1369, -2349], [1367, 1701, 4455, 6707])
(2, 1126, -4, (2,), [-605, -1937, -2657, -2895], [1053, 1633, 2113, 2803])
(2, 1127, -4, (2,), [-2259, -2527, -2947, -4027], [725, 1281, 1941, 2993])
(2, 1128, -4, (2,), [-627, -983, -1185, -1409], [145, 1785, 2275, 3631])
(2, 1129, -4, (2,), [-855, -885, -2499], [2307, 2577, 2757, 3179])
(2, 1130, -4, (2,), [-257, -471, -1163, -1617], [357, 1005, 1089, 1573])
(2, 1131, -4, (2,), [-597, -945, -1435, -2755], [305, 333, 483, 1059])
(2, 1132, -4, (2,), [-39, -3389, -3449, -4953], [13, 903, 1651, 1681])
(2, 1133, -4, (2,), [-1015, -1963, -2721, -2869], [327, 687, 1071, 1625])
(2, 1134, -4, (2,), [-83, -627, -843, -1155], [427, 709, 1137, 1935])
(2, 1135, -4, (2,), [-957, -1027, -1711, -1971], [443, 461, 1505, 1743])
(2, 1136, -4, (2,), [-5, -177, -965, -2357], [531, 967, 1167, 2281])
(2, 1137, -4, (2,), [-609, -2901, -3423, -4431], [1547, 1787, 1947, 2805])
(2, 1138, -4, (2,), [-185, -393, -435, -1233], [1939, 2367, 4923, 6103])
(2, 1139, -4, (2,), [-1729, -1797, -2205, -2431], [1451, 1533, 2823, 3023])
(2, 1140, -4, (2,), [-185, -405, -1487, -3395], [333, 1383, 3133, 4165])
(2, 1141, -4, (2,), [-1855, -2071, -3153, -3825], [287, 927, 1445, 1655])
(2, 1142, -4, (2,), [-1235, -2163, -4793, -5643], [97, 793, 2833, 3079])
(2, 1143, -4, (2,), [-1095, -1297, -1395, -2281], [1779, 1971, 3015, 3729])
(2, 1144, -4, (2,), [-1079, -2957, -3135, -3423], [273, 877, 1077, 1915])
(2, 1145, -4, (2,), [-303, -411, -1281, -1339], [35, 795, 1017, 1565])
(2, 1146, -4, (2,), [-131, -1781, -5723, -6027], [817, 1479, 1485, 1797])
(2, 1147, -4, (2,), [-3181, -3735, -4135, -4201], [513, 3903, 4281, 5151])
(2, 1148, -4, (2,), [-617, -1365, -1379, -1575], [571, 1503, 1975, 3985])
(2, 1149, -4, (2,), [-549, -1195, -1761, -2739], [95, 779, 1025, 1367])
(2, 1150, -4, (2,), [-237, -293, -713, -3363], [85, 865, 1123, 3579])
(2, 1151, -4, (2,), [-139, -1279, -2161], [635, 1499, 1731, 1863])
(2, 1152, -4, (2,), [-927, -2769, -5205, -5483], [561, 2425, 4417, 5143])
(2, 1153, -4, (2,), [-999, -2335, -2341], [125, 387, 567, 771])
(2, 1154, -4, (2,), [-1121, -2067, -5397, -5687], [427, 2275, 3037, 4419])
(2, 1155, -4, (2,), [-345, -1507, -2565, -4849], [95, 323, 719, 3993])
(2, 1156, -4, (2,), [-293, -399, -897, -1683], [1483, 2901, 3073, 4551])
(2, 1157, -4, (2,), [-1629, -2061, -4791, -6733], [615, 3245, 3471, 4451])
(2, 1158, -4, (2,), [-681, -1187, -1833, -7473], [243, 499, 1423, 2397])
(2, 1159, -4, (2,), [-129, -327, -901, -1125], [35, 609, 3971, 4035])
(2, 1160, -4, (2,), [-2523, -2967, -3243, -3617], [63, 2577, 2625, 3991])
(2, 1161, -4, (2,), [-205, -2071, -3421, -3901], [309, 1695, 2639, 3257])
(2, 1162, -4, (2,), [-1077, -2153, -2661, -3671], [423, 969, 1549, 1893])
(2, 1163, -4, (2,), [-117, -145, -175], [491, 863, 1211, 1971])
(2, 1164, -4, (2,), [-333, -777, -1043, -1539], [807, 1921, 2343, 3451])
(2, 1165, -4, (2,), [-201, -1425, -3139, -5845], [2555, 2825, 3005, 3117])
(2, 1166, -4, (2,), [-1181, -1493, -1533, -2207], [237, 1155, 2053, 2319])
(2, 1167, -4, (2,), [-279, -1851, -2109, -2347], [2685, 3045, 3431, 4641])
(2, 1168, -4, (2,), [-1013, -1533, -3023, -3395], [597, 1341, 1611, 2071])
(2, 1169, -4, (2,), [-1281, -1591, -2089, -2421], [455, 459, 3627, 3791])
(2, 1170, -4, (2,), [-833, -1371, -1895, -2133], [397, 717, 1029, 1299])
(2, 1171, -4, (2,), [-49, -1137, -1369], [375, 605, 921, 1361])
(2, 1172, -4, (2,), [-63, -1037, -2565, -3113], [3621, 4485, 6367, 6567])
(2, 1173, -4, (2,), [-1041, -1291, -1689, -1705], [855, 1239, 1641, 1775])
(2, 1174, -4, (2,), [-195, -713, -3045, -4551], [909, 1077, 1753, 2307])
(2, 1175, -4, (2,), [-229, -751, -1921, -3589], [821, 1229, 1373, 2633])
(2, 1176, -4, (2,), [-335, -567, -753, -759], [157, 631, 2641, 3895])
(2, 1177, -4, (2,), [-211, -609, -1533, -1845], [861, 2001, 2499, 3581])
(2, 1178, -4, (2,), [-825, -983, -2975, -3755], [93, 163, 189, 975])
(2, 1179, -4, (2,), [-885, -4755, -4885, -5239], [173, 725, 2265, 2349])
(2, 1180, -4, (2,), [-113, -1859, -3107, -3489], [183, 343, 561, 603])
(2, 1181, -4, (2,), [-55, -909, -943], [455, 1031, 1325, 1521])
(2, 1182, -4, (2,), [-1605, -3111, -3335, -3471], [67, 1843, 2893, 2947])
(2, 1183, -4, (2,), [-69, -391, -997, -1041], [309, 1259, 2463, 3003])
(2, 1184, -4, (2,), [-107, -275, -437, -1169], [55, 351, 931, 1273])
(2, 1185, -4, (2,), [-405, -651, -1125, -2341], [819, 1505, 2117, 2639])
(2, 1186, -4, (2,), [-243, -1611, -2175, -4151], [267, 507, 1375, 3717])
(2, 1187, -4, (2,), [-1455, -3841, -5679], [431, 545, 1013, 1103])
(2, 1188, -4, (2,), [-483, -489, -1007, -3099], [1467, 1513, 2167, 2185])
(2, 1189, -4, (2,), [-133, -339, -381, -1495], [45, 2717, 2789, 3009])
(2, 1190, -4, (2,), [-827, -1325, -2177, -3057], [7, 207, 1705, 1875])
(2, 1191, -4, (2,), [-181, -727, -877, -2131], [555, 893, 975, 1095])
(2, 1192, -4, (2,), [-503, -515, -2043, -2537], [31, 913, 1311, 3327])
(2, 1193, -4, (2,), [-729, -859, -1351], [1085, 2847, 4811, 5289])
(2, 1194, -4, (2,), [-713, -923, -1125, -2415], [849, 1479, 2073, 2587])
(2, 1195, -4, (2,), [-561, -3861, -4759, -4777], [203, 329, 735, 801])
(2, 1196, -4, (2,), [-299, -495, -2595, -2925], [301, 967, 1381, 1513])
(2, 1197, -4, (2,), [-111, -201, -901, -2485], [921, 1715, 2741, 2951])
(2, 1198, -4, (2,), [-227, -1173, -2477, -3081], [7, 2215, 4659, 5127])
(2, 1199, -4, (2,), [-979, -1731, -4335, -5587], [2163, 3273, 4769, 4923])
(2, 1200, -4, (2,), [-305, -1917, -2277, -3777], [1515, 2013, 2577, 2907])
(2, 1201, -4, (2,), [-151, -241, -3415], [611, 1085, 1487, 3629])
(2, 1202, -4, (2,), [-1371, -2051, -2165, -2793], [1927, 2023, 2277, 3187])
(2, 1203, -4, (2,), [-741, -999, -1041, -1131], [221, 2201, 2685, 6525])
(2, 1204, -4, (2,), [-35, -1643, -2225, -2607], [351, 871, 2113, 2835])
(2, 1205, -4, (2,), [-85, -1431, -4215, -5371], [2205, 2307, 2931, 4689])
(2, 1206, -4, (2,), [-1283, -1365, -1491, -2685], [399, 765, 1027, 1363])
(2, 1207, -4, (2,), [-357, -2619, -2869, -4647], [95, 681, 1661, 1871])
(2, 1208, -4, (2,), [-237, -1575, -4787, -5699], [573, 1831, 2841, 3903])
(2, 1209, -4, (2,), [-63, -355, -2005, -2385], [105, 305, 605, 2609])
(2, 1210, -4, (2,), [-405, -663, -885, -995], [909, 1959, 2985, 4269])
(2, 1211, -4, (2,), [-987, -2067, -2605, -4641], [203, 1019, 1749, 3123])
(2, 1212, -4, (2,), [-249, -1077, -2187, -2817], [457, 903, 1485, 3825])
(2, 1213, -4, (2,), [-589, -621, -733], [629, 3597, 4199, 5001])
(2, 1214, -4, (2,), [-65, -2021, -2135, -3093], [133, 273, 489, 615])
(2, 1215, -4, (2,), [-679, -1069, -1071, -4681], [269, 1421, 4119, 4355])
(2, 1216, -4, (2,), [-563, -2009, -2855, -4437], [483, 1975, 2173, 2403])
(2, 1217, -4, (2,), [-849, -1885, -2211], [315, 597, 2571, 3261])
(2, 1218, -4, (2,), [-1673, -1805, -1815, -1941], [315, 883, 3853, 7189])
(2, 1219, -4, (2,), [-525, -1567, -1947, -2989], [1551, 2099, 2795, 3399])
(2, 1220, -4, (2,), [-227, -1037, -1895, -2589], [561, 643, 933, 1183])
(2, 1221, -4, (2,), [-469, -1431, -1549, -1675], [221, 591, 1097, 1151])
(2, 1222, -4, (2,), [-1265, -1821, -2315, -3323], [2509, 2835, 2857, 4837])
(2, 1223, -4, (2,), [-421, -619, -831], [743, 911, 2501, 2519])
(2, 1224, -4, (2,), [-1577, -2555, -3995, -4877], [2905, 3843, 4093, 4161])
(2, 1225, -4, (2,), [-369, -2829, -2895, -3945], [279, 399, 741, 1221])
(2, 1226, -4, (2,), [-2247, -4521, -4647, -4791], [75, 3723, 3963, 4023])
(2, 1227, -4, (2,), [-219, -1005, -1077, -1185], [39, 303, 359, 711])
(2, 1228, -4, (2,), [-5, -545, -2913, -3165], [2557, 2871, 4305, 5173])
(2, 1229, -4, (2,), [-181, -895, -1759], [389, 1601, 2729, 5199])
(2, 1230, -4, (2,), [-123, -275, -681, -933], [375, 2059, 3339, 3505])
(2, 1231, -4, (2,), [-511, -811, -3519], [1443, 3105, 3923, 4521])
(2, 1232, -4, (2,), [-267, -605, -1433, -1787], [141, 247, 583, 3235])
(2, 1233, -4, (2,), [-471, -595, -1393, -2595], [477, 981, 1557, 1727])
(2, 1234, -4, (2,), [-405, -2591, -3417, -4005], [805, 1653, 1903, 2739])
(2, 1235, -4, (2,), [-715, -1395, -1531, -1575], [141, 473, 585, 845])
(2, 1236, -4, (2,), [-165, -1595, -2067, -2457], [1731, 2145, 4855, 4953])
(2, 1237, -4, (2,), [-129, -519, -631], [41, 329, 549, 2001])
(2, 1238, -4, (2,), [-65, -533, -1247, -1445], [363, 669, 979, 2647])
(2, 1239, -4, (2,), [-55, -3309, -3771, -4375], [543, 1059, 2069, 3875])
(2, 1240, -4, (2,), [-669, -833, -1257, -1443], [1123, 2041, 2907, 3105])
(2, 1241, -4, (2,), [-73, -4585, -6039, -6303], [915, 1071, 1097, 4701])
(2, 1242, -4, (2,), [-1535, -2385, -2757, -2783], [4075, 4327, 4329, 5527])
(2, 1243, -4, (2,), [-717, -1825, -3399, -3841], [221, 309, 1911, 2711])
(2, 1244, -4, (2,), [-1139, -1403, -1757, -1793], [1045, 2037, 3613, 4773])
(2, 1245, -4, (2,), [-675, -3699, -4731, -4735], [1029, 2031, 3231, 4097])
(2, 1246, -4, (2,), [-165, -633, -1265, -1301], [139, 2277, 7665, 9613])
(2, 1247, -4, (2,), [-331, -555, -1945, -2071], [491, 683, 891, 971])
(2, 1248, -4, (2,), [-635, -2459, -4119, -4277], [673, 1375, 1701, 1981])
(2, 1249, -4, (2,), [-265, -859, -883], [251, 2369, 3377, 3579])
(2, 1250, -4, (2,), [-597, -1221, -1841, -2205], [1447, 3879, 7243, 8545])
(2, 1251, -4, (2,), [-1237, -1489, -1669, -1701], [299, 423, 605, 705])
(2, 1252, -4, (2,), [-495, -1413, -1509, -2615], [2083, 2241, 2503, 3165])
(2, 1253, -4, (2,), [-1065, -1903, -2005, -2353], [3035, 3071, 3917, 3969])
(2, 1254, -4, (2,), [-453, -1211, -1361, -2091], [73, 1845, 2677, 3553])
(2, 1255, -4, (2,), [-67, -1351, -1609, -2869], [543, 651, 2193, 2741])
(2, 1256, -4, (2,), [-233, -2093, -2103, -2315], [307, 397, 2247, 2995])
(2, 1257, -4, (2,), [-1861, -1999, -2491, -2541], [2265, 2745, 2825, 3599])
(2, 1258, -4, (2,), [-405, -1127, -1253, -1485], [373, 409, 979, 1299])
(2, 1259, -4, (2,), [-1, -645, -1195, -1329], [749, 1383, 1385, 1511])
(2, 1260, -4, (2,), [-35, -405, -1853, -2603], [585, 1267, 1381, 1453])
(2, 1261, -4, (2,), [-465, -921, -1813, -3205], [255, 1565, 1581, 3641])
(2, 1262, -4, (2,), [-941, -951, -1547, -2793], [657, 1617, 2199, 2455])
(2, 1263, -4, (2,), [-31, -1285, -2425, -3337], [51, 303, 1905, 3741])
(2, 1264, -4, (2,), [-299, -2559, -3627, -4935], [415, 427, 2451, 3775])
(2, 1265, -4, (2,), [-3705, -4395, -4689, -4863], [687, 1395, 2331, 4125])
(2, 1266, -4, (2,), [-2393, -3945, -4641, -4767], [93, 385, 3085, 4747])
(2, 1267, -4, (2,), [-181, -2425, -2707, -2799], [1661, 2099, 4323, 4575])
(2, 1268, -4, (2,), [-257, -903, -1295, -2319], [531, 625, 1503, 6217])
(2, 1269, -4, (2,), [-1159, -1951, -2821, -3819], [57, 549, 2427, 4151])
(2, 1270, -4, (2,), [-1617, -1793, -5681, -5687], [1057, 1305, 2425, 6609])
(2, 1271, -4, (2,), [-1095, -1737, -1885, -2095], [2769, 3173, 3773, 3953])
(2, 1272, -4, (2,), [-1593, -1619, -3419, -3633], [745, 801, 3595, 3633])
(2, 1273, -4, (2,), [-735, -885, -1875, -2749], [539, 969, 2211, 3629])
(2, 1274, -4, (2,), [-825, -2193, -2451, -3717], [153, 1497, 1549, 2769])
(2, 1275, -4, (2,), [-691, -1375, -1965, -2607], [71, 81, 2303, 2651])
(2, 1276, -4, (2,), [-117, -617, -1113, -1839], [315, 2383, 3205, 5625])
(2, 1277, -4, (2,), [-1, -555, -2703, -2833], [1535, 2427, 3089, 3327])
(2, 1278, -4, (2,), [-45, -1551, -3735, -3975], [513, 733, 1299, 2667])
(2, 1279, -4, (2,), [-1, -157, -231, -2751], [2055, 2349, 3093, 3165])
(2, 1280, -4, (2,), [-1175, -1665, -3149, -5907], [1815, 2251, 2553, 3217])
(2, 1281, -4, (2,), [-1339, -2443, -3253, -3535], [2045, 4575, 4859, 6839])
(2, 1282, -4, (2,), [-1793, -2145, -2561, -4511], [1729, 2649, 4227, 5863])
(2, 1283, -4, (2,), [-1, -691, -885, -1137], [2303, 3513, 3911, 5021])
(2, 1284, -4, (2,), [-773, -2853, -5225, -6279], [81, 187, 255, 931])
(2, 1285, -4, (2,), [-529, -1201, -1351, -2889], [561, 987, 2445, 4127])
(2, 1286, -4, (2,), [-261, -363, -1877, -3521], [397, 999, 1657, 2629])
(2, 1287, -4, (2,), [-387, -1057, -1351, -1431], [1509, 1629, 1871, 1971])
(2, 1288, -4, (2,), [-1487, -2559, -2657, -3497], [445, 807, 885, 1885])
(2, 1289, -4, (2,), [-1, -1489, -2215, -4273], [1037, 1089, 1701, 2517])
(2, 1290, -4, (2,), [-425, -495, -1083, -1155], [225, 2059, 2145, 2439])
(2, 1291, -4, (2,), [-1, -325, -549, -1537], [563, 1581, 3021, 4419])
(2, 1292, -4, (2,), [-3023, -3387, -4643, -5073], [531, 2433, 2847, 4681])
(2, 1293, -4, (2,), [-819, -945, -1393, -1693], [1199, 2649, 4587, 5381])
(2, 1294, -4, (2,), [-587, -3347, -4085, -4785], [595, 2179, 2295, 3049])
(2, 1295, -4, (2,), [-817, -1051, -3709, -3771], [645, 659, 1401, 2559])
(2, 1296, -4, (2,), [-767, -1083, -1127, -2349], [927, 2227, 2713, 8145])
(2, 1297, -4, (2,), [-1, -1743, -2085, -2761], [4715, 5351, 5649, 5699])
(2, 1298, -4, (2,), [-741, -1035, -2525, -2535], [2709, 3457, 3879, 6943])
(2, 1299, -4, (2,), [-2007, -2467, -2851, -4317], [81, 683, 1011, 5741])
(2, 1300, -4, (2,), [-75, -207, -489, -755], [135, 321, 343, 427])
(2, 1301, -4, (2,), [-1, -1323, -1911, -4315], [11, 1547, 1575, 2015])
(2, 1302, -4, (2,), [-1301, -1887, -2117, -2265], [613, 655, 1465, 1543])
(2, 1303, -4, (2,), [-1, -1677, -1791, -2379], [351, 2079, 3333, 4245])
(2, 1304, -4, (2,), [-927, -1175, -1269, -1857], [975, 2973, 4705, 7075])
(2, 1305, -4, (2,), [-871, -1161, -2751, -4363], [1215, 1619, 2805, 3215])
(2, 1306, -4, (2,), [-347, -1443, -1715, -2213], [99, 2227, 2305, 3849])
(2, 1307, -4, (2,), [-1, -757, -1167, -2557], [165, 2529, 2609, 2751])
(2, 1308, -4, (2,), [-243, -875, -3597, -3845], [873, 1107, 1435, 2907])
(2, 1309, -4, (2,), [-1993, -2323, -3793, -4941], [81, 119, 1197, 1625])
(2, 1310, -4, (2,), [-201, -651, -1823, -2757], [705, 1293, 2899, 4057])
(2, 1311, -4, (2,), [-1609, -1717, -2259, -2307], [233, 1311, 1431, 1475])
(2, 1312, -4, (2,), [-509, -1097, -1155, -4145], [1581, 3903, 3961, 4483])
(2, 1313, -4, (2,), [-1015, -2019, -3465, -4951], [359, 615, 791, 1245])
(2, 1314, -4, (2,), [-971, -1763, -2607, -8075], [399, 609, 1383, 2227])
(2, 1315, -4, (2,), [-1225, -2787, -3639, -7795], [633, 2625, 4739, 5531])
(2, 1316, -4, (2,), [-723, -1917, -2357, -2933], [3451, 4027, 4351, 4683])
(2, 1317, -4, (2,), [-453, -543, -1033, -1675], [1415, 1601, 2007, 2307])
(2, 1318, -4, (2,), [-1187, -7491, -7755, -9447], [925, 2727, 2883, 3093])
(2, 1319, -4, (2,), [-1, -769, -1035, -1261], [183, 315, 1965, 3593])
(2, 1320, -4, (2,), [-377, -635, -1049, -3869], [57, 501, 1837, 2403])
(2, 1321, -4, (2,), [-1, -1195, -1309, -1525], [561, 1947, 3095, 3305])
(2, 1322, -4, (2,), [-141, -635, -815, -1961], [1065, 1545, 2403, 2697])
(2, 1323, -4, (2,), [-661, -1381, -3409, -3601], [1271, 4721, 6263, 7113])
(2, 1324, -4, (2,), [-209, -255, -845, -1469], [1057, 1285, 1353, 1707])
(2, 1325, -4, (2,), [-1521, -4285, -4845, -5055], [3009, 3089, 3695, 3749])
(2, 1326, -4, (2,), [-173, -1347, -1431, -2463], [247, 709, 3969, 5629])
(2, 1327, -4, (2,), [-1, -1495, -1795, -3711], [1655, 1683, 4059, 5723])
(2, 1328, -4, (2,), [-807, -1967, -2319, -4487], [253, 831, 2335, 3613])
(2, 1329, -4, (2,), [-979, -1519, -2001, -3115], [51, 1361, 1571, 1605])
(2, 1330, -4, (2,), [-477, -1103, -1701, -1901], [1245, 1669, 2097, 2299])
(2, 1331, -4, (2,), [-451, -1237, -1975, -3087], [609, 1953, 1983, 3303])
(2, 1332, -4, (2,), [-1623, -2603, -3177, -4307], [81, 823, 921, 1933])
(2, 1333, -4, (2,), [-699, -1611, -3223, -4291], [5219, 9051, 9575, 9809])
(2, 1334, -4, (2,), [-2091, -2655, -4763, -6695], [2155, 4015, 4057, 4209])
(2, 1335, -4, (2,), [-2407, -3897, -4681, -5487], [413, 491, 1823, 1901])
(2, 1336, -4, (2,), [-1029, -1209, -1379, -1709], [675, 1147, 2221, 2937])
(2, 1337, -4, (2,), [-415, -1009, -2959, -3333], [3791, 4047, 4695, 4829])
(2, 1338, -4, (2,), [-423, -1241, -3813, -3903], [717, 1303, 2745, 3339])
(2, 1339, -4, (2,), [-865, -1099, -2691, -2785], [155, 935, 1859, 2963])
(2, 1340, -4, (2,), [-2397, -2457, -3317, -4259], [85, 271, 883, 1945])
(2, 1341, -4, (2,), [-1945, -3271, -3321, -3735], [1619, 1809, 2879, 3207])
(2, 1342, -4, (2,), [-227, -501, -813, -1365], [9, 559, 1743, 2257])
(2, 1343, -4, (2,), [-1351, -2367, -2481, -3081], [1845, 2393, 3023, 3473])
(2, 1344, -4, (2,), [-1175, -1203, -1865, -1965], [2467, 2473, 6501, 7465])
(2, 1345, -4, (2,), [-81, -981, -1645, -2085], [917, 1899, 2561, 2759])
(2, 1346, -4, (2,), [-1151, -3003, -3051, -3087], [349, 2097, 2175, 3693])
(2, 1347, -4, (2,), [-441, -795, -937, -1839], [555, 1011, 1179, 2625])
(2, 1348, -4, (2,), [-467, -3095, -3129, -4037], [837, 1593, 2017, 4003])
(2, 1349, -4, (2,), [-349, -2673, -5551, -6855], [39, 789, 1287, 2211])
(2, 1350, -4, (2,), [-291, -833, -1071, -2363], [315, 717, 849, 1809])
(2, 1351, -4, (2,), [-295, -537, -1407, -2685], [1101, 1473, 2283, 4745])
(2, 1352, -4, (2,), [-317, -359, -1095, -3167], [141, 663, 1755, 3385])
(2, 1353, -4, (2,), [-2781, -2931, -5953, -6093], [57, 375, 485, 1445])
(2, 1354, -4, (2,), [-141, -251, -2111, -3515], [847, 1057, 1507, 2023])
(2, 1355, -4, (2,), [-495, -645, -1611, -1851], [1551, 1575, 2433, 2693])
(2, 1356, -4, (2,), [-87, -1055, -1607, -3675], [67, 865, 1017, 1603])
(2, 1357, -4, (2,), [-1179, -1831, -2253, -2371], [471, 749, 3171, 3255])
(2, 1358, -4, (2,), [-3947, -4017, -5601, -5727], [205, 403, 3949, 6087])
(2, 1359, -4, (2,), [-459, -2067, -2827, -3021], [515, 1295, 2741, 4749])
(2, 1360, -4, (2,), [-747, -2073, -2433, -3087], [121, 2197, 3303, 3487])
(2, 1361, -4, (2,), [-1, -99, -1129, -1441], [249, 2345, 2577, 4439])
(2, 1362, -4, (2,), [-425, -2321, -2687, -3027], [439, 813, 1009, 1659])
(2, 1363, -4, (2,), [-1081, -1797, -2257, -3559], [143, 161, 1025, 1071])
(2, 1364, -4, (2,), [-903, -2103, -4223, -5349], [1797, 2133, 2947, 4171])
(2, 1365, -4, (2,), [-363, -489, -793, -805], [239, 305, 399, 3507])
(2, 1366, -4, (2,), [-1377, -1865, -3227, -3365], [787, 1435, 1809, 2223])
(2, 1367, -4, (2,), [-1, -547, -2455, -2821], [51, 953, 2939, 3273])
(2, 1368, -4, (2,), [-1187, -1619, -2163, -2567], [595, 1005, 2103, 3201])
(2, 1369, -4, (2,), [-645, -1999, -2575, -2799], [1245, 3705, 4181, 4241])
(2, 1370, -4, (2,), [-117, -1251, -1461, -1637], [19, 279, 853, 1783])
