# [A109379]Orders of non-cyclic simple groups (with repetition)
# finite non-abelian simple groups of order < 10^6
#
# https://oeis.org/A109379
# https://oeis.org/A109379/b109379.txt
# http://www.madore.org/~david/math/simplegroups.html
# https://en.wikipedia.org/wiki/List_of_finite_simple_groups
#   start from 1 not 0
#   20160 => 19 20
#   4585351680 => 402 403
#   228501000000000 => ? ? # > 493
#
# David A. Madore, Table of n, a(n) for n = 1..493 [taken from link below]
#   https://oeis.org/A109379/b109379.txt
# David A. Madore, More terms
#   http://www.madore.org/~david/math/simplegroups.html
# John McKay, The non-abelian simple groups g, |g|<10^6 - character tables, Commun. Algebra 7 (1979) no. 13, 1407-1445.
#
#
# https://en.wikipedia.org/wiki/List_of_finite_simple_groups
#   see: "finite simple groups.txt"
# orderBC(3,3)  = 4585351680
# orderBC(5,3)  = 228501000000000
# orderBC(3,4)  = 65784756654489600
# orderBC(7,3)  = 273457218604953600
# orderBC(9,3)  = 54025731402499584000
# orderBC(11,3) = 3669292720793456064000
# orderBC(13,3) = 122796979335906113871360
# orderBC(5,4)  = 6973279267500000000000000
# orderBC(17,3) = 34426017123500213280276480
# orderBC(3,5)  = 76457792934119864313446400
# ...
# orderBC(19,3) = 356112797846512129157952000
# ...
# orderBC(7,4)  = 1298254740461168363656151040000
# ...
# orderBC(3,6)  = 7197966128645938515382156481789952000
# ...
# orderBC(5,5)  = 133004733151172695312500000000000000000
#
1 60
2 168
3 360
4 504
5 660
6 1092
7 2448
8 2520
9 3420
10 4080
11 5616
12 6048
13 6072
14 7800
15 7920
16 9828
17 12180
18 14880
19 20160
20 20160
21 25308
22 25920
23 29120
24 32736
25 34440
26 39732
27 51888
28 58800
29 62400
30 74412
31 95040
32 102660
33 113460
34 126000
35 150348
36 175560
37 178920
38 181440
39 194472
40 246480
41 262080
42 265680
43 285852
44 352440
45 372000
46 443520
47 456288
48 515100
49 546312
50 604800
51 612468
52 647460
53 721392
54 885720
55 976500
56 979200
57 1024128
58 1123980
59 1285608
60 1342740
61 1451520
62 1653900
63 1721400
64 1814400
65 1876896
66 1934868
67 2097024
68 2165292
69 2328648
70 2413320
71 2588772
72 2867580
73 2964780
74 3265920
75 3483840
76 3594432
77 3822588
78 3940200
79 4245696
80 4680000
81 4696860
82 5515776
83 5544672
84 5663616
85 5848428
86 6004380
87 6065280
88 6324552
89 6825840
90 6998640
91 7174332
92 7906500
93 8487168
94 9095592
95 9732420
96 9951120
97 9999360
98 10200960
99 10626828
100 11093880
101 11332452
102 12068640
103 12576732
104 13685760
105 14467068
106 15039960
107 15331992
108 15927348
109 16482816
110 16776960
111 17971200
112 18132180
113 19136208
114 19958400
115 20176632
116 20890788
117 21254100
118 21993312
119 23133960
120 23522760
121 24715248
122 25947372
123 27219780
124 28090752
125 29431740
126 31285188
127 32240400
128 32537600
129 34208760
130 36779820
131 37309020
132 40031280
133 40591152
134 42302040
135 42456960
136 42573600
137 43468932
138 44352000
139 45259200
140 47721768
141 48985860
142 49626192
143 50232960
144 50923548
145 54950880
146 57750408
147 59185140
148 62125500
149 63631512
150 65935860
151 70710120
152 70915680
153 71527572
154 74017680
155 79169940
156 81833388
157 86404068
158 89226492
159 92109720
160 93084420
161 96049728
162 101130708
163 104263632
164 107460600
165 108540600
166 111823968
167 115172892
168 117442248
169 118588020
170 122070000
171 125619480
172 131687040
173 132923532
174 134217216
175 135419688
176 138297600
177 139222212
178 143095260
179 144402060
180 152410272
181 155144028
182 159305652
183 164969340
184 172235700
185 174182400
186 178200060
187 185847120
188 192119928
189 193709880
190 196916052
191 197406720
192 201791340
193 205085832
194 211341312
195 211782000
196 212427600
197 216898668
198 220355160
199 227377920
200 230944572
201 239500800
202 243721308
203 244823040
204 251596800
205 253130388
206 264737160
207 266705460
208 270178272
209 276693420
210 278720472
211 282804228
212 284860980
213 295294440
214 297411240
215 310324812
216 314710968
217 316919460
218 321367392
219 337262628
220 341898480
221 344232252
222 348931608
223 373070868
224 378028560
225 388075320
226 400882080
227 411328008
228 416618340
229 424638588
230 432761112
231 443751360
232 452115048
233 457748820
234 466286928
235 474930552
236 486620640
237 495512988
238 513621360
239 519754092
240 529044420
241 532165620
242 547955880
243 551150952
244 560810640
245 577159800
246 580467300
247 597194460
248 600577992
249 610805220
250 642182208
251 649297740
252 652875132
253 660069288
254 670959312
255 681968460
256 696833748
257 708123372
258 719534280
259 762422400
260 766403712
261 786518292
262 802861020
263 811273008
264 823605780
265 836222508
266 848967432
267 866161200
268 892384692
269 898128000
270 901242048
271 914637672
272 928165380
273 932704080
274 946408908
275 974220000
276 987033600
277 997807860
278 1018368000
279 1041219828
280 1046119680
281 1055965452
282 1056706560
283 1070849640
284 1073740800
285 1075841940
286 1090911888
287 1101036300
288 1106121912
289 1116340068
290 1147371720
291 1152598920
292 1168375728
293 1178973180
294 1260503760
295 1277248248
296 1282862520
297 1294140372
298 1316893980
299 1369061400
300 1398629760
301 1425715200
302 1440736272
303 1452920028
304 1459037580
305 1471324152
306 1489883040
307 1514870088
308 1527467700
309 1533792612
310 1552872060
311 1591504320
312 1624183080
313 1630772052
314 1644003408
315 1650645840
316 1663984332
317 1684126500
318 1721606400
319 1724897160
320 1766320572
321 1794301380
322 1836824232
323 1858335300
324 1872768912
325 1894559160
326 1923874848
327 1938645420
328 1968412980
329 1983410352
330 2036500788
331 2051841600
332 2074996968
333 2082753960
334 2098325892
335 2121829020
336 2129702220
337 2153438628
338 2193390108
339 2274769368
340 2299569792
341 2316203148
342 2317678272
343 2324549820
344 2375051280
345 2426278932
346 2443517088
347 2452166700
348 2495721060
349 2548663320
350 2557559172
351 2602349052
352 2638555140
353 2665928988
354 2693491512
355 2721243360
356 2805641328
357 2834156952
358 2853274308
359 2862865140
360 2920861800
361 2969786460
362 3029213472
363 3069268680
364 3113510400
365 3150435288
366 3160680600
367 3222619260
368 3253889748
369 3274848720
370 3285361872
371 3306455628
372 3317036280
373 3370278240
374 3434916900
375 3467543868
376 3500376792
377 3600117780
378 3611315652
379 3701735700
380 3713143200
381 3840176172
382 3875317380
383 3922504908
384 3958145832
385 3982025988
386 3994002000
387 4018026012
388 4030387200
389 4066362660
390 4102868448
391 4164195828
392 4176534180
393 4238591640
394 4279234560
395 4326500412
396 4390030992
397 4428446220
398 4505947680
399 4518951852
400 4545035208
401 4558114440
402 4585351680
403 4585351680
404 4623887100
405 4703645760
406 4717027392
407 4824995280
408 4838605980
409 4879591608
410 4907043540
411 4920808032
412 4990016712
413 5045848560
414 5172989580
415 5230175508
416 5302248588
417 5345808612
418 5374980768
419 5389606560
420 5418937692
421 5477918820
422 5597161908
423 5612187840
424 5642320332
425 5644682640
426 5702908500
427 5825382948
428 5840814420
429 5859000000
430 5871759072
431 5933975880
432 5980925808
433 6028122732
434 6059724888
435 6155193660
436 6171201960
437 6349128852
438 6398240940
439 6414667740
440 6464116788
441 6497223600
442 6547095468
443 6664454220
444 6715177128
445 6749134980
446 6766156752
447 6817393740
448 6851695032
449 6903362400
450 6920642400
451 6950204928
452 7007475060
453 7059921648
454 7112629272
455 7236632508
456 7254000000
457 7272324840
458 7326083088
459 7434393060
460 7507189548
461 7562097672
462 7598851428
463 7840657512
464 8011032120
465 8106742380
466 8183857140
467 8222597232
468 8280936300
469 8300443800
470 8359150068
471 8576773980
472 8589932544
473 8697054240
474 8717209632
475 8879574960
476 8961508248
477 9002663220
478 9126883752
479 9196830720
480 9273245688
481 9378742368
482 9399937260
483 9442422792
484 9527777520
485 9592130028
486 9656771652
487 9700027008
488 9721703040
489 9765151932
490 9830567700
491 9918242268
492 9962274360
493 9984339192







