





============================================================
C6
idx2ordered_element = ((), ((Generator('rotation1'), 1),), ((Generator('rotation0'), 1),), ((Generator('rotation0'), 1), (Generator('rotation1'), 1)), ((Generator('rotation0'), 2),), ((Generator('rotation0'), 2), (Generator('rotation1'), 1)))
mul_table = ((0, 1, 2, 3, 4, 5), (1, 0, 3, 2, 5, 4), (2, 3, 4, 5, 0, 1), (3, 2, 5, 4, 1, 0), (4, 5, 0, 1, 2, 3), (5, 4, 1, 0, 3, 2))






============================================================
D3
idx2ordered_element = ((), ((Generator('mirror'), 1),), ((Generator('rotation0'), 1),), ((Generator('rotation0'), 1), (Generator('mirror'), 1)), ((Generator('rotation0'), 2),), ((Generator('rotation0'), 2), (Generator('mirror'), 1)))
mul_table = ((0, 1, 2, 3, 4, 5), (1, 0, 5, 4, 3, 2), (2, 3, 4, 5, 0, 1), (3, 2, 1, 0, 5, 4), (4, 5, 0, 1, 2, 3), (5, 4, 3, 2, 1, 0))






============================================================
G50_5x5_i2
idx2ordered_element = ((), ((Generator('mirror'), 1),), ((Generator('rotation1'), 1),), ((Generator('rotation1'), 1), (Generator('mirror'), 1)), ((Generator('rotation1'), 2),), ((Generator('rotation1'), 2), (Generator('mirror'), 1)), ((Generator('rotation1'), 3),), ((Generator('rotation1'), 3), (Generator('mirror'), 1)), ((Generator('rotation1'), 4),), ((Generator('rotation1'), 4), (Generator('mirror'), 1)), ((Generator('rotation0'), 1),), ((Generator('rotation0'), 1), (Generator('mirror'), 1)), ((Generator('rotation0'), 1), (Generator('rotation1'), 1)), ((Generator('rotation0'), 1), (Generator('rotation1'), 1), (Generator('mirror'), 1)), ((Generator('rotation0'), 1), (Generator('rotation1'), 2)), ((Generator('rotation0'), 1), (Generator('rotation1'), 2), (Generator('mirror'), 1)), ((Generator('rotation0'), 1), (Generator('rotation1'), 3)), ((Generator('rotation0'), 1), (Generator('rotation1'), 3), (Generator('mirror'), 1)), ((Generator('rotation0'), 1), (Generator('rotation1'), 4)), ((Generator('rotation0'), 1), (Generator('rotation1'), 4), (Generator('mirror'), 1)), ((Generator('rotation0'), 2),), ((Generator('rotation0'), 2), (Generator('mirror'), 1)), ((Generator('rotation0'), 2), (Generator('rotation1'), 1)), ((Generator('rotation0'), 2), (Generator('rotation1'), 1), (Generator('mirror'), 1)), ((Generator('rotation0'), 2), (Generator('rotation1'), 2)), ((Generator('rotation0'), 2), (Generator('rotation1'), 2), (Generator('mirror'), 1)), ((Generator('rotation0'), 2), (Generator('rotation1'), 3)), ((Generator('rotation0'), 2), (Generator('rotation1'), 3), (Generator('mirror'), 1)), ((Generator('rotation0'), 2), (Generator('rotation1'), 4)), ((Generator('rotation0'), 2), (Generator('rotation1'), 4), (Generator('mirror'), 1)), ((Generator('rotation0'), 3),), ((Generator('rotation0'), 3), (Generator('mirror'), 1)), ((Generator('rotation0'), 3), (Generator('rotation1'), 1)), ((Generator('rotation0'), 3), (Generator('rotation1'), 1), (Generator('mirror'), 1)), ((Generator('rotation0'), 3), (Generator('rotation1'), 2)), ((Generator('rotation0'), 3), (Generator('rotation1'), 2), (Generator('mirror'), 1)), ((Generator('rotation0'), 3), (Generator('rotation1'), 3)), ((Generator('rotation0'), 3), (Generator('rotation1'), 3), (Generator('mirror'), 1)), ((Generator('rotation0'), 3), (Generator('rotation1'), 4)), ((Generator('rotation0'), 3), (Generator('rotation1'), 4), (Generator('mirror'), 1)), ((Generator('rotation0'), 4),), ((Generator('rotation0'), 4), (Generator('mirror'), 1)), ((Generator('rotation0'), 4), (Generator('rotation1'), 1)), ((Generator('rotation0'), 4), (Generator('rotation1'), 1), (Generator('mirror'), 1)), ((Generator('rotation0'), 4), (Generator('rotation1'), 2)), ((Generator('rotation0'), 4), (Generator('rotation1'), 2), (Generator('mirror'), 1)), ((Generator('rotation0'), 4), (Generator('rotation1'), 3)), ((Generator('rotation0'), 4), (Generator('rotation1'), 3), (Generator('mirror'), 1)), ((Generator('rotation0'), 4), (Generator('rotation1'), 4)), ((Generator('rotation0'), 4), (Generator('rotation1'), 4), (Generator('mirror'), 1)))
mul_table = ((0, 1, 2, 3, 4, 5, 6, 7, 8, 9, 10, 11, 12, 13, 14, 15, 16, 17, 18, 19, 20, 21, 22, 23, 24, 25, 26, 27, 28, 29, 30, 31, 32, 33, 34, 35, 36, 37, 38, 39, 40, 41, 42, 43, 44, 45, 46, 47, 48, 49), (1, 0, 9, 8, 7, 6, 5, 4, 3, 2, 41, 40, 49, 48, 47, 46, 45, 44, 43, 42, 31, 30, 39, 38, 37, 36, 35, 34, 33, 32, 21, 20, 29, 28, 27, 26, 25, 24, 23, 22, 11, 10, 19, 18, 17, 16, 15, 14, 13, 12), (2, 3, 4, 5, 6, 7, 8, 9, 0, 1, 12, 13, 14, 15, 16, 17, 18, 19, 10, 11, 22, 23, 24, 25, 26, 27, 28, 29, 20, 21, 32, 33, 34, 35, 36, 37, 38, 39, 30, 31, 42, 43, 44, 45, 46, 47, 48, 49, 40, 41), (3, 2, 1, 0, 9, 8, 7, 6, 5, 4, 43, 42, 41, 40, 49, 48, 47, 46, 45, 44, 33, 32, 31, 30, 39, 38, 37, 36, 35, 34, 23, 22, 21, 20, 29, 28, 27, 26, 25, 24, 13, 12, 11, 10, 19, 18, 17, 16, 15, 14), (4, 5, 6, 7, 8, 9, 0, 1, 2, 3, 14, 15, 16, 17, 18, 19, 10, 11, 12, 13, 24, 25, 26, 27, 28, 29, 20, 21, 22, 23, 34, 35, 36, 37, 38, 39, 30, 31, 32, 33, 44, 45, 46, 47, 48, 49, 40, 41, 42, 43), (5, 4, 3, 2, 1, 0, 9, 8, 7, 6, 45, 44, 43, 42, 41, 40, 49, 48, 47, 46, 35, 34, 33, 32, 31, 30, 39, 38, 37, 36, 25, 24, 23, 22, 21, 20, 29, 28, 27, 26, 15, 14, 13, 12, 11, 10, 19, 18, 17, 16), (6, 7, 8, 9, 0, 1, 2, 3, 4, 5, 16, 17, 18, 19, 10, 11, 12, 13, 14, 15, 26, 27, 28, 29, 20, 21, 22, 23, 24, 25, 36, 37, 38, 39, 30, 31, 32, 33, 34, 35, 46, 47, 48, 49, 40, 41, 42, 43, 44, 45), (7, 6, 5, 4, 3, 2, 1, 0, 9, 8, 47, 46, 45, 44, 43, 42, 41, 40, 49, 48, 37, 36, 35, 34, 33, 32, 31, 30, 39, 38, 27, 26, 25, 24, 23, 22, 21, 20, 29, 28, 17, 16, 15, 14, 13, 12, 11, 10, 19, 18), (8, 9, 0, 1, 2, 3, 4, 5, 6, 7, 18, 19, 10, 11, 12, 13, 14, 15, 16, 17, 28, 29, 20, 21, 22, 23, 24, 25, 26, 27, 38, 39, 30, 31, 32, 33, 34, 35, 36, 37, 48, 49, 40, 41, 42, 43, 44, 45, 46, 47), (9, 8, 7, 6, 5, 4, 3, 2, 1, 0, 49, 48, 47, 46, 45, 44, 43, 42, 41, 40, 39, 38, 37, 36, 35, 34, 33, 32, 31, 30, 29, 28, 27, 26, 25, 24, 23, 22, 21, 20, 19, 18, 17, 16, 15, 14, 13, 12, 11, 10), (10, 11, 12, 13, 14, 15, 16, 17, 18, 19, 20, 21, 22, 23, 24, 25, 26, 27, 28, 29, 30, 31, 32, 33, 34, 35, 36, 37, 38, 39, 40, 41, 42, 43, 44, 45, 46, 47, 48, 49, 0, 1, 2, 3, 4, 5, 6, 7, 8, 9), (11, 10, 19, 18, 17, 16, 15, 14, 13, 12, 1, 0, 9, 8, 7, 6, 5, 4, 3, 2, 41, 40, 49, 48, 47, 46, 45, 44, 43, 42, 31, 30, 39, 38, 37, 36, 35, 34, 33, 32, 21, 20, 29, 28, 27, 26, 25, 24, 23, 22), (12, 13, 14, 15, 16, 17, 18, 19, 10, 11, 22, 23, 24, 25, 26, 27, 28, 29, 20, 21, 32, 33, 34, 35, 36, 37, 38, 39, 30, 31, 42, 43, 44, 45, 46, 47, 48, 49, 40, 41, 2, 3, 4, 5, 6, 7, 8, 9, 0, 1), (13, 12, 11, 10, 19, 18, 17, 16, 15, 14, 3, 2, 1, 0, 9, 8, 7, 6, 5, 4, 43, 42, 41, 40, 49, 48, 47, 46, 45, 44, 33, 32, 31, 30, 39, 38, 37, 36, 35, 34, 23, 22, 21, 20, 29, 28, 27, 26, 25, 24), (14, 15, 16, 17, 18, 19, 10, 11, 12, 13, 24, 25, 26, 27, 28, 29, 20, 21, 22, 23, 34, 35, 36, 37, 38, 39, 30, 31, 32, 33, 44, 45, 46, 47, 48, 49, 40, 41, 42, 43, 4, 5, 6, 7, 8, 9, 0, 1, 2, 3), (15, 14, 13, 12, 11, 10, 19, 18, 17, 16, 5, 4, 3, 2, 1, 0, 9, 8, 7, 6, 45, 44, 43, 42, 41, 40, 49, 48, 47, 46, 35, 34, 33, 32, 31, 30, 39, 38, 37, 36, 25, 24, 23, 22, 21, 20, 29, 28, 27, 26), (16, 17, 18, 19, 10, 11, 12, 13, 14, 15, 26, 27, 28, 29, 20, 21, 22, 23, 24, 25, 36, 37, 38, 39, 30, 31, 32, 33, 34, 35, 46, 47, 48, 49, 40, 41, 42, 43, 44, 45, 6, 7, 8, 9, 0, 1, 2, 3, 4, 5), (17, 16, 15, 14, 13, 12, 11, 10, 19, 18, 7, 6, 5, 4, 3, 2, 1, 0, 9, 8, 47, 46, 45, 44, 43, 42, 41, 40, 49, 48, 37, 36, 35, 34, 33, 32, 31, 30, 39, 38, 27, 26, 25, 24, 23, 22, 21, 20, 29, 28), (18, 19, 10, 11, 12, 13, 14, 15, 16, 17, 28, 29, 20, 21, 22, 23, 24, 25, 26, 27, 38, 39, 30, 31, 32, 33, 34, 35, 36, 37, 48, 49, 40, 41, 42, 43, 44, 45, 46, 47, 8, 9, 0, 1, 2, 3, 4, 5, 6, 7), (19, 18, 17, 16, 15, 14, 13, 12, 11, 10, 9, 8, 7, 6, 5, 4, 3, 2, 1, 0, 49, 48, 47, 46, 45, 44, 43, 42, 41, 40, 39, 38, 37, 36, 35, 34, 33, 32, 31, 30, 29, 28, 27, 26, 25, 24, 23, 22, 21, 20), (20, 21, 22, 23, 24, 25, 26, 27, 28, 29, 30, 31, 32, 33, 34, 35, 36, 37, 38, 39, 40, 41, 42, 43, 44, 45, 46, 47, 48, 49, 0, 1, 2, 3, 4, 5, 6, 7, 8, 9, 10, 11, 12, 13, 14, 15, 16, 17, 18, 19), (21, 20, 29, 28, 27, 26, 25, 24, 23, 22, 11, 10, 19, 18, 17, 16, 15, 14, 13, 12, 1, 0, 9, 8, 7, 6, 5, 4, 3, 2, 41, 40, 49, 48, 47, 46, 45, 44, 43, 42, 31, 30, 39, 38, 37, 36, 35, 34, 33, 32), (22, 23, 24, 25, 26, 27, 28, 29, 20, 21, 32, 33, 34, 35, 36, 37, 38, 39, 30, 31, 42, 43, 44, 45, 46, 47, 48, 49, 40, 41, 2, 3, 4, 5, 6, 7, 8, 9, 0, 1, 12, 13, 14, 15, 16, 17, 18, 19, 10, 11), (23, 22, 21, 20, 29, 28, 27, 26, 25, 24, 13, 12, 11, 10, 19, 18, 17, 16, 15, 14, 3, 2, 1, 0, 9, 8, 7, 6, 5, 4, 43, 42, 41, 40, 49, 48, 47, 46, 45, 44, 33, 32, 31, 30, 39, 38, 37, 36, 35, 34), (24, 25, 26, 27, 28, 29, 20, 21, 22, 23, 34, 35, 36, 37, 38, 39, 30, 31, 32, 33, 44, 45, 46, 47, 48, 49, 40, 41, 42, 43, 4, 5, 6, 7, 8, 9, 0, 1, 2, 3, 14, 15, 16, 17, 18, 19, 10, 11, 12, 13), (25, 24, 23, 22, 21, 20, 29, 28, 27, 26, 15, 14, 13, 12, 11, 10, 19, 18, 17, 16, 5, 4, 3, 2, 1, 0, 9, 8, 7, 6, 45, 44, 43, 42, 41, 40, 49, 48, 47, 46, 35, 34, 33, 32, 31, 30, 39, 38, 37, 36), (26, 27, 28, 29, 20, 21, 22, 23, 24, 25, 36, 37, 38, 39, 30, 31, 32, 33, 34, 35, 46, 47, 48, 49, 40, 41, 42, 43, 44, 45, 6, 7, 8, 9, 0, 1, 2, 3, 4, 5, 16, 17, 18, 19, 10, 11, 12, 13, 14, 15), (27, 26, 25, 24, 23, 22, 21, 20, 29, 28, 17, 16, 15, 14, 13, 12, 11, 10, 19, 18, 7, 6, 5, 4, 3, 2, 1, 0, 9, 8, 47, 46, 45, 44, 43, 42, 41, 40, 49, 48, 37, 36, 35, 34, 33, 32, 31, 30, 39, 38), (28, 29, 20, 21, 22, 23, 24, 25, 26, 27, 38, 39, 30, 31, 32, 33, 34, 35, 36, 37, 48, 49, 40, 41, 42, 43, 44, 45, 46, 47, 8, 9, 0, 1, 2, 3, 4, 5, 6, 7, 18, 19, 10, 11, 12, 13, 14, 15, 16, 17), (29, 28, 27, 26, 25, 24, 23, 22, 21, 20, 19, 18, 17, 16, 15, 14, 13, 12, 11, 10, 9, 8, 7, 6, 5, 4, 3, 2, 1, 0, 49, 48, 47, 46, 45, 44, 43, 42, 41, 40, 39, 38, 37, 36, 35, 34, 33, 32, 31, 30), (30, 31, 32, 33, 34, 35, 36, 37, 38, 39, 40, 41, 42, 43, 44, 45, 46, 47, 48, 49, 0, 1, 2, 3, 4, 5, 6, 7, 8, 9, 10, 11, 12, 13, 14, 15, 16, 17, 18, 19, 20, 21, 22, 23, 24, 25, 26, 27, 28, 29), (31, 30, 39, 38, 37, 36, 35, 34, 33, 32, 21, 20, 29, 28, 27, 26, 25, 24, 23, 22, 11, 10, 19, 18, 17, 16, 15, 14, 13, 12, 1, 0, 9, 8, 7, 6, 5, 4, 3, 2, 41, 40, 49, 48, 47, 46, 45, 44, 43, 42), (32, 33, 34, 35, 36, 37, 38, 39, 30, 31, 42, 43, 44, 45, 46, 47, 48, 49, 40, 41, 2, 3, 4, 5, 6, 7, 8, 9, 0, 1, 12, 13, 14, 15, 16, 17, 18, 19, 10, 11, 22, 23, 24, 25, 26, 27, 28, 29, 20, 21), (33, 32, 31, 30, 39, 38, 37, 36, 35, 34, 23, 22, 21, 20, 29, 28, 27, 26, 25, 24, 13, 12, 11, 10, 19, 18, 17, 16, 15, 14, 3, 2, 1, 0, 9, 8, 7, 6, 5, 4, 43, 42, 41, 40, 49, 48, 47, 46, 45, 44), (34, 35, 36, 37, 38, 39, 30, 31, 32, 33, 44, 45, 46, 47, 48, 49, 40, 41, 42, 43, 4, 5, 6, 7, 8, 9, 0, 1, 2, 3, 14, 15, 16, 17, 18, 19, 10, 11, 12, 13, 24, 25, 26, 27, 28, 29, 20, 21, 22, 23), (35, 34, 33, 32, 31, 30, 39, 38, 37, 36, 25, 24, 23, 22, 21, 20, 29, 28, 27, 26, 15, 14, 13, 12, 11, 10, 19, 18, 17, 16, 5, 4, 3, 2, 1, 0, 9, 8, 7, 6, 45, 44, 43, 42, 41, 40, 49, 48, 47, 46), (36, 37, 38, 39, 30, 31, 32, 33, 34, 35, 46, 47, 48, 49, 40, 41, 42, 43, 44, 45, 6, 7, 8, 9, 0, 1, 2, 3, 4, 5, 16, 17, 18, 19, 10, 11, 12, 13, 14, 15, 26, 27, 28, 29, 20, 21, 22, 23, 24, 25), (37, 36, 35, 34, 33, 32, 31, 30, 39, 38, 27, 26, 25, 24, 23, 22, 21, 20, 29, 28, 17, 16, 15, 14, 13, 12, 11, 10, 19, 18, 7, 6, 5, 4, 3, 2, 1, 0, 9, 8, 47, 46, 45, 44, 43, 42, 41, 40, 49, 48), (38, 39, 30, 31, 32, 33, 34, 35, 36, 37, 48, 49, 40, 41, 42, 43, 44, 45, 46, 47, 8, 9, 0, 1, 2, 3, 4, 5, 6, 7, 18, 19, 10, 11, 12, 13, 14, 15, 16, 17, 28, 29, 20, 21, 22, 23, 24, 25, 26, 27), (39, 38, 37, 36, 35, 34, 33, 32, 31, 30, 29, 28, 27, 26, 25, 24, 23, 22, 21, 20, 19, 18, 17, 16, 15, 14, 13, 12, 11, 10, 9, 8, 7, 6, 5, 4, 3, 2, 1, 0, 49, 48, 47, 46, 45, 44, 43, 42, 41, 40), (40, 41, 42, 43, 44, 45, 46, 47, 48, 49, 0, 1, 2, 3, 4, 5, 6, 7, 8, 9, 10, 11, 12, 13, 14, 15, 16, 17, 18, 19, 20, 21, 22, 23, 24, 25, 26, 27, 28, 29, 30, 31, 32, 33, 34, 35, 36, 37, 38, 39), (41, 40, 49, 48, 47, 46, 45, 44, 43, 42, 31, 30, 39, 38, 37, 36, 35, 34, 33, 32, 21, 20, 29, 28, 27, 26, 25, 24, 23, 22, 11, 10, 19, 18, 17, 16, 15, 14, 13, 12, 1, 0, 9, 8, 7, 6, 5, 4, 3, 2), (42, 43, 44, 45, 46, 47, 48, 49, 40, 41, 2, 3, 4, 5, 6, 7, 8, 9, 0, 1, 12, 13, 14, 15, 16, 17, 18, 19, 10, 11, 22, 23, 24, 25, 26, 27, 28, 29, 20, 21, 32, 33, 34, 35, 36, 37, 38, 39, 30, 31), (43, 42, 41, 40, 49, 48, 47, 46, 45, 44, 33, 32, 31, 30, 39, 38, 37, 36, 35, 34, 23, 22, 21, 20, 29, 28, 27, 26, 25, 24, 13, 12, 11, 10, 19, 18, 17, 16, 15, 14, 3, 2, 1, 0, 9, 8, 7, 6, 5, 4), (44, 45, 46, 47, 48, 49, 40, 41, 42, 43, 4, 5, 6, 7, 8, 9, 0, 1, 2, 3, 14, 15, 16, 17, 18, 19, 10, 11, 12, 13, 24, 25, 26, 27, 28, 29, 20, 21, 22, 23, 34, 35, 36, 37, 38, 39, 30, 31, 32, 33), (45, 44, 43, 42, 41, 40, 49, 48, 47, 46, 35, 34, 33, 32, 31, 30, 39, 38, 37, 36, 25, 24, 23, 22, 21, 20, 29, 28, 27, 26, 15, 14, 13, 12, 11, 10, 19, 18, 17, 16, 5, 4, 3, 2, 1, 0, 9, 8, 7, 6), (46, 47, 48, 49, 40, 41, 42, 43, 44, 45, 6, 7, 8, 9, 0, 1, 2, 3, 4, 5, 16, 17, 18, 19, 10, 11, 12, 13, 14, 15, 26, 27, 28, 29, 20, 21, 22, 23, 24, 25, 36, 37, 38, 39, 30, 31, 32, 33, 34, 35), (47, 46, 45, 44, 43, 42, 41, 40, 49, 48, 37, 36, 35, 34, 33, 32, 31, 30, 39, 38, 27, 26, 25, 24, 23, 22, 21, 20, 29, 28, 17, 16, 15, 14, 13, 12, 11, 10, 19, 18, 7, 6, 5, 4, 3, 2, 1, 0, 9, 8), (48, 49, 40, 41, 42, 43, 44, 45, 46, 47, 8, 9, 0, 1, 2, 3, 4, 5, 6, 7, 18, 19, 10, 11, 12, 13, 14, 15, 16, 17, 28, 29, 20, 21, 22, 23, 24, 25, 26, 27, 38, 39, 30, 31, 32, 33, 34, 35, 36, 37), (49, 48, 47, 46, 45, 44, 43, 42, 41, 40, 39, 38, 37, 36, 35, 34, 33, 32, 31, 30, 29, 28, 27, 26, 25, 24, 23, 22, 21, 20, 19, 18, 17, 16, 15, 14, 13, 12, 11, 10, 9, 8, 7, 6, 5, 4, 3, 2, 1, 0))






============================================================
G50_5x_5i2
idx2ordered_element = ((), ((Generator('mirror'), 1),), ((Generator('rotation1'), 1),), ((Generator('rotation1'), 1), (Generator('mirror'), 1)), ((Generator('rotation1'), 2),), ((Generator('rotation1'), 2), (Generator('mirror'), 1)), ((Generator('rotation1'), 3),), ((Generator('rotation1'), 3), (Generator('mirror'), 1)), ((Generator('rotation1'), 4),), ((Generator('rotation1'), 4), (Generator('mirror'), 1)), ((Generator('rotation0'), 1),), ((Generator('rotation0'), 1), (Generator('mirror'), 1)), ((Generator('rotation0'), 1), (Generator('rotation1'), 1)), ((Generator('rotation0'), 1), (Generator('rotation1'), 1), (Generator('mirror'), 1)), ((Generator('rotation0'), 1), (Generator('rotation1'), 2)), ((Generator('rotation0'), 1), (Generator('rotation1'), 2), (Generator('mirror'), 1)), ((Generator('rotation0'), 1), (Generator('rotation1'), 3)), ((Generator('rotation0'), 1), (Generator('rotation1'), 3), (Generator('mirror'), 1)), ((Generator('rotation0'), 1), (Generator('rotation1'), 4)), ((Generator('rotation0'), 1), (Generator('rotation1'), 4), (Generator('mirror'), 1)), ((Generator('rotation0'), 2),), ((Generator('rotation0'), 2), (Generator('mirror'), 1)), ((Generator('rotation0'), 2), (Generator('rotation1'), 1)), ((Generator('rotation0'), 2), (Generator('rotation1'), 1), (Generator('mirror'), 1)), ((Generator('rotation0'), 2), (Generator('rotation1'), 2)), ((Generator('rotation0'), 2), (Generator('rotation1'), 2), (Generator('mirror'), 1)), ((Generator('rotation0'), 2), (Generator('rotation1'), 3)), ((Generator('rotation0'), 2), (Generator('rotation1'), 3), (Generator('mirror'), 1)), ((Generator('rotation0'), 2), (Generator('rotation1'), 4)), ((Generator('rotation0'), 2), (Generator('rotation1'), 4), (Generator('mirror'), 1)), ((Generator('rotation0'), 3),), ((Generator('rotation0'), 3), (Generator('mirror'), 1)), ((Generator('rotation0'), 3), (Generator('rotation1'), 1)), ((Generator('rotation0'), 3), (Generator('rotation1'), 1), (Generator('mirror'), 1)), ((Generator('rotation0'), 3), (Generator('rotation1'), 2)), ((Generator('rotation0'), 3), (Generator('rotation1'), 2), (Generator('mirror'), 1)), ((Generator('rotation0'), 3), (Generator('rotation1'), 3)), ((Generator('rotation0'), 3), (Generator('rotation1'), 3), (Generator('mirror'), 1)), ((Generator('rotation0'), 3), (Generator('rotation1'), 4)), ((Generator('rotation0'), 3), (Generator('rotation1'), 4), (Generator('mirror'), 1)), ((Generator('rotation0'), 4),), ((Generator('rotation0'), 4), (Generator('mirror'), 1)), ((Generator('rotation0'), 4), (Generator('rotation1'), 1)), ((Generator('rotation0'), 4), (Generator('rotation1'), 1), (Generator('mirror'), 1)), ((Generator('rotation0'), 4), (Generator('rotation1'), 2)), ((Generator('rotation0'), 4), (Generator('rotation1'), 2), (Generator('mirror'), 1)), ((Generator('rotation0'), 4), (Generator('rotation1'), 3)), ((Generator('rotation0'), 4), (Generator('rotation1'), 3), (Generator('mirror'), 1)), ((Generator('rotation0'), 4), (Generator('rotation1'), 4)), ((Generator('rotation0'), 4), (Generator('rotation1'), 4), (Generator('mirror'), 1)))
mul_table = ((0, 1, 2, 3, 4, 5, 6, 7, 8, 9, 10, 11, 12, 13, 14, 15, 16, 17, 18, 19, 20, 21, 22, 23, 24, 25, 26, 27, 28, 29, 30, 31, 32, 33, 34, 35, 36, 37, 38, 39, 40, 41, 42, 43, 44, 45, 46, 47, 48, 49), (1, 0, 9, 8, 7, 6, 5, 4, 3, 2, 11, 10, 19, 18, 17, 16, 15, 14, 13, 12, 21, 20, 29, 28, 27, 26, 25, 24, 23, 22, 31, 30, 39, 38, 37, 36, 35, 34, 33, 32, 41, 40, 49, 48, 47, 46, 45, 44, 43, 42), (2, 3, 4, 5, 6, 7, 8, 9, 0, 1, 12, 13, 14, 15, 16, 17, 18, 19, 10, 11, 22, 23, 24, 25, 26, 27, 28, 29, 20, 21, 32, 33, 34, 35, 36, 37, 38, 39, 30, 31, 42, 43, 44, 45, 46, 47, 48, 49, 40, 41), (3, 2, 1, 0, 9, 8, 7, 6, 5, 4, 13, 12, 11, 10, 19, 18, 17, 16, 15, 14, 23, 22, 21, 20, 29, 28, 27, 26, 25, 24, 33, 32, 31, 30, 39, 38, 37, 36, 35, 34, 43, 42, 41, 40, 49, 48, 47, 46, 45, 44), (4, 5, 6, 7, 8, 9, 0, 1, 2, 3, 14, 15, 16, 17, 18, 19, 10, 11, 12, 13, 24, 25, 26, 27, 28, 29, 20, 21, 22, 23, 34, 35, 36, 37, 38, 39, 30, 31, 32, 33, 44, 45, 46, 47, 48, 49, 40, 41, 42, 43), (5, 4, 3, 2, 1, 0, 9, 8, 7, 6, 15, 14, 13, 12, 11, 10, 19, 18, 17, 16, 25, 24, 23, 22, 21, 20, 29, 28, 27, 26, 35, 34, 33, 32, 31, 30, 39, 38, 37, 36, 45, 44, 43, 42, 41, 40, 49, 48, 47, 46), (6, 7, 8, 9, 0, 1, 2, 3, 4, 5, 16, 17, 18, 19, 10, 11, 12, 13, 14, 15, 26, 27, 28, 29, 20, 21, 22, 23, 24, 25, 36, 37, 38, 39, 30, 31, 32, 33, 34, 35, 46, 47, 48, 49, 40, 41, 42, 43, 44, 45), (7, 6, 5, 4, 3, 2, 1, 0, 9, 8, 17, 16, 15, 14, 13, 12, 11, 10, 19, 18, 27, 26, 25, 24, 23, 22, 21, 20, 29, 28, 37, 36, 35, 34, 33, 32, 31, 30, 39, 38, 47, 46, 45, 44, 43, 42, 41, 40, 49, 48), (8, 9, 0, 1, 2, 3, 4, 5, 6, 7, 18, 19, 10, 11, 12, 13, 14, 15, 16, 17, 28, 29, 20, 21, 22, 23, 24, 25, 26, 27, 38, 39, 30, 31, 32, 33, 34, 35, 36, 37, 48, 49, 40, 41, 42, 43, 44, 45, 46, 47), (9, 8, 7, 6, 5, 4, 3, 2, 1, 0, 19, 18, 17, 16, 15, 14, 13, 12, 11, 10, 29, 28, 27, 26, 25, 24, 23, 22, 21, 20, 39, 38, 37, 36, 35, 34, 33, 32, 31, 30, 49, 48, 47, 46, 45, 44, 43, 42, 41, 40), (10, 11, 12, 13, 14, 15, 16, 17, 18, 19, 20, 21, 22, 23, 24, 25, 26, 27, 28, 29, 30, 31, 32, 33, 34, 35, 36, 37, 38, 39, 40, 41, 42, 43, 44, 45, 46, 47, 48, 49, 0, 1, 2, 3, 4, 5, 6, 7, 8, 9), (11, 10, 19, 18, 17, 16, 15, 14, 13, 12, 21, 20, 29, 28, 27, 26, 25, 24, 23, 22, 31, 30, 39, 38, 37, 36, 35, 34, 33, 32, 41, 40, 49, 48, 47, 46, 45, 44, 43, 42, 1, 0, 9, 8, 7, 6, 5, 4, 3, 2), (12, 13, 14, 15, 16, 17, 18, 19, 10, 11, 22, 23, 24, 25, 26, 27, 28, 29, 20, 21, 32, 33, 34, 35, 36, 37, 38, 39, 30, 31, 42, 43, 44, 45, 46, 47, 48, 49, 40, 41, 2, 3, 4, 5, 6, 7, 8, 9, 0, 1), (13, 12, 11, 10, 19, 18, 17, 16, 15, 14, 23, 22, 21, 20, 29, 28, 27, 26, 25, 24, 33, 32, 31, 30, 39, 38, 37, 36, 35, 34, 43, 42, 41, 40, 49, 48, 47, 46, 45, 44, 3, 2, 1, 0, 9, 8, 7, 6, 5, 4), (14, 15, 16, 17, 18, 19, 10, 11, 12, 13, 24, 25, 26, 27, 28, 29, 20, 21, 22, 23, 34, 35, 36, 37, 38, 39, 30, 31, 32, 33, 44, 45, 46, 47, 48, 49, 40, 41, 42, 43, 4, 5, 6, 7, 8, 9, 0, 1, 2, 3), (15, 14, 13, 12, 11, 10, 19, 18, 17, 16, 25, 24, 23, 22, 21, 20, 29, 28, 27, 26, 35, 34, 33, 32, 31, 30, 39, 38, 37, 36, 45, 44, 43, 42, 41, 40, 49, 48, 47, 46, 5, 4, 3, 2, 1, 0, 9, 8, 7, 6), (16, 17, 18, 19, 10, 11, 12, 13, 14, 15, 26, 27, 28, 29, 20, 21, 22, 23, 24, 25, 36, 37, 38, 39, 30, 31, 32, 33, 34, 35, 46, 47, 48, 49, 40, 41, 42, 43, 44, 45, 6, 7, 8, 9, 0, 1, 2, 3, 4, 5), (17, 16, 15, 14, 13, 12, 11, 10, 19, 18, 27, 26, 25, 24, 23, 22, 21, 20, 29, 28, 37, 36, 35, 34, 33, 32, 31, 30, 39, 38, 47, 46, 45, 44, 43, 42, 41, 40, 49, 48, 7, 6, 5, 4, 3, 2, 1, 0, 9, 8), (18, 19, 10, 11, 12, 13, 14, 15, 16, 17, 28, 29, 20, 21, 22, 23, 24, 25, 26, 27, 38, 39, 30, 31, 32, 33, 34, 35, 36, 37, 48, 49, 40, 41, 42, 43, 44, 45, 46, 47, 8, 9, 0, 1, 2, 3, 4, 5, 6, 7), (19, 18, 17, 16, 15, 14, 13, 12, 11, 10, 29, 28, 27, 26, 25, 24, 23, 22, 21, 20, 39, 38, 37, 36, 35, 34, 33, 32, 31, 30, 49, 48, 47, 46, 45, 44, 43, 42, 41, 40, 9, 8, 7, 6, 5, 4, 3, 2, 1, 0), (20, 21, 22, 23, 24, 25, 26, 27, 28, 29, 30, 31, 32, 33, 34, 35, 36, 37, 38, 39, 40, 41, 42, 43, 44, 45, 46, 47, 48, 49, 0, 1, 2, 3, 4, 5, 6, 7, 8, 9, 10, 11, 12, 13, 14, 15, 16, 17, 18, 19), (21, 20, 29, 28, 27, 26, 25, 24, 23, 22, 31, 30, 39, 38, 37, 36, 35, 34, 33, 32, 41, 40, 49, 48, 47, 46, 45, 44, 43, 42, 1, 0, 9, 8, 7, 6, 5, 4, 3, 2, 11, 10, 19, 18, 17, 16, 15, 14, 13, 12), (22, 23, 24, 25, 26, 27, 28, 29, 20, 21, 32, 33, 34, 35, 36, 37, 38, 39, 30, 31, 42, 43, 44, 45, 46, 47, 48, 49, 40, 41, 2, 3, 4, 5, 6, 7, 8, 9, 0, 1, 12, 13, 14, 15, 16, 17, 18, 19, 10, 11), (23, 22, 21, 20, 29, 28, 27, 26, 25, 24, 33, 32, 31, 30, 39, 38, 37, 36, 35, 34, 43, 42, 41, 40, 49, 48, 47, 46, 45, 44, 3, 2, 1, 0, 9, 8, 7, 6, 5, 4, 13, 12, 11, 10, 19, 18, 17, 16, 15, 14), (24, 25, 26, 27, 28, 29, 20, 21, 22, 23, 34, 35, 36, 37, 38, 39, 30, 31, 32, 33, 44, 45, 46, 47, 48, 49, 40, 41, 42, 43, 4, 5, 6, 7, 8, 9, 0, 1, 2, 3, 14, 15, 16, 17, 18, 19, 10, 11, 12, 13), (25, 24, 23, 22, 21, 20, 29, 28, 27, 26, 35, 34, 33, 32, 31, 30, 39, 38, 37, 36, 45, 44, 43, 42, 41, 40, 49, 48, 47, 46, 5, 4, 3, 2, 1, 0, 9, 8, 7, 6, 15, 14, 13, 12, 11, 10, 19, 18, 17, 16), (26, 27, 28, 29, 20, 21, 22, 23, 24, 25, 36, 37, 38, 39, 30, 31, 32, 33, 34, 35, 46, 47, 48, 49, 40, 41, 42, 43, 44, 45, 6, 7, 8, 9, 0, 1, 2, 3, 4, 5, 16, 17, 18, 19, 10, 11, 12, 13, 14, 15), (27, 26, 25, 24, 23, 22, 21, 20, 29, 28, 37, 36, 35, 34, 33, 32, 31, 30, 39, 38, 47, 46, 45, 44, 43, 42, 41, 40, 49, 48, 7, 6, 5, 4, 3, 2, 1, 0, 9, 8, 17, 16, 15, 14, 13, 12, 11, 10, 19, 18), (28, 29, 20, 21, 22, 23, 24, 25, 26, 27, 38, 39, 30, 31, 32, 33, 34, 35, 36, 37, 48, 49, 40, 41, 42, 43, 44, 45, 46, 47, 8, 9, 0, 1, 2, 3, 4, 5, 6, 7, 18, 19, 10, 11, 12, 13, 14, 15, 16, 17), (29, 28, 27, 26, 25, 24, 23, 22, 21, 20, 39, 38, 37, 36, 35, 34, 33, 32, 31, 30, 49, 48, 47, 46, 45, 44, 43, 42, 41, 40, 9, 8, 7, 6, 5, 4, 3, 2, 1, 0, 19, 18, 17, 16, 15, 14, 13, 12, 11, 10), (30, 31, 32, 33, 34, 35, 36, 37, 38, 39, 40, 41, 42, 43, 44, 45, 46, 47, 48, 49, 0, 1, 2, 3, 4, 5, 6, 7, 8, 9, 10, 11, 12, 13, 14, 15, 16, 17, 18, 19, 20, 21, 22, 23, 24, 25, 26, 27, 28, 29), (31, 30, 39, 38, 37, 36, 35, 34, 33, 32, 41, 40, 49, 48, 47, 46, 45, 44, 43, 42, 1, 0, 9, 8, 7, 6, 5, 4, 3, 2, 11, 10, 19, 18, 17, 16, 15, 14, 13, 12, 21, 20, 29, 28, 27, 26, 25, 24, 23, 22), (32, 33, 34, 35, 36, 37, 38, 39, 30, 31, 42, 43, 44, 45, 46, 47, 48, 49, 40, 41, 2, 3, 4, 5, 6, 7, 8, 9, 0, 1, 12, 13, 14, 15, 16, 17, 18, 19, 10, 11, 22, 23, 24, 25, 26, 27, 28, 29, 20, 21), (33, 32, 31, 30, 39, 38, 37, 36, 35, 34, 43, 42, 41, 40, 49, 48, 47, 46, 45, 44, 3, 2, 1, 0, 9, 8, 7, 6, 5, 4, 13, 12, 11, 10, 19, 18, 17, 16, 15, 14, 23, 22, 21, 20, 29, 28, 27, 26, 25, 24), (34, 35, 36, 37, 38, 39, 30, 31, 32, 33, 44, 45, 46, 47, 48, 49, 40, 41, 42, 43, 4, 5, 6, 7, 8, 9, 0, 1, 2, 3, 14, 15, 16, 17, 18, 19, 10, 11, 12, 13, 24, 25, 26, 27, 28, 29, 20, 21, 22, 23), (35, 34, 33, 32, 31, 30, 39, 38, 37, 36, 45, 44, 43, 42, 41, 40, 49, 48, 47, 46, 5, 4, 3, 2, 1, 0, 9, 8, 7, 6, 15, 14, 13, 12, 11, 10, 19, 18, 17, 16, 25, 24, 23, 22, 21, 20, 29, 28, 27, 26), (36, 37, 38, 39, 30, 31, 32, 33, 34, 35, 46, 47, 48, 49, 40, 41, 42, 43, 44, 45, 6, 7, 8, 9, 0, 1, 2, 3, 4, 5, 16, 17, 18, 19, 10, 11, 12, 13, 14, 15, 26, 27, 28, 29, 20, 21, 22, 23, 24, 25), (37, 36, 35, 34, 33, 32, 31, 30, 39, 38, 47, 46, 45, 44, 43, 42, 41, 40, 49, 48, 7, 6, 5, 4, 3, 2, 1, 0, 9, 8, 17, 16, 15, 14, 13, 12, 11, 10, 19, 18, 27, 26, 25, 24, 23, 22, 21, 20, 29, 28), (38, 39, 30, 31, 32, 33, 34, 35, 36, 37, 48, 49, 40, 41, 42, 43, 44, 45, 46, 47, 8, 9, 0, 1, 2, 3, 4, 5, 6, 7, 18, 19, 10, 11, 12, 13, 14, 15, 16, 17, 28, 29, 20, 21, 22, 23, 24, 25, 26, 27), (39, 38, 37, 36, 35, 34, 33, 32, 31, 30, 49, 48, 47, 46, 45, 44, 43, 42, 41, 40, 9, 8, 7, 6, 5, 4, 3, 2, 1, 0, 19, 18, 17, 16, 15, 14, 13, 12, 11, 10, 29, 28, 27, 26, 25, 24, 23, 22, 21, 20), (40, 41, 42, 43, 44, 45, 46, 47, 48, 49, 0, 1, 2, 3, 4, 5, 6, 7, 8, 9, 10, 11, 12, 13, 14, 15, 16, 17, 18, 19, 20, 21, 22, 23, 24, 25, 26, 27, 28, 29, 30, 31, 32, 33, 34, 35, 36, 37, 38, 39), (41, 40, 49, 48, 47, 46, 45, 44, 43, 42, 1, 0, 9, 8, 7, 6, 5, 4, 3, 2, 11, 10, 19, 18, 17, 16, 15, 14, 13, 12, 21, 20, 29, 28, 27, 26, 25, 24, 23, 22, 31, 30, 39, 38, 37, 36, 35, 34, 33, 32), (42, 43, 44, 45, 46, 47, 48, 49, 40, 41, 2, 3, 4, 5, 6, 7, 8, 9, 0, 1, 12, 13, 14, 15, 16, 17, 18, 19, 10, 11, 22, 23, 24, 25, 26, 27, 28, 29, 20, 21, 32, 33, 34, 35, 36, 37, 38, 39, 30, 31), (43, 42, 41, 40, 49, 48, 47, 46, 45, 44, 3, 2, 1, 0, 9, 8, 7, 6, 5, 4, 13, 12, 11, 10, 19, 18, 17, 16, 15, 14, 23, 22, 21, 20, 29, 28, 27, 26, 25, 24, 33, 32, 31, 30, 39, 38, 37, 36, 35, 34), (44, 45, 46, 47, 48, 49, 40, 41, 42, 43, 4, 5, 6, 7, 8, 9, 0, 1, 2, 3, 14, 15, 16, 17, 18, 19, 10, 11, 12, 13, 24, 25, 26, 27, 28, 29, 20, 21, 22, 23, 34, 35, 36, 37, 38, 39, 30, 31, 32, 33), (45, 44, 43, 42, 41, 40, 49, 48, 47, 46, 5, 4, 3, 2, 1, 0, 9, 8, 7, 6, 15, 14, 13, 12, 11, 10, 19, 18, 17, 16, 25, 24, 23, 22, 21, 20, 29, 28, 27, 26, 35, 34, 33, 32, 31, 30, 39, 38, 37, 36), (46, 47, 48, 49, 40, 41, 42, 43, 44, 45, 6, 7, 8, 9, 0, 1, 2, 3, 4, 5, 16, 17, 18, 19, 10, 11, 12, 13, 14, 15, 26, 27, 28, 29, 20, 21, 22, 23, 24, 25, 36, 37, 38, 39, 30, 31, 32, 33, 34, 35), (47, 46, 45, 44, 43, 42, 41, 40, 49, 48, 7, 6, 5, 4, 3, 2, 1, 0, 9, 8, 17, 16, 15, 14, 13, 12, 11, 10, 19, 18, 27, 26, 25, 24, 23, 22, 21, 20, 29, 28, 37, 36, 35, 34, 33, 32, 31, 30, 39, 38), (48, 49, 40, 41, 42, 43, 44, 45, 46, 47, 8, 9, 0, 1, 2, 3, 4, 5, 6, 7, 18, 19, 10, 11, 12, 13, 14, 15, 16, 17, 28, 29, 20, 21, 22, 23, 24, 25, 26, 27, 38, 39, 30, 31, 32, 33, 34, 35, 36, 37), (49, 48, 47, 46, 45, 44, 43, 42, 41, 40, 9, 8, 7, 6, 5, 4, 3, 2, 1, 0, 19, 18, 17, 16, 15, 14, 13, 12, 11, 10, 29, 28, 27, 26, 25, 24, 23, 22, 21, 20, 39, 38, 37, 36, 35, 34, 33, 32, 31, 30))






============================================================
G50_5x5x2
idx2ordered_element = ((), ((Generator('mirror'), 1),), ((Generator('rotation1'), 1),), ((Generator('rotation1'), 1), (Generator('mirror'), 1)), ((Generator('rotation1'), 2),), ((Generator('rotation1'), 2), (Generator('mirror'), 1)), ((Generator('rotation1'), 3),), ((Generator('rotation1'), 3), (Generator('mirror'), 1)), ((Generator('rotation1'), 4),), ((Generator('rotation1'), 4), (Generator('mirror'), 1)), ((Generator('rotation0'), 1),), ((Generator('rotation0'), 1), (Generator('mirror'), 1)), ((Generator('rotation0'), 1), (Generator('rotation1'), 1)), ((Generator('rotation0'), 1), (Generator('rotation1'), 1), (Generator('mirror'), 1)), ((Generator('rotation0'), 1), (Generator('rotation1'), 2)), ((Generator('rotation0'), 1), (Generator('rotation1'), 2), (Generator('mirror'), 1)), ((Generator('rotation0'), 1), (Generator('rotation1'), 3)), ((Generator('rotation0'), 1), (Generator('rotation1'), 3), (Generator('mirror'), 1)), ((Generator('rotation0'), 1), (Generator('rotation1'), 4)), ((Generator('rotation0'), 1), (Generator('rotation1'), 4), (Generator('mirror'), 1)), ((Generator('rotation0'), 2),), ((Generator('rotation0'), 2), (Generator('mirror'), 1)), ((Generator('rotation0'), 2), (Generator('rotation1'), 1)), ((Generator('rotation0'), 2), (Generator('rotation1'), 1), (Generator('mirror'), 1)), ((Generator('rotation0'), 2), (Generator('rotation1'), 2)), ((Generator('rotation0'), 2), (Generator('rotation1'), 2), (Generator('mirror'), 1)), ((Generator('rotation0'), 2), (Generator('rotation1'), 3)), ((Generator('rotation0'), 2), (Generator('rotation1'), 3), (Generator('mirror'), 1)), ((Generator('rotation0'), 2), (Generator('rotation1'), 4)), ((Generator('rotation0'), 2), (Generator('rotation1'), 4), (Generator('mirror'), 1)), ((Generator('rotation0'), 3),), ((Generator('rotation0'), 3), (Generator('mirror'), 1)), ((Generator('rotation0'), 3), (Generator('rotation1'), 1)), ((Generator('rotation0'), 3), (Generator('rotation1'), 1), (Generator('mirror'), 1)), ((Generator('rotation0'), 3), (Generator('rotation1'), 2)), ((Generator('rotation0'), 3), (Generator('rotation1'), 2), (Generator('mirror'), 1)), ((Generator('rotation0'), 3), (Generator('rotation1'), 3)), ((Generator('rotation0'), 3), (Generator('rotation1'), 3), (Generator('mirror'), 1)), ((Generator('rotation0'), 3), (Generator('rotation1'), 4)), ((Generator('rotation0'), 3), (Generator('rotation1'), 4), (Generator('mirror'), 1)), ((Generator('rotation0'), 4),), ((Generator('rotation0'), 4), (Generator('mirror'), 1)), ((Generator('rotation0'), 4), (Generator('rotation1'), 1)), ((Generator('rotation0'), 4), (Generator('rotation1'), 1), (Generator('mirror'), 1)), ((Generator('rotation0'), 4), (Generator('rotation1'), 2)), ((Generator('rotation0'), 4), (Generator('rotation1'), 2), (Generator('mirror'), 1)), ((Generator('rotation0'), 4), (Generator('rotation1'), 3)), ((Generator('rotation0'), 4), (Generator('rotation1'), 3), (Generator('mirror'), 1)), ((Generator('rotation0'), 4), (Generator('rotation1'), 4)), ((Generator('rotation0'), 4), (Generator('rotation1'), 4), (Generator('mirror'), 1)))
mul_table = ((0, 1, 2, 3, 4, 5, 6, 7, 8, 9, 10, 11, 12, 13, 14, 15, 16, 17, 18, 19, 20, 21, 22, 23, 24, 25, 26, 27, 28, 29, 30, 31, 32, 33, 34, 35, 36, 37, 38, 39, 40, 41, 42, 43, 44, 45, 46, 47, 48, 49), (1, 0, 3, 2, 5, 4, 7, 6, 9, 8, 11, 10, 13, 12, 15, 14, 17, 16, 19, 18, 21, 20, 23, 22, 25, 24, 27, 26, 29, 28, 31, 30, 33, 32, 35, 34, 37, 36, 39, 38, 41, 40, 43, 42, 45, 44, 47, 46, 49, 48), (2, 3, 4, 5, 6, 7, 8, 9, 0, 1, 12, 13, 14, 15, 16, 17, 18, 19, 10, 11, 22, 23, 24, 25, 26, 27, 28, 29, 20, 21, 32, 33, 34, 35, 36, 37, 38, 39, 30, 31, 42, 43, 44, 45, 46, 47, 48, 49, 40, 41), (3, 2, 5, 4, 7, 6, 9, 8, 1, 0, 13, 12, 15, 14, 17, 16, 19, 18, 11, 10, 23, 22, 25, 24, 27, 26, 29, 28, 21, 20, 33, 32, 35, 34, 37, 36, 39, 38, 31, 30, 43, 42, 45, 44, 47, 46, 49, 48, 41, 40), (4, 5, 6, 7, 8, 9, 0, 1, 2, 3, 14, 15, 16, 17, 18, 19, 10, 11, 12, 13, 24, 25, 26, 27, 28, 29, 20, 21, 22, 23, 34, 35, 36, 37, 38, 39, 30, 31, 32, 33, 44, 45, 46, 47, 48, 49, 40, 41, 42, 43), (5, 4, 7, 6, 9, 8, 1, 0, 3, 2, 15, 14, 17, 16, 19, 18, 11, 10, 13, 12, 25, 24, 27, 26, 29, 28, 21, 20, 23, 22, 35, 34, 37, 36, 39, 38, 31, 30, 33, 32, 45, 44, 47, 46, 49, 48, 41, 40, 43, 42), (6, 7, 8, 9, 0, 1, 2, 3, 4, 5, 16, 17, 18, 19, 10, 11, 12, 13, 14, 15, 26, 27, 28, 29, 20, 21, 22, 23, 24, 25, 36, 37, 38, 39, 30, 31, 32, 33, 34, 35, 46, 47, 48, 49, 40, 41, 42, 43, 44, 45), (7, 6, 9, 8, 1, 0, 3, 2, 5, 4, 17, 16, 19, 18, 11, 10, 13, 12, 15, 14, 27, 26, 29, 28, 21, 20, 23, 22, 25, 24, 37, 36, 39, 38, 31, 30, 33, 32, 35, 34, 47, 46, 49, 48, 41, 40, 43, 42, 45, 44), (8, 9, 0, 1, 2, 3, 4, 5, 6, 7, 18, 19, 10, 11, 12, 13, 14, 15, 16, 17, 28, 29, 20, 21, 22, 23, 24, 25, 26, 27, 38, 39, 30, 31, 32, 33, 34, 35, 36, 37, 48, 49, 40, 41, 42, 43, 44, 45, 46, 47), (9, 8, 1, 0, 3, 2, 5, 4, 7, 6, 19, 18, 11, 10, 13, 12, 15, 14, 17, 16, 29, 28, 21, 20, 23, 22, 25, 24, 27, 26, 39, 38, 31, 30, 33, 32, 35, 34, 37, 36, 49, 48, 41, 40, 43, 42, 45, 44, 47, 46), (10, 11, 12, 13, 14, 15, 16, 17, 18, 19, 20, 21, 22, 23, 24, 25, 26, 27, 28, 29, 30, 31, 32, 33, 34, 35, 36, 37, 38, 39, 40, 41, 42, 43, 44, 45, 46, 47, 48, 49, 0, 1, 2, 3, 4, 5, 6, 7, 8, 9), (11, 10, 13, 12, 15, 14, 17, 16, 19, 18, 21, 20, 23, 22, 25, 24, 27, 26, 29, 28, 31, 30, 33, 32, 35, 34, 37, 36, 39, 38, 41, 40, 43, 42, 45, 44, 47, 46, 49, 48, 1, 0, 3, 2, 5, 4, 7, 6, 9, 8), (12, 13, 14, 15, 16, 17, 18, 19, 10, 11, 22, 23, 24, 25, 26, 27, 28, 29, 20, 21, 32, 33, 34, 35, 36, 37, 38, 39, 30, 31, 42, 43, 44, 45, 46, 47, 48, 49, 40, 41, 2, 3, 4, 5, 6, 7, 8, 9, 0, 1), (13, 12, 15, 14, 17, 16, 19, 18, 11, 10, 23, 22, 25, 24, 27, 26, 29, 28, 21, 20, 33, 32, 35, 34, 37, 36, 39, 38, 31, 30, 43, 42, 45, 44, 47, 46, 49, 48, 41, 40, 3, 2, 5, 4, 7, 6, 9, 8, 1, 0), (14, 15, 16, 17, 18, 19, 10, 11, 12, 13, 24, 25, 26, 27, 28, 29, 20, 21, 22, 23, 34, 35, 36, 37, 38, 39, 30, 31, 32, 33, 44, 45, 46, 47, 48, 49, 40, 41, 42, 43, 4, 5, 6, 7, 8, 9, 0, 1, 2, 3), (15, 14, 17, 16, 19, 18, 11, 10, 13, 12, 25, 24, 27, 26, 29, 28, 21, 20, 23, 22, 35, 34, 37, 36, 39, 38, 31, 30, 33, 32, 45, 44, 47, 46, 49, 48, 41, 40, 43, 42, 5, 4, 7, 6, 9, 8, 1, 0, 3, 2), (16, 17, 18, 19, 10, 11, 12, 13, 14, 15, 26, 27, 28, 29, 20, 21, 22, 23, 24, 25, 36, 37, 38, 39, 30, 31, 32, 33, 34, 35, 46, 47, 48, 49, 40, 41, 42, 43, 44, 45, 6, 7, 8, 9, 0, 1, 2, 3, 4, 5), (17, 16, 19, 18, 11, 10, 13, 12, 15, 14, 27, 26, 29, 28, 21, 20, 23, 22, 25, 24, 37, 36, 39, 38, 31, 30, 33, 32, 35, 34, 47, 46, 49, 48, 41, 40, 43, 42, 45, 44, 7, 6, 9, 8, 1, 0, 3, 2, 5, 4), (18, 19, 10, 11, 12, 13, 14, 15, 16, 17, 28, 29, 20, 21, 22, 23, 24, 25, 26, 27, 38, 39, 30, 31, 32, 33, 34, 35, 36, 37, 48, 49, 40, 41, 42, 43, 44, 45, 46, 47, 8, 9, 0, 1, 2, 3, 4, 5, 6, 7), (19, 18, 11, 10, 13, 12, 15, 14, 17, 16, 29, 28, 21, 20, 23, 22, 25, 24, 27, 26, 39, 38, 31, 30, 33, 32, 35, 34, 37, 36, 49, 48, 41, 40, 43, 42, 45, 44, 47, 46, 9, 8, 1, 0, 3, 2, 5, 4, 7, 6), (20, 21, 22, 23, 24, 25, 26, 27, 28, 29, 30, 31, 32, 33, 34, 35, 36, 37, 38, 39, 40, 41, 42, 43, 44, 45, 46, 47, 48, 49, 0, 1, 2, 3, 4, 5, 6, 7, 8, 9, 10, 11, 12, 13, 14, 15, 16, 17, 18, 19), (21, 20, 23, 22, 25, 24, 27, 26, 29, 28, 31, 30, 33, 32, 35, 34, 37, 36, 39, 38, 41, 40, 43, 42, 45, 44, 47, 46, 49, 48, 1, 0, 3, 2, 5, 4, 7, 6, 9, 8, 11, 10, 13, 12, 15, 14, 17, 16, 19, 18), (22, 23, 24, 25, 26, 27, 28, 29, 20, 21, 32, 33, 34, 35, 36, 37, 38, 39, 30, 31, 42, 43, 44, 45, 46, 47, 48, 49, 40, 41, 2, 3, 4, 5, 6, 7, 8, 9, 0, 1, 12, 13, 14, 15, 16, 17, 18, 19, 10, 11), (23, 22, 25, 24, 27, 26, 29, 28, 21, 20, 33, 32, 35, 34, 37, 36, 39, 38, 31, 30, 43, 42, 45, 44, 47, 46, 49, 48, 41, 40, 3, 2, 5, 4, 7, 6, 9, 8, 1, 0, 13, 12, 15, 14, 17, 16, 19, 18, 11, 10), (24, 25, 26, 27, 28, 29, 20, 21, 22, 23, 34, 35, 36, 37, 38, 39, 30, 31, 32, 33, 44, 45, 46, 47, 48, 49, 40, 41, 42, 43, 4, 5, 6, 7, 8, 9, 0, 1, 2, 3, 14, 15, 16, 17, 18, 19, 10, 11, 12, 13), (25, 24, 27, 26, 29, 28, 21, 20, 23, 22, 35, 34, 37, 36, 39, 38, 31, 30, 33, 32, 45, 44, 47, 46, 49, 48, 41, 40, 43, 42, 5, 4, 7, 6, 9, 8, 1, 0, 3, 2, 15, 14, 17, 16, 19, 18, 11, 10, 13, 12), (26, 27, 28, 29, 20, 21, 22, 23, 24, 25, 36, 37, 38, 39, 30, 31, 32, 33, 34, 35, 46, 47, 48, 49, 40, 41, 42, 43, 44, 45, 6, 7, 8, 9, 0, 1, 2, 3, 4, 5, 16, 17, 18, 19, 10, 11, 12, 13, 14, 15), (27, 26, 29, 28, 21, 20, 23, 22, 25, 24, 37, 36, 39, 38, 31, 30, 33, 32, 35, 34, 47, 46, 49, 48, 41, 40, 43, 42, 45, 44, 7, 6, 9, 8, 1, 0, 3, 2, 5, 4, 17, 16, 19, 18, 11, 10, 13, 12, 15, 14), (28, 29, 20, 21, 22, 23, 24, 25, 26, 27, 38, 39, 30, 31, 32, 33, 34, 35, 36, 37, 48, 49, 40, 41, 42, 43, 44, 45, 46, 47, 8, 9, 0, 1, 2, 3, 4, 5, 6, 7, 18, 19, 10, 11, 12, 13, 14, 15, 16, 17), (29, 28, 21, 20, 23, 22, 25, 24, 27, 26, 39, 38, 31, 30, 33, 32, 35, 34, 37, 36, 49, 48, 41, 40, 43, 42, 45, 44, 47, 46, 9, 8, 1, 0, 3, 2, 5, 4, 7, 6, 19, 18, 11, 10, 13, 12, 15, 14, 17, 16), (30, 31, 32, 33, 34, 35, 36, 37, 38, 39, 40, 41, 42, 43, 44, 45, 46, 47, 48, 49, 0, 1, 2, 3, 4, 5, 6, 7, 8, 9, 10, 11, 12, 13, 14, 15, 16, 17, 18, 19, 20, 21, 22, 23, 24, 25, 26, 27, 28, 29), (31, 30, 33, 32, 35, 34, 37, 36, 39, 38, 41, 40, 43, 42, 45, 44, 47, 46, 49, 48, 1, 0, 3, 2, 5, 4, 7, 6, 9, 8, 11, 10, 13, 12, 15, 14, 17, 16, 19, 18, 21, 20, 23, 22, 25, 24, 27, 26, 29, 28), (32, 33, 34, 35, 36, 37, 38, 39, 30, 31, 42, 43, 44, 45, 46, 47, 48, 49, 40, 41, 2, 3, 4, 5, 6, 7, 8, 9, 0, 1, 12, 13, 14, 15, 16, 17, 18, 19, 10, 11, 22, 23, 24, 25, 26, 27, 28, 29, 20, 21), (33, 32, 35, 34, 37, 36, 39, 38, 31, 30, 43, 42, 45, 44, 47, 46, 49, 48, 41, 40, 3, 2, 5, 4, 7, 6, 9, 8, 1, 0, 13, 12, 15, 14, 17, 16, 19, 18, 11, 10, 23, 22, 25, 24, 27, 26, 29, 28, 21, 20), (34, 35, 36, 37, 38, 39, 30, 31, 32, 33, 44, 45, 46, 47, 48, 49, 40, 41, 42, 43, 4, 5, 6, 7, 8, 9, 0, 1, 2, 3, 14, 15, 16, 17, 18, 19, 10, 11, 12, 13, 24, 25, 26, 27, 28, 29, 20, 21, 22, 23), (35, 34, 37, 36, 39, 38, 31, 30, 33, 32, 45, 44, 47, 46, 49, 48, 41, 40, 43, 42, 5, 4, 7, 6, 9, 8, 1, 0, 3, 2, 15, 14, 17, 16, 19, 18, 11, 10, 13, 12, 25, 24, 27, 26, 29, 28, 21, 20, 23, 22), (36, 37, 38, 39, 30, 31, 32, 33, 34, 35, 46, 47, 48, 49, 40, 41, 42, 43, 44, 45, 6, 7, 8, 9, 0, 1, 2, 3, 4, 5, 16, 17, 18, 19, 10, 11, 12, 13, 14, 15, 26, 27, 28, 29, 20, 21, 22, 23, 24, 25), (37, 36, 39, 38, 31, 30, 33, 32, 35, 34, 47, 46, 49, 48, 41, 40, 43, 42, 45, 44, 7, 6, 9, 8, 1, 0, 3, 2, 5, 4, 17, 16, 19, 18, 11, 10, 13, 12, 15, 14, 27, 26, 29, 28, 21, 20, 23, 22, 25, 24), (38, 39, 30, 31, 32, 33, 34, 35, 36, 37, 48, 49, 40, 41, 42, 43, 44, 45, 46, 47, 8, 9, 0, 1, 2, 3, 4, 5, 6, 7, 18, 19, 10, 11, 12, 13, 14, 15, 16, 17, 28, 29, 20, 21, 22, 23, 24, 25, 26, 27), (39, 38, 31, 30, 33, 32, 35, 34, 37, 36, 49, 48, 41, 40, 43, 42, 45, 44, 47, 46, 9, 8, 1, 0, 3, 2, 5, 4, 7, 6, 19, 18, 11, 10, 13, 12, 15, 14, 17, 16, 29, 28, 21, 20, 23, 22, 25, 24, 27, 26), (40, 41, 42, 43, 44, 45, 46, 47, 48, 49, 0, 1, 2, 3, 4, 5, 6, 7, 8, 9, 10, 11, 12, 13, 14, 15, 16, 17, 18, 19, 20, 21, 22, 23, 24, 25, 26, 27, 28, 29, 30, 31, 32, 33, 34, 35, 36, 37, 38, 39), (41, 40, 43, 42, 45, 44, 47, 46, 49, 48, 1, 0, 3, 2, 5, 4, 7, 6, 9, 8, 11, 10, 13, 12, 15, 14, 17, 16, 19, 18, 21, 20, 23, 22, 25, 24, 27, 26, 29, 28, 31, 30, 33, 32, 35, 34, 37, 36, 39, 38), (42, 43, 44, 45, 46, 47, 48, 49, 40, 41, 2, 3, 4, 5, 6, 7, 8, 9, 0, 1, 12, 13, 14, 15, 16, 17, 18, 19, 10, 11, 22, 23, 24, 25, 26, 27, 28, 29, 20, 21, 32, 33, 34, 35, 36, 37, 38, 39, 30, 31), (43, 42, 45, 44, 47, 46, 49, 48, 41, 40, 3, 2, 5, 4, 7, 6, 9, 8, 1, 0, 13, 12, 15, 14, 17, 16, 19, 18, 11, 10, 23, 22, 25, 24, 27, 26, 29, 28, 21, 20, 33, 32, 35, 34, 37, 36, 39, 38, 31, 30), (44, 45, 46, 47, 48, 49, 40, 41, 42, 43, 4, 5, 6, 7, 8, 9, 0, 1, 2, 3, 14, 15, 16, 17, 18, 19, 10, 11, 12, 13, 24, 25, 26, 27, 28, 29, 20, 21, 22, 23, 34, 35, 36, 37, 38, 39, 30, 31, 32, 33), (45, 44, 47, 46, 49, 48, 41, 40, 43, 42, 5, 4, 7, 6, 9, 8, 1, 0, 3, 2, 15, 14, 17, 16, 19, 18, 11, 10, 13, 12, 25, 24, 27, 26, 29, 28, 21, 20, 23, 22, 35, 34, 37, 36, 39, 38, 31, 30, 33, 32), (46, 47, 48, 49, 40, 41, 42, 43, 44, 45, 6, 7, 8, 9, 0, 1, 2, 3, 4, 5, 16, 17, 18, 19, 10, 11, 12, 13, 14, 15, 26, 27, 28, 29, 20, 21, 22, 23, 24, 25, 36, 37, 38, 39, 30, 31, 32, 33, 34, 35), (47, 46, 49, 48, 41, 40, 43, 42, 45, 44, 7, 6, 9, 8, 1, 0, 3, 2, 5, 4, 17, 16, 19, 18, 11, 10, 13, 12, 15, 14, 27, 26, 29, 28, 21, 20, 23, 22, 25, 24, 37, 36, 39, 38, 31, 30, 33, 32, 35, 34), (48, 49, 40, 41, 42, 43, 44, 45, 46, 47, 8, 9, 0, 1, 2, 3, 4, 5, 6, 7, 18, 19, 10, 11, 12, 13, 14, 15, 16, 17, 28, 29, 20, 21, 22, 23, 24, 25, 26, 27, 38, 39, 30, 31, 32, 33, 34, 35, 36, 37), (49, 48, 41, 40, 43, 42, 45, 44, 47, 46, 9, 8, 1, 0, 3, 2, 5, 4, 7, 6, 19, 18, 11, 10, 13, 12, 15, 14, 17, 16, 29, 28, 21, 20, 23, 22, 25, 24, 27, 26, 39, 38, 31, 30, 33, 32, 35, 34, 37, 36))






============================================================
G50_25x2
idx2ordered_element = ((), ((Generator('mirror'), 1),), ((Generator('rotation0'), 1),), ((Generator('rotation0'), 1), (Generator('mirror'), 1)), ((Generator('rotation0'), 2),), ((Generator('rotation0'), 2), (Generator('mirror'), 1)), ((Generator('rotation0'), 3),), ((Generator('rotation0'), 3), (Generator('mirror'), 1)), ((Generator('rotation0'), 4),), ((Generator('rotation0'), 4), (Generator('mirror'), 1)), ((Generator('rotation0'), 5),), ((Generator('rotation0'), 5), (Generator('mirror'), 1)), ((Generator('rotation0'), 6),), ((Generator('rotation0'), 6), (Generator('mirror'), 1)), ((Generator('rotation0'), 7),), ((Generator('rotation0'), 7), (Generator('mirror'), 1)), ((Generator('rotation0'), 8),), ((Generator('rotation0'), 8), (Generator('mirror'), 1)), ((Generator('rotation0'), 9),), ((Generator('rotation0'), 9), (Generator('mirror'), 1)), ((Generator('rotation0'), 10),), ((Generator('rotation0'), 10), (Generator('mirror'), 1)), ((Generator('rotation0'), 11),), ((Generator('rotation0'), 11), (Generator('mirror'), 1)), ((Generator('rotation0'), 12),), ((Generator('rotation0'), 12), (Generator('mirror'), 1)), ((Generator('rotation0'), 13),), ((Generator('rotation0'), 13), (Generator('mirror'), 1)), ((Generator('rotation0'), 14),), ((Generator('rotation0'), 14), (Generator('mirror'), 1)), ((Generator('rotation0'), 15),), ((Generator('rotation0'), 15), (Generator('mirror'), 1)), ((Generator('rotation0'), 16),), ((Generator('rotation0'), 16), (Generator('mirror'), 1)), ((Generator('rotation0'), 17),), ((Generator('rotation0'), 17), (Generator('mirror'), 1)), ((Generator('rotation0'), 18),), ((Generator('rotation0'), 18), (Generator('mirror'), 1)), ((Generator('rotation0'), 19),), ((Generator('rotation0'), 19), (Generator('mirror'), 1)), ((Generator('rotation0'), 20),), ((Generator('rotation0'), 20), (Generator('mirror'), 1)), ((Generator('rotation0'), 21),), ((Generator('rotation0'), 21), (Generator('mirror'), 1)), ((Generator('rotation0'), 22),), ((Generator('rotation0'), 22), (Generator('mirror'), 1)), ((Generator('rotation0'), 23),), ((Generator('rotation0'), 23), (Generator('mirror'), 1)), ((Generator('rotation0'), 24),), ((Generator('rotation0'), 24), (Generator('mirror'), 1)))
mul_table = ((0, 1, 2, 3, 4, 5, 6, 7, 8, 9, 10, 11, 12, 13, 14, 15, 16, 17, 18, 19, 20, 21, 22, 23, 24, 25, 26, 27, 28, 29, 30, 31, 32, 33, 34, 35, 36, 37, 38, 39, 40, 41, 42, 43, 44, 45, 46, 47, 48, 49), (1, 0, 3, 2, 5, 4, 7, 6, 9, 8, 11, 10, 13, 12, 15, 14, 17, 16, 19, 18, 21, 20, 23, 22, 25, 24, 27, 26, 29, 28, 31, 30, 33, 32, 35, 34, 37, 36, 39, 38, 41, 40, 43, 42, 45, 44, 47, 46, 49, 48), (2, 3, 4, 5, 6, 7, 8, 9, 10, 11, 12, 13, 14, 15, 16, 17, 18, 19, 20, 21, 22, 23, 24, 25, 26, 27, 28, 29, 30, 31, 32, 33, 34, 35, 36, 37, 38, 39, 40, 41, 42, 43, 44, 45, 46, 47, 48, 49, 0, 1), (3, 2, 5, 4, 7, 6, 9, 8, 11, 10, 13, 12, 15, 14, 17, 16, 19, 18, 21, 20, 23, 22, 25, 24, 27, 26, 29, 28, 31, 30, 33, 32, 35, 34, 37, 36, 39, 38, 41, 40, 43, 42, 45, 44, 47, 46, 49, 48, 1, 0), (4, 5, 6, 7, 8, 9, 10, 11, 12, 13, 14, 15, 16, 17, 18, 19, 20, 21, 22, 23, 24, 25, 26, 27, 28, 29, 30, 31, 32, 33, 34, 35, 36, 37, 38, 39, 40, 41, 42, 43, 44, 45, 46, 47, 48, 49, 0, 1, 2, 3), (5, 4, 7, 6, 9, 8, 11, 10, 13, 12, 15, 14, 17, 16, 19, 18, 21, 20, 23, 22, 25, 24, 27, 26, 29, 28, 31, 30, 33, 32, 35, 34, 37, 36, 39, 38, 41, 40, 43, 42, 45, 44, 47, 46, 49, 48, 1, 0, 3, 2), (6, 7, 8, 9, 10, 11, 12, 13, 14, 15, 16, 17, 18, 19, 20, 21, 22, 23, 24, 25, 26, 27, 28, 29, 30, 31, 32, 33, 34, 35, 36, 37, 38, 39, 40, 41, 42, 43, 44, 45, 46, 47, 48, 49, 0, 1, 2, 3, 4, 5), (7, 6, 9, 8, 11, 10, 13, 12, 15, 14, 17, 16, 19, 18, 21, 20, 23, 22, 25, 24, 27, 26, 29, 28, 31, 30, 33, 32, 35, 34, 37, 36, 39, 38, 41, 40, 43, 42, 45, 44, 47, 46, 49, 48, 1, 0, 3, 2, 5, 4), (8, 9, 10, 11, 12, 13, 14, 15, 16, 17, 18, 19, 20, 21, 22, 23, 24, 25, 26, 27, 28, 29, 30, 31, 32, 33, 34, 35, 36, 37, 38, 39, 40, 41, 42, 43, 44, 45, 46, 47, 48, 49, 0, 1, 2, 3, 4, 5, 6, 7), (9, 8, 11, 10, 13, 12, 15, 14, 17, 16, 19, 18, 21, 20, 23, 22, 25, 24, 27, 26, 29, 28, 31, 30, 33, 32, 35, 34, 37, 36, 39, 38, 41, 40, 43, 42, 45, 44, 47, 46, 49, 48, 1, 0, 3, 2, 5, 4, 7, 6), (10, 11, 12, 13, 14, 15, 16, 17, 18, 19, 20, 21, 22, 23, 24, 25, 26, 27, 28, 29, 30, 31, 32, 33, 34, 35, 36, 37, 38, 39, 40, 41, 42, 43, 44, 45, 46, 47, 48, 49, 0, 1, 2, 3, 4, 5, 6, 7, 8, 9), (11, 10, 13, 12, 15, 14, 17, 16, 19, 18, 21, 20, 23, 22, 25, 24, 27, 26, 29, 28, 31, 30, 33, 32, 35, 34, 37, 36, 39, 38, 41, 40, 43, 42, 45, 44, 47, 46, 49, 48, 1, 0, 3, 2, 5, 4, 7, 6, 9, 8), (12, 13, 14, 15, 16, 17, 18, 19, 20, 21, 22, 23, 24, 25, 26, 27, 28, 29, 30, 31, 32, 33, 34, 35, 36, 37, 38, 39, 40, 41, 42, 43, 44, 45, 46, 47, 48, 49, 0, 1, 2, 3, 4, 5, 6, 7, 8, 9, 10, 11), (13, 12, 15, 14, 17, 16, 19, 18, 21, 20, 23, 22, 25, 24, 27, 26, 29, 28, 31, 30, 33, 32, 35, 34, 37, 36, 39, 38, 41, 40, 43, 42, 45, 44, 47, 46, 49, 48, 1, 0, 3, 2, 5, 4, 7, 6, 9, 8, 11, 10), (14, 15, 16, 17, 18, 19, 20, 21, 22, 23, 24, 25, 26, 27, 28, 29, 30, 31, 32, 33, 34, 35, 36, 37, 38, 39, 40, 41, 42, 43, 44, 45, 46, 47, 48, 49, 0, 1, 2, 3, 4, 5, 6, 7, 8, 9, 10, 11, 12, 13), (15, 14, 17, 16, 19, 18, 21, 20, 23, 22, 25, 24, 27, 26, 29, 28, 31, 30, 33, 32, 35, 34, 37, 36, 39, 38, 41, 40, 43, 42, 45, 44, 47, 46, 49, 48, 1, 0, 3, 2, 5, 4, 7, 6, 9, 8, 11, 10, 13, 12), (16, 17, 18, 19, 20, 21, 22, 23, 24, 25, 26, 27, 28, 29, 30, 31, 32, 33, 34, 35, 36, 37, 38, 39, 40, 41, 42, 43, 44, 45, 46, 47, 48, 49, 0, 1, 2, 3, 4, 5, 6, 7, 8, 9, 10, 11, 12, 13, 14, 15), (17, 16, 19, 18, 21, 20, 23, 22, 25, 24, 27, 26, 29, 28, 31, 30, 33, 32, 35, 34, 37, 36, 39, 38, 41, 40, 43, 42, 45, 44, 47, 46, 49, 48, 1, 0, 3, 2, 5, 4, 7, 6, 9, 8, 11, 10, 13, 12, 15, 14), (18, 19, 20, 21, 22, 23, 24, 25, 26, 27, 28, 29, 30, 31, 32, 33, 34, 35, 36, 37, 38, 39, 40, 41, 42, 43, 44, 45, 46, 47, 48, 49, 0, 1, 2, 3, 4, 5, 6, 7, 8, 9, 10, 11, 12, 13, 14, 15, 16, 17), (19, 18, 21, 20, 23, 22, 25, 24, 27, 26, 29, 28, 31, 30, 33, 32, 35, 34, 37, 36, 39, 38, 41, 40, 43, 42, 45, 44, 47, 46, 49, 48, 1, 0, 3, 2, 5, 4, 7, 6, 9, 8, 11, 10, 13, 12, 15, 14, 17, 16), (20, 21, 22, 23, 24, 25, 26, 27, 28, 29, 30, 31, 32, 33, 34, 35, 36, 37, 38, 39, 40, 41, 42, 43, 44, 45, 46, 47, 48, 49, 0, 1, 2, 3, 4, 5, 6, 7, 8, 9, 10, 11, 12, 13, 14, 15, 16, 17, 18, 19), (21, 20, 23, 22, 25, 24, 27, 26, 29, 28, 31, 30, 33, 32, 35, 34, 37, 36, 39, 38, 41, 40, 43, 42, 45, 44, 47, 46, 49, 48, 1, 0, 3, 2, 5, 4, 7, 6, 9, 8, 11, 10, 13, 12, 15, 14, 17, 16, 19, 18), (22, 23, 24, 25, 26, 27, 28, 29, 30, 31, 32, 33, 34, 35, 36, 37, 38, 39, 40, 41, 42, 43, 44, 45, 46, 47, 48, 49, 0, 1, 2, 3, 4, 5, 6, 7, 8, 9, 10, 11, 12, 13, 14, 15, 16, 17, 18, 19, 20, 21), (23, 22, 25, 24, 27, 26, 29, 28, 31, 30, 33, 32, 35, 34, 37, 36, 39, 38, 41, 40, 43, 42, 45, 44, 47, 46, 49, 48, 1, 0, 3, 2, 5, 4, 7, 6, 9, 8, 11, 10, 13, 12, 15, 14, 17, 16, 19, 18, 21, 20), (24, 25, 26, 27, 28, 29, 30, 31, 32, 33, 34, 35, 36, 37, 38, 39, 40, 41, 42, 43, 44, 45, 46, 47, 48, 49, 0, 1, 2, 3, 4, 5, 6, 7, 8, 9, 10, 11, 12, 13, 14, 15, 16, 17, 18, 19, 20, 21, 22, 23), (25, 24, 27, 26, 29, 28, 31, 30, 33, 32, 35, 34, 37, 36, 39, 38, 41, 40, 43, 42, 45, 44, 47, 46, 49, 48, 1, 0, 3, 2, 5, 4, 7, 6, 9, 8, 11, 10, 13, 12, 15, 14, 17, 16, 19, 18, 21, 20, 23, 22), (26, 27, 28, 29, 30, 31, 32, 33, 34, 35, 36, 37, 38, 39, 40, 41, 42, 43, 44, 45, 46, 47, 48, 49, 0, 1, 2, 3, 4, 5, 6, 7, 8, 9, 10, 11, 12, 13, 14, 15, 16, 17, 18, 19, 20, 21, 22, 23, 24, 25), (27, 26, 29, 28, 31, 30, 33, 32, 35, 34, 37, 36, 39, 38, 41, 40, 43, 42, 45, 44, 47, 46, 49, 48, 1, 0, 3, 2, 5, 4, 7, 6, 9, 8, 11, 10, 13, 12, 15, 14, 17, 16, 19, 18, 21, 20, 23, 22, 25, 24), (28, 29, 30, 31, 32, 33, 34, 35, 36, 37, 38, 39, 40, 41, 42, 43, 44, 45, 46, 47, 48, 49, 0, 1, 2, 3, 4, 5, 6, 7, 8, 9, 10, 11, 12, 13, 14, 15, 16, 17, 18, 19, 20, 21, 22, 23, 24, 25, 26, 27), (29, 28, 31, 30, 33, 32, 35, 34, 37, 36, 39, 38, 41, 40, 43, 42, 45, 44, 47, 46, 49, 48, 1, 0, 3, 2, 5, 4, 7, 6, 9, 8, 11, 10, 13, 12, 15, 14, 17, 16, 19, 18, 21, 20, 23, 22, 25, 24, 27, 26), (30, 31, 32, 33, 34, 35, 36, 37, 38, 39, 40, 41, 42, 43, 44, 45, 46, 47, 48, 49, 0, 1, 2, 3, 4, 5, 6, 7, 8, 9, 10, 11, 12, 13, 14, 15, 16, 17, 18, 19, 20, 21, 22, 23, 24, 25, 26, 27, 28, 29), (31, 30, 33, 32, 35, 34, 37, 36, 39, 38, 41, 40, 43, 42, 45, 44, 47, 46, 49, 48, 1, 0, 3, 2, 5, 4, 7, 6, 9, 8, 11, 10, 13, 12, 15, 14, 17, 16, 19, 18, 21, 20, 23, 22, 25, 24, 27, 26, 29, 28), (32, 33, 34, 35, 36, 37, 38, 39, 40, 41, 42, 43, 44, 45, 46, 47, 48, 49, 0, 1, 2, 3, 4, 5, 6, 7, 8, 9, 10, 11, 12, 13, 14, 15, 16, 17, 18, 19, 20, 21, 22, 23, 24, 25, 26, 27, 28, 29, 30, 31), (33, 32, 35, 34, 37, 36, 39, 38, 41, 40, 43, 42, 45, 44, 47, 46, 49, 48, 1, 0, 3, 2, 5, 4, 7, 6, 9, 8, 11, 10, 13, 12, 15, 14, 17, 16, 19, 18, 21, 20, 23, 22, 25, 24, 27, 26, 29, 28, 31, 30), (34, 35, 36, 37, 38, 39, 40, 41, 42, 43, 44, 45, 46, 47, 48, 49, 0, 1, 2, 3, 4, 5, 6, 7, 8, 9, 10, 11, 12, 13, 14, 15, 16, 17, 18, 19, 20, 21, 22, 23, 24, 25, 26, 27, 28, 29, 30, 31, 32, 33), (35, 34, 37, 36, 39, 38, 41, 40, 43, 42, 45, 44, 47, 46, 49, 48, 1, 0, 3, 2, 5, 4, 7, 6, 9, 8, 11, 10, 13, 12, 15, 14, 17, 16, 19, 18, 21, 20, 23, 22, 25, 24, 27, 26, 29, 28, 31, 30, 33, 32), (36, 37, 38, 39, 40, 41, 42, 43, 44, 45, 46, 47, 48, 49, 0, 1, 2, 3, 4, 5, 6, 7, 8, 9, 10, 11, 12, 13, 14, 15, 16, 17, 18, 19, 20, 21, 22, 23, 24, 25, 26, 27, 28, 29, 30, 31, 32, 33, 34, 35), (37, 36, 39, 38, 41, 40, 43, 42, 45, 44, 47, 46, 49, 48, 1, 0, 3, 2, 5, 4, 7, 6, 9, 8, 11, 10, 13, 12, 15, 14, 17, 16, 19, 18, 21, 20, 23, 22, 25, 24, 27, 26, 29, 28, 31, 30, 33, 32, 35, 34), (38, 39, 40, 41, 42, 43, 44, 45, 46, 47, 48, 49, 0, 1, 2, 3, 4, 5, 6, 7, 8, 9, 10, 11, 12, 13, 14, 15, 16, 17, 18, 19, 20, 21, 22, 23, 24, 25, 26, 27, 28, 29, 30, 31, 32, 33, 34, 35, 36, 37), (39, 38, 41, 40, 43, 42, 45, 44, 47, 46, 49, 48, 1, 0, 3, 2, 5, 4, 7, 6, 9, 8, 11, 10, 13, 12, 15, 14, 17, 16, 19, 18, 21, 20, 23, 22, 25, 24, 27, 26, 29, 28, 31, 30, 33, 32, 35, 34, 37, 36), (40, 41, 42, 43, 44, 45, 46, 47, 48, 49, 0, 1, 2, 3, 4, 5, 6, 7, 8, 9, 10, 11, 12, 13, 14, 15, 16, 17, 18, 19, 20, 21, 22, 23, 24, 25, 26, 27, 28, 29, 30, 31, 32, 33, 34, 35, 36, 37, 38, 39), (41, 40, 43, 42, 45, 44, 47, 46, 49, 48, 1, 0, 3, 2, 5, 4, 7, 6, 9, 8, 11, 10, 13, 12, 15, 14, 17, 16, 19, 18, 21, 20, 23, 22, 25, 24, 27, 26, 29, 28, 31, 30, 33, 32, 35, 34, 37, 36, 39, 38), (42, 43, 44, 45, 46, 47, 48, 49, 0, 1, 2, 3, 4, 5, 6, 7, 8, 9, 10, 11, 12, 13, 14, 15, 16, 17, 18, 19, 20, 21, 22, 23, 24, 25, 26, 27, 28, 29, 30, 31, 32, 33, 34, 35, 36, 37, 38, 39, 40, 41), (43, 42, 45, 44, 47, 46, 49, 48, 1, 0, 3, 2, 5, 4, 7, 6, 9, 8, 11, 10, 13, 12, 15, 14, 17, 16, 19, 18, 21, 20, 23, 22, 25, 24, 27, 26, 29, 28, 31, 30, 33, 32, 35, 34, 37, 36, 39, 38, 41, 40), (44, 45, 46, 47, 48, 49, 0, 1, 2, 3, 4, 5, 6, 7, 8, 9, 10, 11, 12, 13, 14, 15, 16, 17, 18, 19, 20, 21, 22, 23, 24, 25, 26, 27, 28, 29, 30, 31, 32, 33, 34, 35, 36, 37, 38, 39, 40, 41, 42, 43), (45, 44, 47, 46, 49, 48, 1, 0, 3, 2, 5, 4, 7, 6, 9, 8, 11, 10, 13, 12, 15, 14, 17, 16, 19, 18, 21, 20, 23, 22, 25, 24, 27, 26, 29, 28, 31, 30, 33, 32, 35, 34, 37, 36, 39, 38, 41, 40, 43, 42), (46, 47, 48, 49, 0, 1, 2, 3, 4, 5, 6, 7, 8, 9, 10, 11, 12, 13, 14, 15, 16, 17, 18, 19, 20, 21, 22, 23, 24, 25, 26, 27, 28, 29, 30, 31, 32, 33, 34, 35, 36, 37, 38, 39, 40, 41, 42, 43, 44, 45), (47, 46, 49, 48, 1, 0, 3, 2, 5, 4, 7, 6, 9, 8, 11, 10, 13, 12, 15, 14, 17, 16, 19, 18, 21, 20, 23, 22, 25, 24, 27, 26, 29, 28, 31, 30, 33, 32, 35, 34, 37, 36, 39, 38, 41, 40, 43, 42, 45, 44), (48, 49, 0, 1, 2, 3, 4, 5, 6, 7, 8, 9, 10, 11, 12, 13, 14, 15, 16, 17, 18, 19, 20, 21, 22, 23, 24, 25, 26, 27, 28, 29, 30, 31, 32, 33, 34, 35, 36, 37, 38, 39, 40, 41, 42, 43, 44, 45, 46, 47), (49, 48, 1, 0, 3, 2, 5, 4, 7, 6, 9, 8, 11, 10, 13, 12, 15, 14, 17, 16, 19, 18, 21, 20, 23, 22, 25, 24, 27, 26, 29, 28, 31, 30, 33, 32, 35, 34, 37, 36, 39, 38, 41, 40, 43, 42, 45, 44, 47, 46))






============================================================
G50_25i2
idx2ordered_element = ((), ((Generator('mirror'), 1),), ((Generator('rotation0'), 1),), ((Generator('rotation0'), 1), (Generator('mirror'), 1)), ((Generator('rotation0'), 2),), ((Generator('rotation0'), 2), (Generator('mirror'), 1)), ((Generator('rotation0'), 3),), ((Generator('rotation0'), 3), (Generator('mirror'), 1)), ((Generator('rotation0'), 4),), ((Generator('rotation0'), 4), (Generator('mirror'), 1)), ((Generator('rotation0'), 5),), ((Generator('rotation0'), 5), (Generator('mirror'), 1)), ((Generator('rotation0'), 6),), ((Generator('rotation0'), 6), (Generator('mirror'), 1)), ((Generator('rotation0'), 7),), ((Generator('rotation0'), 7), (Generator('mirror'), 1)), ((Generator('rotation0'), 8),), ((Generator('rotation0'), 8), (Generator('mirror'), 1)), ((Generator('rotation0'), 9),), ((Generator('rotation0'), 9), (Generator('mirror'), 1)), ((Generator('rotation0'), 10),), ((Generator('rotation0'), 10), (Generator('mirror'), 1)), ((Generator('rotation0'), 11),), ((Generator('rotation0'), 11), (Generator('mirror'), 1)), ((Generator('rotation0'), 12),), ((Generator('rotation0'), 12), (Generator('mirror'), 1)), ((Generator('rotation0'), 13),), ((Generator('rotation0'), 13), (Generator('mirror'), 1)), ((Generator('rotation0'), 14),), ((Generator('rotation0'), 14), (Generator('mirror'), 1)), ((Generator('rotation0'), 15),), ((Generator('rotation0'), 15), (Generator('mirror'), 1)), ((Generator('rotation0'), 16),), ((Generator('rotation0'), 16), (Generator('mirror'), 1)), ((Generator('rotation0'), 17),), ((Generator('rotation0'), 17), (Generator('mirror'), 1)), ((Generator('rotation0'), 18),), ((Generator('rotation0'), 18), (Generator('mirror'), 1)), ((Generator('rotation0'), 19),), ((Generator('rotation0'), 19), (Generator('mirror'), 1)), ((Generator('rotation0'), 20),), ((Generator('rotation0'), 20), (Generator('mirror'), 1)), ((Generator('rotation0'), 21),), ((Generator('rotation0'), 21), (Generator('mirror'), 1)), ((Generator('rotation0'), 22),), ((Generator('rotation0'), 22), (Generator('mirror'), 1)), ((Generator('rotation0'), 23),), ((Generator('rotation0'), 23), (Generator('mirror'), 1)), ((Generator('rotation0'), 24),), ((Generator('rotation0'), 24), (Generator('mirror'), 1)))
mul_table = ((0, 1, 2, 3, 4, 5, 6, 7, 8, 9, 10, 11, 12, 13, 14, 15, 16, 17, 18, 19, 20, 21, 22, 23, 24, 25, 26, 27, 28, 29, 30, 31, 32, 33, 34, 35, 36, 37, 38, 39, 40, 41, 42, 43, 44, 45, 46, 47, 48, 49), (1, 0, 49, 48, 47, 46, 45, 44, 43, 42, 41, 40, 39, 38, 37, 36, 35, 34, 33, 32, 31, 30, 29, 28, 27, 26, 25, 24, 23, 22, 21, 20, 19, 18, 17, 16, 15, 14, 13, 12, 11, 10, 9, 8, 7, 6, 5, 4, 3, 2), (2, 3, 4, 5, 6, 7, 8, 9, 10, 11, 12, 13, 14, 15, 16, 17, 18, 19, 20, 21, 22, 23, 24, 25, 26, 27, 28, 29, 30, 31, 32, 33, 34, 35, 36, 37, 38, 39, 40, 41, 42, 43, 44, 45, 46, 47, 48, 49, 0, 1), (3, 2, 1, 0, 49, 48, 47, 46, 45, 44, 43, 42, 41, 40, 39, 38, 37, 36, 35, 34, 33, 32, 31, 30, 29, 28, 27, 26, 25, 24, 23, 22, 21, 20, 19, 18, 17, 16, 15, 14, 13, 12, 11, 10, 9, 8, 7, 6, 5, 4), (4, 5, 6, 7, 8, 9, 10, 11, 12, 13, 14, 15, 16, 17, 18, 19, 20, 21, 22, 23, 24, 25, 26, 27, 28, 29, 30, 31, 32, 33, 34, 35, 36, 37, 38, 39, 40, 41, 42, 43, 44, 45, 46, 47, 48, 49, 0, 1, 2, 3), (5, 4, 3, 2, 1, 0, 49, 48, 47, 46, 45, 44, 43, 42, 41, 40, 39, 38, 37, 36, 35, 34, 33, 32, 31, 30, 29, 28, 27, 26, 25, 24, 23, 22, 21, 20, 19, 18, 17, 16, 15, 14, 13, 12, 11, 10, 9, 8, 7, 6), (6, 7, 8, 9, 10, 11, 12, 13, 14, 15, 16, 17, 18, 19, 20, 21, 22, 23, 24, 25, 26, 27, 28, 29, 30, 31, 32, 33, 34, 35, 36, 37, 38, 39, 40, 41, 42, 43, 44, 45, 46, 47, 48, 49, 0, 1, 2, 3, 4, 5), (7, 6, 5, 4, 3, 2, 1, 0, 49, 48, 47, 46, 45, 44, 43, 42, 41, 40, 39, 38, 37, 36, 35, 34, 33, 32, 31, 30, 29, 28, 27, 26, 25, 24, 23, 22, 21, 20, 19, 18, 17, 16, 15, 14, 13, 12, 11, 10, 9, 8), (8, 9, 10, 11, 12, 13, 14, 15, 16, 17, 18, 19, 20, 21, 22, 23, 24, 25, 26, 27, 28, 29, 30, 31, 32, 33, 34, 35, 36, 37, 38, 39, 40, 41, 42, 43, 44, 45, 46, 47, 48, 49, 0, 1, 2, 3, 4, 5, 6, 7), (9, 8, 7, 6, 5, 4, 3, 2, 1, 0, 49, 48, 47, 46, 45, 44, 43, 42, 41, 40, 39, 38, 37, 36, 35, 34, 33, 32, 31, 30, 29, 28, 27, 26, 25, 24, 23, 22, 21, 20, 19, 18, 17, 16, 15, 14, 13, 12, 11, 10), (10, 11, 12, 13, 14, 15, 16, 17, 18, 19, 20, 21, 22, 23, 24, 25, 26, 27, 28, 29, 30, 31, 32, 33, 34, 35, 36, 37, 38, 39, 40, 41, 42, 43, 44, 45, 46, 47, 48, 49, 0, 1, 2, 3, 4, 5, 6, 7, 8, 9), (11, 10, 9, 8, 7, 6, 5, 4, 3, 2, 1, 0, 49, 48, 47, 46, 45, 44, 43, 42, 41, 40, 39, 38, 37, 36, 35, 34, 33, 32, 31, 30, 29, 28, 27, 26, 25, 24, 23, 22, 21, 20, 19, 18, 17, 16, 15, 14, 13, 12), (12, 13, 14, 15, 16, 17, 18, 19, 20, 21, 22, 23, 24, 25, 26, 27, 28, 29, 30, 31, 32, 33, 34, 35, 36, 37, 38, 39, 40, 41, 42, 43, 44, 45, 46, 47, 48, 49, 0, 1, 2, 3, 4, 5, 6, 7, 8, 9, 10, 11), (13, 12, 11, 10, 9, 8, 7, 6, 5, 4, 3, 2, 1, 0, 49, 48, 47, 46, 45, 44, 43, 42, 41, 40, 39, 38, 37, 36, 35, 34, 33, 32, 31, 30, 29, 28, 27, 26, 25, 24, 23, 22, 21, 20, 19, 18, 17, 16, 15, 14), (14, 15, 16, 17, 18, 19, 20, 21, 22, 23, 24, 25, 26, 27, 28, 29, 30, 31, 32, 33, 34, 35, 36, 37, 38, 39, 40, 41, 42, 43, 44, 45, 46, 47, 48, 49, 0, 1, 2, 3, 4, 5, 6, 7, 8, 9, 10, 11, 12, 13), (15, 14, 13, 12, 11, 10, 9, 8, 7, 6, 5, 4, 3, 2, 1, 0, 49, 48, 47, 46, 45, 44, 43, 42, 41, 40, 39, 38, 37, 36, 35, 34, 33, 32, 31, 30, 29, 28, 27, 26, 25, 24, 23, 22, 21, 20, 19, 18, 17, 16), (16, 17, 18, 19, 20, 21, 22, 23, 24, 25, 26, 27, 28, 29, 30, 31, 32, 33, 34, 35, 36, 37, 38, 39, 40, 41, 42, 43, 44, 45, 46, 47, 48, 49, 0, 1, 2, 3, 4, 5, 6, 7, 8, 9, 10, 11, 12, 13, 14, 15), (17, 16, 15, 14, 13, 12, 11, 10, 9, 8, 7, 6, 5, 4, 3, 2, 1, 0, 49, 48, 47, 46, 45, 44, 43, 42, 41, 40, 39, 38, 37, 36, 35, 34, 33, 32, 31, 30, 29, 28, 27, 26, 25, 24, 23, 22, 21, 20, 19, 18), (18, 19, 20, 21, 22, 23, 24, 25, 26, 27, 28, 29, 30, 31, 32, 33, 34, 35, 36, 37, 38, 39, 40, 41, 42, 43, 44, 45, 46, 47, 48, 49, 0, 1, 2, 3, 4, 5, 6, 7, 8, 9, 10, 11, 12, 13, 14, 15, 16, 17), (19, 18, 17, 16, 15, 14, 13, 12, 11, 10, 9, 8, 7, 6, 5, 4, 3, 2, 1, 0, 49, 48, 47, 46, 45, 44, 43, 42, 41, 40, 39, 38, 37, 36, 35, 34, 33, 32, 31, 30, 29, 28, 27, 26, 25, 24, 23, 22, 21, 20), (20, 21, 22, 23, 24, 25, 26, 27, 28, 29, 30, 31, 32, 33, 34, 35, 36, 37, 38, 39, 40, 41, 42, 43, 44, 45, 46, 47, 48, 49, 0, 1, 2, 3, 4, 5, 6, 7, 8, 9, 10, 11, 12, 13, 14, 15, 16, 17, 18, 19), (21, 20, 19, 18, 17, 16, 15, 14, 13, 12, 11, 10, 9, 8, 7, 6, 5, 4, 3, 2, 1, 0, 49, 48, 47, 46, 45, 44, 43, 42, 41, 40, 39, 38, 37, 36, 35, 34, 33, 32, 31, 30, 29, 28, 27, 26, 25, 24, 23, 22), (22, 23, 24, 25, 26, 27, 28, 29, 30, 31, 32, 33, 34, 35, 36, 37, 38, 39, 40, 41, 42, 43, 44, 45, 46, 47, 48, 49, 0, 1, 2, 3, 4, 5, 6, 7, 8, 9, 10, 11, 12, 13, 14, 15, 16, 17, 18, 19, 20, 21), (23, 22, 21, 20, 19, 18, 17, 16, 15, 14, 13, 12, 11, 10, 9, 8, 7, 6, 5, 4, 3, 2, 1, 0, 49, 48, 47, 46, 45, 44, 43, 42, 41, 40, 39, 38, 37, 36, 35, 34, 33, 32, 31, 30, 29, 28, 27, 26, 25, 24), (24, 25, 26, 27, 28, 29, 30, 31, 32, 33, 34, 35, 36, 37, 38, 39, 40, 41, 42, 43, 44, 45, 46, 47, 48, 49, 0, 1, 2, 3, 4, 5, 6, 7, 8, 9, 10, 11, 12, 13, 14, 15, 16, 17, 18, 19, 20, 21, 22, 23), (25, 24, 23, 22, 21, 20, 19, 18, 17, 16, 15, 14, 13, 12, 11, 10, 9, 8, 7, 6, 5, 4, 3, 2, 1, 0, 49, 48, 47, 46, 45, 44, 43, 42, 41, 40, 39, 38, 37, 36, 35, 34, 33, 32, 31, 30, 29, 28, 27, 26), (26, 27, 28, 29, 30, 31, 32, 33, 34, 35, 36, 37, 38, 39, 40, 41, 42, 43, 44, 45, 46, 47, 48, 49, 0, 1, 2, 3, 4, 5, 6, 7, 8, 9, 10, 11, 12, 13, 14, 15, 16, 17, 18, 19, 20, 21, 22, 23, 24, 25), (27, 26, 25, 24, 23, 22, 21, 20, 19, 18, 17, 16, 15, 14, 13, 12, 11, 10, 9, 8, 7, 6, 5, 4, 3, 2, 1, 0, 49, 48, 47, 46, 45, 44, 43, 42, 41, 40, 39, 38, 37, 36, 35, 34, 33, 32, 31, 30, 29, 28), (28, 29, 30, 31, 32, 33, 34, 35, 36, 37, 38, 39, 40, 41, 42, 43, 44, 45, 46, 47, 48, 49, 0, 1, 2, 3, 4, 5, 6, 7, 8, 9, 10, 11, 12, 13, 14, 15, 16, 17, 18, 19, 20, 21, 22, 23, 24, 25, 26, 27), (29, 28, 27, 26, 25, 24, 23, 22, 21, 20, 19, 18, 17, 16, 15, 14, 13, 12, 11, 10, 9, 8, 7, 6, 5, 4, 3, 2, 1, 0, 49, 48, 47, 46, 45, 44, 43, 42, 41, 40, 39, 38, 37, 36, 35, 34, 33, 32, 31, 30), (30, 31, 32, 33, 34, 35, 36, 37, 38, 39, 40, 41, 42, 43, 44, 45, 46, 47, 48, 49, 0, 1, 2, 3, 4, 5, 6, 7, 8, 9, 10, 11, 12, 13, 14, 15, 16, 17, 18, 19, 20, 21, 22, 23, 24, 25, 26, 27, 28, 29), (31, 30, 29, 28, 27, 26, 25, 24, 23, 22, 21, 20, 19, 18, 17, 16, 15, 14, 13, 12, 11, 10, 9, 8, 7, 6, 5, 4, 3, 2, 1, 0, 49, 48, 47, 46, 45, 44, 43, 42, 41, 40, 39, 38, 37, 36, 35, 34, 33, 32), (32, 33, 34, 35, 36, 37, 38, 39, 40, 41, 42, 43, 44, 45, 46, 47, 48, 49, 0, 1, 2, 3, 4, 5, 6, 7, 8, 9, 10, 11, 12, 13, 14, 15, 16, 17, 18, 19, 20, 21, 22, 23, 24, 25, 26, 27, 28, 29, 30, 31), (33, 32, 31, 30, 29, 28, 27, 26, 25, 24, 23, 22, 21, 20, 19, 18, 17, 16, 15, 14, 13, 12, 11, 10, 9, 8, 7, 6, 5, 4, 3, 2, 1, 0, 49, 48, 47, 46, 45, 44, 43, 42, 41, 40, 39, 38, 37, 36, 35, 34), (34, 35, 36, 37, 38, 39, 40, 41, 42, 43, 44, 45, 46, 47, 48, 49, 0, 1, 2, 3, 4, 5, 6, 7, 8, 9, 10, 11, 12, 13, 14, 15, 16, 17, 18, 19, 20, 21, 22, 23, 24, 25, 26, 27, 28, 29, 30, 31, 32, 33), (35, 34, 33, 32, 31, 30, 29, 28, 27, 26, 25, 24, 23, 22, 21, 20, 19, 18, 17, 16, 15, 14, 13, 12, 11, 10, 9, 8, 7, 6, 5, 4, 3, 2, 1, 0, 49, 48, 47, 46, 45, 44, 43, 42, 41, 40, 39, 38, 37, 36), (36, 37, 38, 39, 40, 41, 42, 43, 44, 45, 46, 47, 48, 49, 0, 1, 2, 3, 4, 5, 6, 7, 8, 9, 10, 11, 12, 13, 14, 15, 16, 17, 18, 19, 20, 21, 22, 23, 24, 25, 26, 27, 28, 29, 30, 31, 32, 33, 34, 35), (37, 36, 35, 34, 33, 32, 31, 30, 29, 28, 27, 26, 25, 24, 23, 22, 21, 20, 19, 18, 17, 16, 15, 14, 13, 12, 11, 10, 9, 8, 7, 6, 5, 4, 3, 2, 1, 0, 49, 48, 47, 46, 45, 44, 43, 42, 41, 40, 39, 38), (38, 39, 40, 41, 42, 43, 44, 45, 46, 47, 48, 49, 0, 1, 2, 3, 4, 5, 6, 7, 8, 9, 10, 11, 12, 13, 14, 15, 16, 17, 18, 19, 20, 21, 22, 23, 24, 25, 26, 27, 28, 29, 30, 31, 32, 33, 34, 35, 36, 37), (39, 38, 37, 36, 35, 34, 33, 32, 31, 30, 29, 28, 27, 26, 25, 24, 23, 22, 21, 20, 19, 18, 17, 16, 15, 14, 13, 12, 11, 10, 9, 8, 7, 6, 5, 4, 3, 2, 1, 0, 49, 48, 47, 46, 45, 44, 43, 42, 41, 40), (40, 41, 42, 43, 44, 45, 46, 47, 48, 49, 0, 1, 2, 3, 4, 5, 6, 7, 8, 9, 10, 11, 12, 13, 14, 15, 16, 17, 18, 19, 20, 21, 22, 23, 24, 25, 26, 27, 28, 29, 30, 31, 32, 33, 34, 35, 36, 37, 38, 39), (41, 40, 39, 38, 37, 36, 35, 34, 33, 32, 31, 30, 29, 28, 27, 26, 25, 24, 23, 22, 21, 20, 19, 18, 17, 16, 15, 14, 13, 12, 11, 10, 9, 8, 7, 6, 5, 4, 3, 2, 1, 0, 49, 48, 47, 46, 45, 44, 43, 42), (42, 43, 44, 45, 46, 47, 48, 49, 0, 1, 2, 3, 4, 5, 6, 7, 8, 9, 10, 11, 12, 13, 14, 15, 16, 17, 18, 19, 20, 21, 22, 23, 24, 25, 26, 27, 28, 29, 30, 31, 32, 33, 34, 35, 36, 37, 38, 39, 40, 41), (43, 42, 41, 40, 39, 38, 37, 36, 35, 34, 33, 32, 31, 30, 29, 28, 27, 26, 25, 24, 23, 22, 21, 20, 19, 18, 17, 16, 15, 14, 13, 12, 11, 10, 9, 8, 7, 6, 5, 4, 3, 2, 1, 0, 49, 48, 47, 46, 45, 44), (44, 45, 46, 47, 48, 49, 0, 1, 2, 3, 4, 5, 6, 7, 8, 9, 10, 11, 12, 13, 14, 15, 16, 17, 18, 19, 20, 21, 22, 23, 24, 25, 26, 27, 28, 29, 30, 31, 32, 33, 34, 35, 36, 37, 38, 39, 40, 41, 42, 43), (45, 44, 43, 42, 41, 40, 39, 38, 37, 36, 35, 34, 33, 32, 31, 30, 29, 28, 27, 26, 25, 24, 23, 22, 21, 20, 19, 18, 17, 16, 15, 14, 13, 12, 11, 10, 9, 8, 7, 6, 5, 4, 3, 2, 1, 0, 49, 48, 47, 46), (46, 47, 48, 49, 0, 1, 2, 3, 4, 5, 6, 7, 8, 9, 10, 11, 12, 13, 14, 15, 16, 17, 18, 19, 20, 21, 22, 23, 24, 25, 26, 27, 28, 29, 30, 31, 32, 33, 34, 35, 36, 37, 38, 39, 40, 41, 42, 43, 44, 45), (47, 46, 45, 44, 43, 42, 41, 40, 39, 38, 37, 36, 35, 34, 33, 32, 31, 30, 29, 28, 27, 26, 25, 24, 23, 22, 21, 20, 19, 18, 17, 16, 15, 14, 13, 12, 11, 10, 9, 8, 7, 6, 5, 4, 3, 2, 1, 0, 49, 48), (48, 49, 0, 1, 2, 3, 4, 5, 6, 7, 8, 9, 10, 11, 12, 13, 14, 15, 16, 17, 18, 19, 20, 21, 22, 23, 24, 25, 26, 27, 28, 29, 30, 31, 32, 33, 34, 35, 36, 37, 38, 39, 40, 41, 42, 43, 44, 45, 46, 47), (49, 48, 47, 46, 45, 44, 43, 42, 41, 40, 39, 38, 37, 36, 35, 34, 33, 32, 31, 30, 29, 28, 27, 26, 25, 24, 23, 22, 21, 20, 19, 18, 17, 16, 15, 14, 13, 12, 11, 10, 9, 8, 7, 6, 5, 4, 3, 2, 1, 0))
