
e others/数学/编程/密码学/xor泛化版异或.txt
自逆 | involution | self-inverse.
[xor<a>(b) =[def]= (a^b)]
[xor<a> . xor<a> === echo]

[sub<a>(b) =[def]= (a-b)]
[sub<a> . sub<a> === echo]

[div<a>(b) =[def]= (a/b)]
[div<a> . div<a> === echo]


[a$b =[def]= -(a+b)]
[b$a == -(b+a) == a$b]
  满足:交换律
[(a$b)$c == (-(a+b))$c == -(-(a+b)+c) == (a+b-c)]
  不满足:结合律
  ...
[(a$b)$b == (a+b-b) == a]
[(a$b)$a == (a+b-a) == b]








[[
数量纟置换#加密
for i in range(10):factorial(2**i)

>>> from math import *
>>> for i in range(10):factorial(2**i)
...
1
2
24
40320
20922789888000
263130836933693530167218012160000000
12688693218588...04230400000000000000
38562048236258...9279247692495585280000000000000000000000000000000
85781777534284...424615936000000000000000000000000000000000000000000000000000000000000000
34772897931326...3026941927424000000000000000000000000000000000000000000000000000000000000000000000000000000000000000000000000000000000000000000000000000000
>>> for i in range(10):log2(factorial(2**i))
...
0.0
1.0
4.584962500721156
15.29920801838728
44.25014046988262
117.6632636523603
295.99514394172405
716.1617220836218
1683.9962872242147
3875.166121943203
>>> for i in range(10):(i, log2(factorial(2**i)))
...
(0, 0.0)
(1, 1.0)
(2, 4.584962500721156)
(3, 15.29920801838728)
(4, 44.25014046988262)
(5, 117.6632636523603)
(6, 295.99514394172405)
(7, 716.1617220836218)
(8, 1683.9962872242147)
(9, 3875.166121943203)




[o := xor(k;i)]
将xor当作一个加密算法，一参数为密钥，另一参数为明文，则xor<k>一共2个，囊括了所有单爻元加密算法。
1爻元=>2加密算法    #(2**1)!
2爻元=>24加密算法   #(2**2)!
3爻元=>40320加密算法   #(2**3)!
4爻元=>20922789888000加密算法   #(2**4)! # 16! # 5,10,15 ==>> 10**3
定长爻元串加密算法+密钥 <==> 选择某一置换
  多层结构 等同于 游走于巨大的置换函数空间

view others/数学/编程/密码学/我的设计冫加密框架.txt
===
derangement 完全错装型置换
view others/数学/编程/密码学/完全错装数.txt
    a derangement is a permutation that has no fixed points.
view script/完全错装数.py
    [比例夹逼定理纟完全错装数:偶总数的完全错装数占比递减丶奇总数的完全错装数占比递增丶偶总数的完全错装数占比大于奇总数的完全错装数占比丶两序列极限值相同丶该极限值为自然对数底的倒数]


>>> log2(e)
1.4426950408889634
>>> for i in range(10):(i, log2(factorial(2**i))-log2(e))
...
(0, -1.4426950408889634)
(1, -0.4426950408889634)
(2, 3.1422674598321927)
(3, 13.856512977498316)
(4, 42.80744542899366)
(5, 116.22056861147134)
(6, 294.5524489008351)
(7, 714.7190270427329)
(8, 1682.5535921833257)
(9, 3873.7234269023143)

错装置换<2**2>
$ py_adhoc_call   script.完全错装数   ,枚举冫完全错装耂置换环节表达爫环节消减冖冖已排序版 扌  =4
((0, 1), (2, 3))
((0, 1, 2, 3),)
((0, 1, 3, 2),)
((0, 2), (1, 3))
((0, 2, 1, 3),)
((0, 2, 3, 1),)
((0, 3), (1, 2))
((0, 3, 1, 2),)
((0, 3, 2, 1),)
$ py_adhoc_call   script.完全错装数   ,枚举冫完全错装耂置换映射表达爫计数型冖冖已排序版扌  --固实丷视图丨变换器=False  -欤变换器翨甤视图  =4
(1, 0, 3, 2)
(1, 2, 3, 0)
(1, 3, 0, 2)
(2, 0, 3, 1)
(2, 3, 0, 1)
(2, 3, 1, 0)
(3, 0, 1, 2)
(3, 2, 0, 1)
(3, 2, 1, 0)


===
[单环置换 <: 错装置换]
[数量纟错装置换(n) ~= n!/e]
[数量纟单环置换(n) == (n-1)!]

数量纟错装置换
view script/complete_diffusion.py
py script/complete_diffusion.py -M 9
@@0: 1 # .>= 2^0 # ./0! = 1.000000e+00
@@1: 0 # .>= 2^-inf # ./1! = 0.000000e+00
@@2: 1 # .>= 2^0 # ./2! = 5.000000e-01
@@3: 2 # .>= 2^1 # ./3! = 3.333333e-01
@@4: 9 # .>= 2^3 # ./4! = 3.750000e-01
@@5: 44 # .>= 2^5 # ./5! = 3.666667e-01
@@6: 265 # .>= 2^8 # ./6! = 3.680556e-01
@@7: 1854 # .>= 2^10 # ./7! = 3.678571e-01
@@8: 14833 # .>= 2^13 # ./8! = 3.678819e-01
@@9: 133496 # .>= 2^17 # ./9! = 3.678792e-01


数量纟单环置换
>>> for i in range(10):(i, log2(factorial(2**i-1)))
...
(0, 0.0)
(1, 0.0)
(2, 2.584962500721156)
(3, 12.29920801838728)
(4, 40.25014046988262)
(5, 112.6632636523603)
(6, 289.99514394172405)
(7, 709.1617220836218)
(8, 1675.9962872242147)
(9, 3866.166121943203)

e script/枚举冫加密用半爻变单环置换纟爻元串.py
[数量纟半爻变单环置换纟三爻元 == 1488]

挑选后耂列表纟半爻变单环置换纟三爻元 = (#1024
((0, 2, 4, 1, 7, 5, 3, 6)
,(0, 6, 3, 5, 7, 1, 4, 2)
,(0, 2, 4, 7, 1, 5, 3, 6)
,(0, 6, 3, 5, 1, 7, 4, 2)
,(0, 2, 7, 1, 4, 6, 3, 5)
,(0, 5, 3, 6, 4, 1, 7, 2)
,(0, 2, 7, 4, 1, 5, 3, 6)
,(0, 6, 3, 5, 1, 4, 7, 2)
,(0, 3, 5, 1, 4, 7, 2, 6)
,(0, 6, 2, 7, 4, 1, 5, 3)
,(0, 3, 5, 1, 7, 2, 4, 6)
,(0, 6, 4, 2, 7, 1, 5, 3)
,(0, 3, 5, 1, 7, 4, 2, 6)
,(0, 6, 2, 4, 7, 1, 5, 3)
,(0, 3, 5, 7, 1, 4, 2, 6)
,(0, 6, 2, 4, 1, 7, 5, 3)
,(0, 3, 6, 2, 4, 1, 7, 5)
,(0, 5, 7, 1, 4, 2, 6, 3)
,(0, 3, 6, 2, 4, 7, 1, 5)
,(0, 5, 1, 7, 4, 2, 6, 3)
,(0, 3, 6, 2, 7, 4, 1, 5)
,(0, 5, 1, 4, 7, 2, 6, 3)
,(0, 3, 6, 4, 2, 7, 1, 5)
,(0, 5, 1, 7, 2, 4, 6, 3)
,(0, 4, 1, 7, 2, 6, 3, 5)
,(0, 5, 3, 6, 2, 7, 1, 4)
,(0, 4, 2, 7, 1, 5, 3, 6)
,(0, 6, 3, 5, 1, 7, 2, 4)
,(0, 5, 1, 4, 2, 7, 3, 6)
,(0, 6, 3, 7, 2, 4, 1, 5)
,(0, 5, 3, 1, 4, 7, 2, 6)
,(0, 6, 2, 7, 4, 1, 3, 5)
,(0, 5, 3, 1, 7, 2, 4, 6)
,(0, 6, 4, 2, 7, 1, 3, 5)
,(0, 5, 3, 1, 7, 4, 2, 6)
,(0, 6, 2, 4, 7, 1, 3, 5)
,(0, 5, 3, 7, 1, 4, 2, 6)
,(0, 6, 2, 4, 1, 7, 3, 5)
,(0, 5, 7, 2, 4, 1, 3, 6)
,(0, 6, 3, 1, 4, 2, 7, 5)
,(0, 2, 4, 1, 5, 7, 3, 6)
,(0, 6, 3, 7, 5, 1, 4, 2)
,(0, 2, 4, 6, 3, 1, 7, 5)
,(0, 5, 7, 1, 3, 6, 4, 2)
,(0, 2, 4, 6, 3, 7, 1, 5)
,(0, 5, 1, 7, 3, 6, 4, 2)
,(0, 2, 4, 7, 5, 1, 3, 6)
,(0, 6, 3, 1, 5, 7, 4, 2)
,(0, 2, 6, 3, 1, 4, 7, 5)
,(0, 5, 7, 4, 1, 3, 6, 2)
,(0, 2, 6, 3, 5, 1, 7, 4)
,(0, 4, 7, 1, 5, 3, 6, 2)
,(0, 2, 6, 3, 5, 7, 1, 4)
,(0, 4, 1, 7, 5, 3, 6, 2)
,(0, 2, 6, 3, 7, 4, 1, 5)
,(0, 5, 1, 4, 7, 3, 6, 2)
,(0, 2, 6, 4, 1, 7, 3, 5)
,(0, 5, 3, 7, 1, 4, 6, 2)
,(0, 2, 6, 4, 1, 7, 5, 3)
,(0, 3, 5, 7, 1, 4, 6, 2)
,(0, 2, 6, 4, 7, 1, 3, 5)
,(0, 5, 3, 1, 7, 4, 6, 2)
,(0, 2, 6, 4, 7, 1, 5, 3)
,(0, 3, 5, 1, 7, 4, 6, 2)
,(0, 2, 7, 1, 5, 3, 6, 4)
,(0, 4, 6, 3, 5, 1, 7, 2)
,(0, 2, 7, 3, 5, 1, 4, 6)
,(0, 6, 4, 1, 5, 3, 7, 2)
,(0, 2, 7, 3, 6, 4, 1, 5)
,(0, 5, 1, 4, 6, 3, 7, 2)
,(0, 2, 7, 4, 6, 3, 1, 5)
,(0, 5, 1, 3, 6, 4, 7, 2)
,(0, 2, 7, 5, 1, 4, 6, 3)
,(0, 3, 6, 4, 1, 5, 7, 2)
,(0, 2, 7, 5, 3, 1, 4, 6)
,(0, 6, 4, 1, 3, 5, 7, 2)
,(0, 3, 1, 4, 6, 2, 7, 5)
,(0, 5, 7, 2, 6, 4, 1, 3)
,(0, 3, 1, 5, 7, 2, 4, 6)
,(0, 6, 4, 2, 7, 5, 1, 3)
,(0, 3, 1, 5, 7, 4, 2, 6)
,(0, 6, 2, 4, 7, 5, 1, 3)
,(0, 3, 5, 1, 7, 2, 6, 4)
,(0, 4, 6, 2, 7, 1, 5, 3)
,(0, 3, 6, 2, 7, 5, 1, 4)
,(0, 4, 1, 5, 7, 2, 6, 3)
,(0, 3, 7, 2, 6, 4, 1, 5)
,(0, 5, 1, 4, 6, 2, 7, 3)
,(0, 3, 7, 5, 1, 4, 2, 6)
,(0, 6, 2, 4, 1, 5, 7, 3)
,(0, 4, 1, 3, 5, 7, 2, 6)
,(0, 6, 2, 7, 5, 3, 1, 4)
,(0, 4, 1, 3, 6, 2, 7, 5)
,(0, 5, 7, 2, 6, 3, 1, 4)
,(0, 4, 1, 5, 3, 7, 2, 6)
,(0, 6, 2, 7, 3, 5, 1, 4)
,(0, 4, 2, 6, 3, 1, 7, 5)
,(0, 5, 7, 1, 3, 6, 2, 4)
,(0, 4, 2, 6, 3, 7, 1, 5)
,(0, 5, 1, 7, 3, 6, 2, 4)
,(0, 4, 2, 7, 5, 1, 3, 6)
,(0, 6, 3, 1, 5, 7, 2, 4)
,(0, 4, 6, 2, 7, 1, 3, 5)
,(0, 5, 3, 1, 7, 2, 6, 4)
,(0, 4, 7, 2, 6, 3, 1, 5)
,(0, 5, 1, 3, 6, 2, 7, 4)
,(0, 5, 1, 3, 7, 2, 4, 6)
,(0, 6, 4, 2, 7, 3, 1, 5)
,(0, 5, 1, 3, 7, 4, 2, 6)
,(0, 6, 2, 4, 7, 3, 1, 5)
,(0, 5, 7, 3, 1, 4, 2, 6)
,(0, 6, 2, 4, 1, 3, 7, 5)
,(0, 2, 6, 3, 1, 5, 7, 4)
,(0, 4, 7, 5, 1, 3, 6, 2)
,(0, 2, 6, 3, 7, 5, 1, 4)
,(0, 4, 1, 5, 7, 3, 6, 2)
,(0, 2, 6, 4, 1, 3, 7, 5)
,(0, 5, 7, 3, 1, 4, 6, 2)
,(0, 2, 6, 4, 1, 5, 7, 3)
,(0, 3, 7, 5, 1, 4, 6, 2)
,(0, 2, 6, 4, 7, 3, 1, 5)
,(0, 5, 1, 3, 7, 4, 6, 2)
,(0, 2, 6, 4, 7, 5, 1, 3)
,(0, 3, 1, 5, 7, 4, 6, 2)
,(0, 2, 7, 5, 1, 3, 6, 4)
,(0, 4, 6, 3, 1, 5, 7, 2)
,(0, 3, 1, 5, 7, 2, 6, 4)
,(0, 4, 6, 2, 7, 5, 1, 3)
,(0, 4, 6, 2, 7, 3, 1, 5)
,(0, 5, 1, 3, 7, 2, 6, 4)
,(0, 1, 4, 2, 7, 5, 3, 6)
,(0, 6, 3, 5, 7, 2, 4, 1)
,(0, 1, 4, 7, 2, 6, 3, 5)
,(0, 5, 3, 6, 2, 7, 4, 1)
,(0, 1, 7, 2, 4, 6, 3, 5)
,(0, 5, 3, 6, 4, 2, 7, 1)
,(0, 1, 7, 4, 2, 6, 3, 5)
,(0, 5, 3, 6, 2, 4, 7, 1)
,(0, 2, 1, 4, 7, 5, 3, 6)
,(0, 6, 3, 5, 7, 4, 1, 2)
,(0, 2, 1, 7, 4, 6, 3, 5)
,(0, 5, 3, 6, 4, 7, 1, 2)
,(0, 2, 4, 1, 7, 3, 5, 6)
,(0, 6, 5, 3, 7, 1, 4, 2)
,(0, 2, 4, 1, 7, 3, 6, 5)
,(0, 5, 6, 3, 7, 1, 4, 2)
,(0, 2, 4, 1, 7, 5, 6, 3)
,(0, 3, 6, 5, 7, 1, 4, 2)
,(0, 2, 4, 1, 7, 6, 3, 5)
,(0, 5, 3, 6, 7, 1, 4, 2)
,(0, 2, 4, 7, 1, 3, 5, 6)
,(0, 6, 5, 3, 1, 7, 4, 2)
,(0, 2, 4, 7, 1, 3, 6, 5)
,(0, 5, 6, 3, 1, 7, 4, 2)
,(0, 2, 4, 7, 1, 5, 6, 3)
,(0, 3, 6, 5, 1, 7, 4, 2)
,(0, 2, 7, 1, 4, 5, 3, 6)
,(0, 6, 3, 5, 4, 1, 7, 2)
,(0, 2, 7, 1, 4, 6, 5, 3)
,(0, 3, 5, 6, 4, 1, 7, 2)
,(0, 2, 7, 4, 1, 3, 5, 6)
,(0, 6, 5, 3, 1, 4, 7, 2)
,(0, 2, 7, 4, 1, 3, 6, 5)
,(0, 5, 6, 3, 1, 4, 7, 2)
,(0, 2, 7, 4, 1, 5, 6, 3)
,(0, 3, 6, 5, 1, 4, 7, 2)
,(0, 3, 1, 4, 2, 7, 5, 6)
,(0, 6, 5, 7, 2, 4, 1, 3)
,(0, 3, 1, 4, 7, 2, 6, 5)
,(0, 5, 6, 2, 7, 4, 1, 3)
,(0, 3, 1, 7, 2, 4, 6, 5)
,(0, 5, 6, 4, 2, 7, 1, 3)
,(0, 3, 1, 7, 4, 2, 6, 5)
,(0, 5, 6, 2, 4, 7, 1, 3)
,(0, 3, 5, 1, 2, 7, 4, 6)
,(0, 6, 4, 7, 2, 1, 5, 3)
,(0, 3, 5, 1, 4, 2, 7, 6)
,(0, 6, 7, 2, 4, 1, 5, 3)
,(0, 3, 5, 4, 1, 7, 2, 6)
,(0, 6, 2, 7, 1, 4, 5, 3)
,(0, 3, 5, 6, 2, 7, 1, 4)
,(0, 4, 1, 7, 2, 6, 5, 3)
,(0, 3, 5, 7, 1, 2, 4, 6)
,(0, 6, 4, 2, 1, 7, 5, 3)
,(0, 3, 5, 7, 2, 1, 4, 6)
,(0, 6, 4, 1, 2, 7, 5, 3)
,(0, 3, 5, 7, 4, 1, 2, 6)
,(0, 6, 2, 1, 4, 7, 5, 3)
,(0, 3, 6, 2, 1, 4, 7, 5)
,(0, 5, 7, 4, 1, 2, 6, 3)
,(0, 3, 6, 2, 7, 1, 4, 5)
,(0, 5, 4, 1, 7, 2, 6, 3)
,(0, 3, 6, 4, 1, 2, 7, 5)
,(0, 5, 7, 2, 1, 4, 6, 3)
,(0, 3, 6, 4, 2, 1, 7, 5)
,(0, 5, 7, 1, 2, 4, 6, 3)
,(0, 3, 6, 4, 7, 2, 1, 5)
,(0, 5, 1, 2, 7, 4, 6, 3)
,(0, 3, 6, 5, 1, 7, 2, 4)
,(0, 4, 2, 7, 1, 5, 6, 3)
,(0, 3, 6, 7, 2, 4, 1, 5)
,(0, 5, 1, 4, 2, 7, 6, 3)
,(0, 3, 7, 1, 4, 2, 6, 5)
,(0, 5, 6, 2, 4, 1, 7, 3)
,(0, 3, 7, 2, 4, 1, 5, 6)
,(0, 6, 5, 1, 4, 2, 7, 3)
,(0, 4, 1, 2, 7, 5, 3, 6)
,(0, 6, 3, 5, 7, 2, 1, 4)
,(0, 4, 2, 1, 7, 5, 3, 6)
,(0, 6, 3, 5, 7, 1, 2, 4)
,(0, 4, 2, 7, 1, 3, 5, 6)
,(0, 6, 5, 3, 1, 7, 2, 4)
,(0, 4, 2, 7, 1, 3, 6, 5)
,(0, 5, 6, 3, 1, 7, 2, 4)
,(0, 4, 7, 1, 2, 6, 3, 5)
,(0, 5, 3, 6, 2, 1, 7, 4)
,(0, 4, 7, 2, 1, 5, 3, 6)
,(0, 6, 3, 5, 1, 2, 7, 4)
,(0, 5, 1, 2, 4, 7, 3, 6)
,(0, 6, 3, 7, 4, 2, 1, 5)
,(0, 5, 1, 4, 7, 2, 3, 6)
,(0, 6, 3, 2, 7, 4, 1, 5)
,(0, 5, 1, 7, 4, 2, 3, 6)
,(0, 6, 3, 2, 4, 7, 1, 5)
,(0, 5, 3, 1, 2, 7, 4, 6)
,(0, 6, 4, 7, 2, 1, 3, 5)
,(0, 5, 3, 1, 4, 2, 7, 6)
,(0, 6, 7, 2, 4, 1, 3, 5)
,(0, 5, 3, 2, 7, 1, 4, 6)
,(0, 6, 4, 1, 7, 2, 3, 5)
,(0, 5, 3, 7, 1, 2, 4, 6)
,(0, 6, 4, 2, 1, 7, 3, 5)
,(0, 5, 3, 7, 2, 1, 4, 6)
,(0, 6, 4, 1, 2, 7, 3, 5)
,(0, 5, 3, 7, 4, 1, 2, 6)
,(0, 6, 2, 1, 4, 7, 3, 5)
,(0, 5, 4, 2, 7, 1, 3, 6)
,(0, 6, 3, 1, 7, 2, 4, 5)
,(0, 5, 7, 1, 4, 2, 3, 6)
,(0, 6, 3, 2, 4, 1, 7, 5)
,(0, 5, 7, 4, 2, 1, 3, 6)
,(0, 6, 3, 1, 2, 4, 7, 5)
,(0, 1, 3, 5, 7, 2, 4, 6)
,(0, 6, 4, 2, 7, 5, 3, 1)
,(0, 1, 3, 5, 7, 4, 2, 6)
,(0, 6, 2, 4, 7, 5, 3, 1)
,(0, 1, 3, 6, 2, 4, 7, 5)
,(0, 5, 7, 4, 2, 6, 3, 1)
,(0, 1, 3, 6, 4, 2, 7, 5)
,(0, 5, 7, 2, 4, 6, 3, 1)
,(0, 1, 4, 2, 6, 3, 7, 5)
,(0, 5, 7, 3, 6, 2, 4, 1)
,(0, 1, 4, 6, 2, 7, 3, 5)
,(0, 5, 3, 7, 2, 6, 4, 1)
,(0, 1, 4, 6, 2, 7, 5, 3)
,(0, 3, 5, 7, 2, 6, 4, 1)
,(0, 1, 4, 6, 3, 5, 7, 2)
,(0, 2, 7, 5, 3, 6, 4, 1)
,(0, 1, 4, 7, 5, 3, 6, 2)
,(0, 2, 6, 3, 5, 7, 4, 1)
,(0, 1, 5, 3, 6, 2, 7, 4)
,(0, 4, 7, 2, 6, 3, 5, 1)
,(0, 1, 5, 3, 6, 4, 7, 2)
,(0, 2, 7, 4, 6, 3, 5, 1)
,(0, 1, 5, 3, 7, 2, 4, 6)
,(0, 6, 4, 2, 7, 3, 5, 1)
,(0, 1, 5, 3, 7, 4, 2, 6)
,(0, 6, 2, 4, 7, 3, 5, 1)
,(0, 1, 5, 7, 2, 4, 6, 3)
,(0, 3, 6, 4, 2, 7, 5, 1)
,(0, 1, 5, 7, 4, 2, 6, 3)
,(0, 3, 6, 2, 4, 7, 5, 1)
,(0, 1, 7, 5, 3, 6, 2, 4)
,(0, 4, 2, 6, 3, 5, 7, 1)
,(0, 1, 7, 5, 3, 6, 4, 2)
,(0, 2, 4, 6, 3, 5, 7, 1)
,(0, 2, 1, 3, 5, 7, 4, 6)
,(0, 6, 4, 7, 5, 3, 1, 2)
,(0, 2, 1, 3, 6, 4, 7, 5)
,(0, 5, 7, 4, 6, 3, 1, 2)
,(0, 2, 1, 4, 6, 3, 7, 5)
,(0, 5, 7, 3, 6, 4, 1, 2)
,(0, 2, 1, 5, 3, 7, 4, 6)
,(0, 6, 4, 7, 3, 5, 1, 2)
,(0, 2, 1, 5, 7, 4, 6, 3)
,(0, 3, 6, 4, 7, 5, 1, 2)
,(0, 2, 1, 7, 5, 3, 6, 4)
,(0, 4, 6, 3, 5, 7, 1, 2)
,(0, 2, 3, 5, 1, 7, 4, 6)
,(0, 6, 4, 7, 1, 5, 3, 2)
,(0, 2, 3, 5, 7, 1, 4, 6)
,(0, 6, 4, 1, 7, 5, 3, 2)
,(0, 2, 3, 6, 4, 1, 7, 5)
,(0, 5, 7, 1, 4, 6, 3, 2)
,(0, 2, 3, 6, 4, 7, 1, 5)
,(0, 5, 1, 7, 4, 6, 3, 2)
,(0, 2, 4, 1, 3, 5, 7, 6)
,(0, 6, 7, 5, 3, 1, 4, 2)
,(0, 2, 4, 1, 3, 6, 7, 5)
,(0, 5, 7, 6, 3, 1, 4, 2)
,(0, 2, 4, 1, 3, 7, 5, 6)
,(0, 6, 5, 7, 3, 1, 4, 2)
,(0, 2, 4, 1, 5, 3, 7, 6)
,(0, 6, 7, 3, 5, 1, 4, 2)
,(0, 2, 4, 1, 5, 7, 6, 3)
,(0, 3, 6, 7, 5, 1, 4, 2)
,(0, 2, 4, 5, 1, 7, 3, 6)
,(0, 6, 3, 7, 1, 5, 4, 2)
,(0, 2, 4, 5, 7, 1, 3, 6)
,(0, 6, 3, 1, 7, 5, 4, 2)
,(0, 2, 4, 6, 5, 1, 7, 3)
,(0, 3, 7, 1, 5, 6, 4, 2)
,(0, 2, 4, 6, 5, 7, 1, 3)
,(0, 3, 1, 7, 5, 6, 4, 2)
,(0, 2, 4, 6, 7, 1, 3, 5)
,(0, 5, 3, 1, 7, 6, 4, 2)
,(0, 2, 4, 6, 7, 1, 5, 3)
,(0, 3, 5, 1, 7, 6, 4, 2)
,(0, 2, 4, 7, 3, 1, 5, 6)
,(0, 6, 5, 1, 3, 7, 4, 2)
,(0, 2, 4, 7, 6, 3, 1, 5)
,(0, 5, 1, 3, 6, 7, 4, 2)
,(0, 2, 6, 3, 1, 7, 4, 5)
,(0, 5, 4, 7, 1, 3, 6, 2)
,(0, 2, 6, 3, 7, 1, 4, 5)
,(0, 5, 4, 1, 7, 3, 6, 2)
,(0, 2, 6, 5, 1, 4, 7, 3)
,(0, 3, 7, 4, 1, 5, 6, 2)
,(0, 2, 6, 5, 3, 1, 7, 4)
,(0, 4, 7, 1, 3, 5, 6, 2)
,(0, 2, 6, 5, 3, 7, 1, 4)
,(0, 4, 1, 7, 3, 5, 6, 2)
,(0, 2, 6, 5, 7, 4, 1, 3)
,(0, 3, 1, 4, 7, 5, 6, 2)
,(0, 2, 6, 7, 4, 1, 3, 5)
,(0, 5, 3, 1, 4, 7, 6, 2)
,(0, 2, 6, 7, 4, 1, 5, 3)
,(0, 3, 5, 1, 4, 7, 6, 2)
,(0, 2, 7, 1, 3, 5, 4, 6)
,(0, 6, 4, 5, 3, 1, 7, 2)
,(0, 2, 7, 1, 3, 5, 6, 4)
,(0, 4, 6, 5, 3, 1, 7, 2)
,(0, 2, 7, 1, 3, 6, 4, 5)
,(0, 5, 4, 6, 3, 1, 7, 2)
,(0, 2, 7, 1, 5, 4, 6, 3)
,(0, 3, 6, 4, 5, 1, 7, 2)
,(0, 2, 7, 3, 1, 4, 6, 5)
,(0, 5, 6, 4, 1, 3, 7, 2)
,(0, 2, 7, 3, 6, 5, 1, 4)
,(0, 4, 1, 5, 6, 3, 7, 2)
,(0, 2, 7, 4, 5, 1, 3, 6)
,(0, 6, 3, 1, 5, 4, 7, 2)
,(0, 2, 7, 4, 6, 5, 1, 3)
,(0, 3, 1, 5, 6, 4, 7, 2)
,(0, 2, 7, 5, 4, 1, 3, 6)
,(0, 6, 3, 1, 4, 5, 7, 2)
,(0, 2, 7, 5, 6, 3, 1, 4)
,(0, 4, 1, 3, 6, 5, 7, 2)
,(0, 2, 7, 5, 6, 4, 1, 3)
,(0, 3, 1, 4, 6, 5, 7, 2)
,(0, 2, 7, 6, 3, 5, 1, 4)
,(0, 4, 1, 5, 3, 6, 7, 2)
,(0, 2, 7, 6, 4, 1, 3, 5)
,(0, 5, 3, 1, 4, 6, 7, 2)
,(0, 2, 7, 6, 4, 1, 5, 3)
,(0, 3, 5, 1, 4, 6, 7, 2)
,(0, 3, 1, 2, 6, 4, 7, 5)
,(0, 5, 7, 4, 6, 2, 1, 3)
,(0, 3, 1, 4, 2, 6, 7, 5)
,(0, 5, 7, 6, 2, 4, 1, 3)
,(0, 3, 1, 4, 5, 7, 2, 6)
,(0, 6, 2, 7, 5, 4, 1, 3)
,(0, 3, 1, 5, 4, 7, 2, 6)
,(0, 6, 2, 7, 4, 5, 1, 3)
,(0, 3, 1, 5, 6, 2, 7, 4)
,(0, 4, 7, 2, 6, 5, 1, 3)
,(0, 3, 1, 7, 2, 6, 4, 5)
,(0, 5, 4, 6, 2, 7, 1, 3)
,(0, 3, 1, 7, 5, 4, 2, 6)
,(0, 6, 2, 4, 5, 7, 1, 3)
,(0, 3, 1, 7, 5, 6, 2, 4)
,(0, 4, 2, 6, 5, 7, 1, 3)
,(0, 3, 2, 6, 4, 1, 7, 5)
,(0, 5, 7, 1, 4, 6, 2, 3)
,(0, 3, 2, 6, 4, 7, 1, 5)
,(0, 5, 1, 7, 4, 6, 2, 3)
,(0, 3, 2, 7, 5, 1, 4, 6)
,(0, 6, 4, 1, 5, 7, 2, 3)
,(0, 3, 5, 1, 7, 6, 2, 4)
,(0, 4, 2, 6, 7, 1, 5, 3)
,(0, 3, 5, 7, 1, 2, 6, 4)
,(0, 4, 6, 2, 1, 7, 5, 3)
,(0, 3, 6, 2, 1, 5, 7, 4)
,(0, 4, 7, 5, 1, 2, 6, 3)
,(0, 3, 6, 2, 7, 1, 5, 4)
,(0, 4, 5, 1, 7, 2, 6, 3)
,(0, 3, 7, 1, 5, 4, 2, 6)
,(0, 6, 2, 4, 5, 1, 7, 3)
,(0, 3, 7, 1, 5, 6, 2, 4)
,(0, 4, 2, 6, 5, 1, 7, 3)
,(0, 3, 7, 2, 6, 5, 1, 4)
,(0, 4, 1, 5, 6, 2, 7, 3)
,(0, 3, 7, 4, 6, 2, 1, 5)
,(0, 5, 1, 2, 6, 4, 7, 3)
,(0, 3, 7, 5, 1, 2, 4, 6)
,(0, 6, 4, 2, 1, 5, 7, 3)
,(0, 3, 7, 6, 2, 4, 1, 5)
,(0, 5, 1, 4, 2, 6, 7, 3)
,(0, 4, 1, 2, 6, 3, 7, 5)
,(0, 5, 7, 3, 6, 2, 1, 4)
,(0, 4, 1, 3, 7, 2, 6, 5)
,(0, 5, 6, 2, 7, 3, 1, 4)
,(0, 4, 1, 5, 7, 2, 3, 6)
,(0, 6, 3, 2, 7, 5, 1, 4)
,(0, 4, 1, 7, 5, 3, 2, 6)
,(0, 6, 2, 3, 5, 7, 1, 4)
,(0, 4, 2, 1, 5, 7, 3, 6)
,(0, 6, 3, 7, 5, 1, 2, 4)
,(0, 4, 2, 6, 7, 1, 3, 5)
,(0, 5, 3, 1, 7, 6, 2, 4)
,(0, 4, 2, 7, 3, 1, 5, 6)
,(0, 6, 5, 1, 3, 7, 2, 4)
,(0, 4, 2, 7, 6, 3, 1, 5)
,(0, 5, 1, 3, 6, 7, 2, 4)
,(0, 4, 5, 3, 1, 7, 2, 6)
,(0, 6, 2, 7, 1, 3, 5, 4)
,(0, 4, 6, 2, 1, 7, 3, 5)
,(0, 5, 3, 7, 1, 2, 6, 4)
,(0, 4, 6, 3, 1, 2, 7, 5)
,(0, 5, 7, 2, 1, 3, 6, 4)
,(0, 4, 6, 3, 2, 7, 1, 5)
,(0, 5, 1, 7, 2, 3, 6, 4)
,(0, 4, 6, 3, 7, 2, 1, 5)
,(0, 5, 1, 2, 7, 3, 6, 4)
,(0, 4, 7, 1, 5, 3, 2, 6)
,(0, 6, 2, 3, 5, 1, 7, 4)
,(0, 4, 7, 3, 5, 1, 2, 6)
,(0, 6, 2, 1, 5, 3, 7, 4)
,(0, 4, 7, 3, 6, 2, 1, 5)
,(0, 5, 1, 2, 6, 3, 7, 4)
,(0, 4, 7, 5, 3, 1, 2, 6)
,(0, 6, 2, 1, 3, 5, 7, 4)
,(0, 5, 1, 3, 2, 7, 4, 6)
,(0, 6, 4, 7, 2, 3, 1, 5)
,(0, 5, 1, 4, 7, 3, 2, 6)
,(0, 6, 2, 3, 7, 4, 1, 5)
,(0, 5, 1, 7, 3, 2, 4, 6)
,(0, 6, 4, 2, 3, 7, 1, 5)
,(0, 5, 4, 1, 3, 7, 2, 6)
,(0, 6, 2, 7, 3, 1, 4, 5)
,(0, 5, 7, 1, 3, 2, 4, 6)
,(0, 6, 4, 2, 3, 1, 7, 5)
,(0, 5, 7, 2, 3, 1, 4, 6)
,(0, 6, 4, 1, 3, 2, 7, 5)
,(0, 5, 7, 3, 1, 2, 4, 6)
,(0, 6, 4, 2, 1, 3, 7, 5)
,(0, 5, 7, 4, 1, 3, 2, 6)
,(0, 6, 2, 3, 1, 4, 7, 5)
,(0, 1, 3, 5, 7, 2, 6, 4)
,(0, 4, 6, 2, 7, 5, 3, 1)
,(0, 1, 3, 5, 7, 4, 6, 2)
,(0, 2, 6, 4, 7, 5, 3, 1)
,(0, 1, 5, 3, 7, 2, 6, 4)
,(0, 4, 6, 2, 7, 3, 5, 1)
,(0, 1, 5, 3, 7, 4, 6, 2)
,(0, 2, 6, 4, 7, 3, 5, 1)
,(0, 1, 5, 7, 3, 6, 2, 4)
,(0, 4, 2, 6, 3, 7, 5, 1)
,(0, 1, 5, 7, 3, 6, 4, 2)
,(0, 2, 4, 6, 3, 7, 5, 1)
,(0, 2, 1, 5, 7, 3, 6, 4)
,(0, 4, 6, 3, 7, 5, 1, 2)
,(0, 2, 3, 1, 5, 7, 4, 6)
,(0, 6, 4, 7, 5, 1, 3, 2)
,(0, 2, 3, 7, 5, 1, 4, 6)
,(0, 6, 4, 1, 5, 7, 3, 2)
,(0, 2, 4, 6, 7, 3, 1, 5)
,(0, 5, 1, 3, 7, 6, 4, 2)
,(0, 2, 4, 6, 7, 5, 1, 3)
,(0, 3, 1, 5, 7, 6, 4, 2)
,(0, 2, 6, 3, 1, 7, 5, 4)
,(0, 4, 5, 7, 1, 3, 6, 2)
,(0, 2, 6, 3, 7, 1, 5, 4)
,(0, 4, 5, 1, 7, 3, 6, 2)
,(0, 2, 6, 4, 5, 1, 7, 3)
,(0, 3, 7, 1, 5, 4, 6, 2)
,(0, 2, 6, 4, 5, 7, 1, 3)
,(0, 3, 1, 7, 5, 4, 6, 2)
,(0, 2, 6, 5, 1, 3, 7, 4)
,(0, 4, 7, 3, 1, 5, 6, 2)
,(0, 2, 6, 5, 7, 3, 1, 4)
,(0, 4, 1, 3, 7, 5, 6, 2)
,(0, 2, 6, 7, 3, 5, 1, 4)
,(0, 4, 1, 5, 3, 7, 6, 2)
,(0, 2, 6, 7, 5, 3, 1, 4)
,(0, 4, 1, 3, 5, 7, 6, 2)
,(0, 2, 7, 3, 1, 5, 4, 6)
,(0, 6, 4, 5, 1, 3, 7, 2)
,(0, 2, 7, 3, 1, 5, 6, 4)
,(0, 4, 6, 5, 1, 3, 7, 2)
,(0, 3, 1, 5, 7, 6, 2, 4)
,(0, 4, 2, 6, 7, 5, 1, 3)
,(0, 3, 7, 5, 1, 2, 6, 4)
,(0, 4, 6, 2, 1, 5, 7, 3)
,(0, 4, 1, 5, 7, 3, 2, 6)
,(0, 6, 2, 3, 7, 5, 1, 4)
,(0, 4, 2, 6, 7, 3, 1, 5)
,(0, 5, 1, 3, 7, 6, 2, 4)
,(0, 4, 5, 1, 3, 7, 2, 6)
,(0, 6, 2, 7, 3, 1, 5, 4)
,(0, 4, 6, 2, 1, 3, 7, 5)
,(0, 5, 7, 3, 1, 2, 6, 4)
,(0, 4, 6, 2, 3, 1, 7, 5)
,(0, 5, 7, 1, 3, 2, 6, 4)
,(0, 4, 6, 2, 3, 7, 1, 5)
,(0, 5, 1, 7, 3, 2, 6, 4)
,(0, 4, 7, 5, 1, 3, 2, 6)
,(0, 6, 2, 3, 1, 5, 7, 4)
,(0, 1, 2, 4, 7, 5, 3, 6)
,(0, 6, 3, 5, 7, 4, 2, 1)
,(0, 1, 2, 7, 4, 6, 3, 5)
,(0, 5, 3, 6, 4, 7, 2, 1)
,(0, 1, 4, 2, 7, 3, 5, 6)
,(0, 6, 5, 3, 7, 2, 4, 1)
,(0, 1, 4, 2, 7, 3, 6, 5)
,(0, 5, 6, 3, 7, 2, 4, 1)
,(0, 1, 4, 2, 7, 5, 6, 3)
,(0, 3, 6, 5, 7, 2, 4, 1)
,(0, 1, 4, 2, 7, 6, 3, 5)
,(0, 5, 3, 6, 7, 2, 4, 1)
,(0, 1, 4, 7, 2, 6, 5, 3)
,(0, 3, 5, 6, 2, 7, 4, 1)
,(0, 1, 7, 2, 4, 5, 3, 6)
,(0, 6, 3, 5, 4, 2, 7, 1)
,(0, 1, 7, 2, 4, 6, 5, 3)
,(0, 3, 5, 6, 4, 2, 7, 1)
,(0, 1, 7, 4, 2, 6, 5, 3)
,(0, 3, 5, 6, 2, 4, 7, 1)
,(0, 2, 1, 4, 7, 3, 5, 6)
,(0, 6, 5, 3, 7, 4, 1, 2)
,(0, 2, 1, 4, 7, 3, 6, 5)
,(0, 5, 6, 3, 7, 4, 1, 2)
,(0, 2, 1, 4, 7, 5, 6, 3)
,(0, 3, 6, 5, 7, 4, 1, 2)
,(0, 2, 1, 4, 7, 6, 3, 5)
,(0, 5, 3, 6, 7, 4, 1, 2)
,(0, 2, 1, 7, 4, 5, 3, 6)
,(0, 6, 3, 5, 4, 7, 1, 2)
,(0, 2, 1, 7, 4, 6, 5, 3)
,(0, 3, 5, 6, 4, 7, 1, 2)
,(0, 2, 4, 1, 7, 6, 5, 3)
,(0, 3, 5, 6, 7, 1, 4, 2)
,(0, 2, 7, 1, 4, 5, 6, 3)
,(0, 3, 6, 5, 4, 1, 7, 2)
,(0, 3, 1, 2, 4, 7, 5, 6)
,(0, 6, 5, 7, 4, 2, 1, 3)
,(0, 3, 1, 2, 7, 4, 6, 5)
,(0, 5, 6, 4, 7, 2, 1, 3)
,(0, 3, 1, 4, 2, 7, 6, 5)
,(0, 5, 6, 7, 2, 4, 1, 3)
,(0, 3, 1, 7, 2, 4, 5, 6)
,(0, 6, 5, 4, 2, 7, 1, 3)
,(0, 3, 2, 4, 1, 7, 5, 6)
,(0, 6, 5, 7, 1, 4, 2, 3)
,(0, 3, 2, 4, 7, 1, 5, 6)
,(0, 6, 5, 1, 7, 4, 2, 3)
,(0, 3, 2, 7, 1, 4, 6, 5)
,(0, 5, 6, 4, 1, 7, 2, 3)
,(0, 3, 2, 7, 4, 1, 5, 6)
,(0, 6, 5, 1, 4, 7, 2, 3)
,(0, 3, 5, 1, 2, 4, 7, 6)
,(0, 6, 7, 4, 2, 1, 5, 3)
,(0, 3, 5, 4, 7, 1, 2, 6)
,(0, 6, 2, 1, 7, 4, 5, 3)
,(0, 3, 5, 6, 2, 1, 7, 4)
,(0, 4, 7, 1, 2, 6, 5, 3)
,(0, 3, 6, 2, 1, 7, 4, 5)
,(0, 5, 4, 7, 1, 2, 6, 3)
,(0, 3, 6, 5, 1, 2, 7, 4)
,(0, 4, 7, 2, 1, 5, 6, 3)
,(0, 3, 6, 5, 7, 1, 2, 4)
,(0, 4, 2, 1, 7, 5, 6, 3)
,(0, 3, 6, 5, 7, 2, 1, 4)
,(0, 4, 1, 2, 7, 5, 6, 3)
,(0, 3, 6, 7, 4, 2, 1, 5)
,(0, 5, 1, 2, 4, 7, 6, 3)
,(0, 3, 7, 1, 2, 4, 6, 5)
,(0, 5, 6, 4, 2, 1, 7, 3)
,(0, 3, 7, 2, 1, 4, 6, 5)
,(0, 5, 6, 4, 1, 2, 7, 3)
,(0, 3, 7, 4, 1, 2, 6, 5)
,(0, 5, 6, 2, 1, 4, 7, 3)
,(0, 3, 7, 4, 2, 1, 5, 6)
,(0, 6, 5, 1, 2, 4, 7, 3)
,(0, 4, 1, 2, 7, 3, 5, 6)
,(0, 6, 5, 3, 7, 2, 1, 4)
,(0, 4, 1, 2, 7, 3, 6, 5)
,(0, 5, 6, 3, 7, 2, 1, 4)
,(0, 4, 1, 2, 7, 6, 3, 5)
,(0, 5, 3, 6, 7, 2, 1, 4)
,(0, 4, 1, 7, 2, 3, 5, 6)
,(0, 6, 5, 3, 2, 7, 1, 4)
,(0, 4, 1, 7, 2, 3, 6, 5)
,(0, 5, 6, 3, 2, 7, 1, 4)
,(0, 4, 2, 1, 7, 3, 5, 6)
,(0, 6, 5, 3, 7, 1, 2, 4)
,(0, 4, 2, 1, 7, 3, 6, 5)
,(0, 5, 6, 3, 7, 1, 2, 4)
,(0, 4, 2, 1, 7, 6, 3, 5)
,(0, 5, 3, 6, 7, 1, 2, 4)
,(0, 4, 7, 2, 1, 3, 5, 6)
,(0, 6, 5, 3, 1, 2, 7, 4)
,(0, 4, 7, 2, 1, 3, 6, 5)
,(0, 5, 6, 3, 1, 2, 7, 4)
,(0, 5, 3, 1, 2, 4, 7, 6)
,(0, 6, 7, 4, 2, 1, 3, 5)
,(0, 5, 3, 2, 1, 7, 4, 6)
,(0, 6, 4, 7, 1, 2, 3, 5)
,(0, 5, 3, 2, 4, 1, 7, 6)
,(0, 6, 7, 1, 4, 2, 3, 5)
,(0, 5, 4, 1, 2, 7, 3, 6)
,(0, 6, 3, 7, 2, 1, 4, 5)
,(0, 5, 4, 1, 7, 2, 3, 6)
,(0, 6, 3, 2, 7, 1, 4, 5)
,(0, 5, 4, 2, 1, 7, 3, 6)
,(0, 6, 3, 7, 1, 2, 4, 5)
,(0, 5, 4, 7, 2, 1, 3, 6)
,(0, 6, 3, 1, 2, 7, 4, 5)
,(0, 5, 7, 4, 1, 2, 3, 6)
,(0, 6, 3, 2, 1, 4, 7, 5)
,(0, 1, 2, 4, 6, 3, 7, 5)
,(0, 5, 7, 3, 6, 4, 2, 1)
,(0, 1, 2, 6, 3, 5, 7, 4)
,(0, 4, 7, 5, 3, 6, 2, 1)
,(0, 1, 2, 6, 4, 7, 3, 5)
,(0, 5, 3, 7, 4, 6, 2, 1)
,(0, 1, 2, 6, 4, 7, 5, 3)
,(0, 3, 5, 7, 4, 6, 2, 1)
,(0, 1, 2, 7, 5, 3, 6, 4)
,(0, 4, 6, 3, 5, 7, 2, 1)
,(0, 1, 3, 5, 4, 7, 2, 6)
,(0, 6, 2, 7, 4, 5, 3, 1)
,(0, 1, 3, 5, 6, 2, 7, 4)
,(0, 4, 7, 2, 6, 5, 3, 1)
,(0, 1, 3, 5, 6, 4, 7, 2)
,(0, 2, 7, 4, 6, 5, 3, 1)
,(0, 1, 3, 6, 2, 7, 4, 5)
,(0, 5, 4, 7, 2, 6, 3, 1)
,(0, 1, 3, 6, 5, 7, 2, 4)
,(0, 4, 2, 7, 5, 6, 3, 1)
,(0, 1, 3, 6, 5, 7, 4, 2)
,(0, 2, 4, 7, 5, 6, 3, 1)
,(0, 1, 3, 7, 2, 4, 6, 5)
,(0, 5, 6, 4, 2, 7, 3, 1)
,(0, 1, 3, 7, 4, 2, 6, 5)
,(0, 5, 6, 2, 4, 7, 3, 1)
,(0, 1, 4, 2, 6, 5, 7, 3)
,(0, 3, 7, 5, 6, 2, 4, 1)
,(0, 1, 4, 2, 6, 7, 3, 5)
,(0, 5, 3, 7, 6, 2, 4, 1)
,(0, 1, 4, 2, 6, 7, 5, 3)
,(0, 3, 5, 7, 6, 2, 4, 1)
,(0, 1, 4, 5, 3, 7, 2, 6)
,(0, 6, 2, 7, 3, 5, 4, 1)
,(0, 1, 4, 5, 7, 2, 6, 3)
,(0, 3, 6, 2, 7, 5, 4, 1)
,(0, 1, 4, 6, 3, 2, 7, 5)
,(0, 5, 7, 2, 3, 6, 4, 1)
,(0, 1, 4, 6, 5, 3, 7, 2)
,(0, 2, 7, 3, 5, 6, 4, 1)
,(0, 1, 4, 7, 3, 5, 6, 2)
,(0, 2, 6, 5, 3, 7, 4, 1)
,(0, 1, 4, 7, 5, 3, 2, 6)
,(0, 6, 2, 3, 5, 7, 4, 1)
,(0, 1, 5, 3, 2, 7, 4, 6)
,(0, 6, 4, 7, 2, 3, 5, 1)
,(0, 1, 5, 3, 6, 7, 2, 4)
,(0, 4, 2, 7, 6, 3, 5, 1)
,(0, 1, 5, 3, 6, 7, 4, 2)
,(0, 2, 4, 7, 6, 3, 5, 1)
,(0, 1, 5, 4, 2, 7, 3, 6)
,(0, 6, 3, 7, 2, 4, 5, 1)
,(0, 1, 5, 4, 7, 2, 6, 3)
,(0, 3, 6, 2, 7, 4, 5, 1)
,(0, 1, 5, 6, 2, 4, 7, 3)
,(0, 3, 7, 4, 2, 6, 5, 1)
,(0, 1, 5, 6, 3, 7, 2, 4)
,(0, 4, 2, 7, 3, 6, 5, 1)
,(0, 1, 5, 6, 3, 7, 4, 2)
,(0, 2, 4, 7, 3, 6, 5, 1)
,(0, 1, 5, 6, 4, 2, 7, 3)
,(0, 3, 7, 2, 4, 6, 5, 1)
,(0, 1, 5, 7, 4, 2, 3, 6)
,(0, 6, 3, 2, 4, 7, 5, 1)
,(0, 1, 7, 2, 6, 3, 5, 4)
,(0, 4, 5, 3, 6, 2, 7, 1)
,(0, 1, 7, 2, 6, 4, 5, 3)
,(0, 3, 5, 4, 6, 2, 7, 1)
,(0, 1, 7, 3, 5, 4, 2, 6)
,(0, 6, 2, 4, 5, 3, 7, 1)
,(0, 1, 7, 3, 5, 6, 2, 4)
,(0, 4, 2, 6, 5, 3, 7, 1)
,(0, 1, 7, 3, 5, 6, 4, 2)
,(0, 2, 4, 6, 5, 3, 7, 1)
,(0, 1, 7, 3, 6, 2, 4, 5)
,(0, 5, 4, 2, 6, 3, 7, 1)
,(0, 1, 7, 4, 5, 3, 6, 2)
,(0, 2, 6, 3, 5, 4, 7, 1)
,(0, 1, 7, 4, 6, 2, 3, 5)
,(0, 5, 3, 2, 6, 4, 7, 1)
,(0, 1, 7, 5, 3, 2, 4, 6)
,(0, 6, 4, 2, 3, 5, 7, 1)
,(0, 1, 7, 5, 4, 2, 6, 3)
,(0, 3, 6, 2, 4, 5, 7, 1)
,(0, 2, 1, 3, 6, 5, 7, 4)
,(0, 4, 7, 5, 6, 3, 1, 2)
,(0, 2, 1, 3, 7, 4, 6, 5)
,(0, 5, 6, 4, 7, 3, 1, 2)
,(0, 2, 1, 4, 5, 7, 3, 6)
,(0, 6, 3, 7, 5, 4, 1, 2)
,(0, 2, 1, 4, 6, 5, 7, 3)
,(0, 3, 7, 5, 6, 4, 1, 2)
,(0, 2, 1, 4, 6, 7, 3, 5)
,(0, 5, 3, 7, 6, 4, 1, 2)
,(0, 2, 1, 4, 6, 7, 5, 3)
,(0, 3, 5, 7, 6, 4, 1, 2)
,(0, 2, 1, 5, 3, 6, 7, 4)
,(0, 4, 7, 6, 3, 5, 1, 2)
,(0, 2, 1, 5, 4, 7, 3, 6)
,(0, 6, 3, 7, 4, 5, 1, 2)
,(0, 2, 1, 5, 6, 3, 7, 4)
,(0, 4, 7, 3, 6, 5, 1, 2)
,(0, 2, 1, 5, 6, 4, 7, 3)
,(0, 3, 7, 4, 6, 5, 1, 2)
,(0, 2, 1, 7, 3, 5, 4, 6)
,(0, 6, 4, 5, 3, 7, 1, 2)
,(0, 2, 1, 7, 3, 5, 6, 4)
,(0, 4, 6, 5, 3, 7, 1, 2)
,(0, 2, 1, 7, 3, 6, 4, 5)
,(0, 5, 4, 6, 3, 7, 1, 2)
,(0, 2, 1, 7, 5, 4, 6, 3)
,(0, 3, 6, 4, 5, 7, 1, 2)
,(0, 2, 3, 1, 4, 7, 5, 6)
,(0, 6, 5, 7, 4, 1, 3, 2)
,(0, 2, 3, 1, 7, 4, 6, 5)
,(0, 5, 6, 4, 7, 1, 3, 2)
,(0, 2, 3, 5, 1, 4, 7, 6)
,(0, 6, 7, 4, 1, 5, 3, 2)
,(0, 2, 3, 6, 5, 1, 7, 4)
,(0, 4, 7, 1, 5, 6, 3, 2)
,(0, 2, 3, 6, 5, 7, 1, 4)
,(0, 4, 1, 7, 5, 6, 3, 2)
,(0, 2, 3, 6, 7, 4, 1, 5)
,(0, 5, 1, 4, 7, 6, 3, 2)
,(0, 2, 3, 7, 1, 4, 6, 5)
,(0, 5, 6, 4, 1, 7, 3, 2)
,(0, 2, 3, 7, 4, 1, 5, 6)
,(0, 6, 5, 1, 4, 7, 3, 2)
,(0, 2, 4, 1, 3, 7, 6, 5)
,(0, 5, 6, 7, 3, 1, 4, 2)
,(0, 2, 4, 1, 5, 6, 7, 3)
,(0, 3, 7, 6, 5, 1, 4, 2)
,(0, 2, 4, 5, 1, 7, 6, 3)
,(0, 3, 6, 7, 1, 5, 4, 2)
,(0, 2, 4, 5, 3, 1, 7, 6)
,(0, 6, 7, 1, 3, 5, 4, 2)
,(0, 2, 4, 7, 6, 5, 1, 3)
,(0, 3, 1, 5, 6, 7, 4, 2)
,(0, 2, 6, 5, 4, 1, 7, 3)
,(0, 3, 7, 1, 4, 5, 6, 2)
,(0, 2, 6, 5, 4, 7, 1, 3)
,(0, 3, 1, 7, 4, 5, 6, 2)
,(0, 2, 6, 7, 1, 4, 5, 3)
,(0, 3, 5, 4, 1, 7, 6, 2)
,(0, 2, 7, 1, 3, 6, 5, 4)
,(0, 4, 5, 6, 3, 1, 7, 2)
,(0, 2, 7, 3, 1, 4, 5, 6)
,(0, 6, 5, 4, 1, 3, 7, 2)
,(0, 2, 7, 6, 3, 1, 4, 5)
,(0, 5, 4, 1, 3, 6, 7, 2)
,(0, 2, 7, 6, 5, 3, 1, 4)
,(0, 4, 1, 3, 5, 6, 7, 2)
,(0, 3, 1, 2, 4, 6, 7, 5)
,(0, 5, 7, 6, 4, 2, 1, 3)
,(0, 3, 1, 2, 6, 5, 7, 4)
,(0, 4, 7, 5, 6, 2, 1, 3)
,(0, 3, 1, 2, 7, 5, 4, 6)
,(0, 6, 4, 5, 7, 2, 1, 3)
,(0, 3, 1, 2, 7, 5, 6, 4)
,(0, 4, 6, 5, 7, 2, 1, 3)
,(0, 3, 1, 5, 4, 2, 7, 6)
,(0, 6, 7, 2, 4, 5, 1, 3)
,(0, 3, 1, 5, 6, 7, 2, 4)
,(0, 4, 2, 7, 6, 5, 1, 3)
,(0, 3, 1, 7, 2, 6, 5, 4)
,(0, 4, 5, 6, 2, 7, 1, 3)
,(0, 3, 1, 7, 6, 2, 4, 5)
,(0, 5, 4, 2, 6, 7, 1, 3)
,(0, 3, 2, 1, 5, 7, 4, 6)
,(0, 6, 4, 7, 5, 1, 2, 3)
,(0, 3, 2, 4, 1, 5, 7, 6)
,(0, 6, 7, 5, 1, 4, 2, 3)
,(0, 3, 2, 4, 6, 7, 1, 5)
,(0, 5, 1, 7, 6, 4, 2, 3)
,(0, 3, 2, 6, 5, 1, 7, 4)
,(0, 4, 7, 1, 5, 6, 2, 3)
,(0, 3, 2, 6, 5, 7, 1, 4)
,(0, 4, 1, 7, 5, 6, 2, 3)
,(0, 3, 2, 6, 7, 4, 1, 5)
,(0, 5, 1, 4, 7, 6, 2, 3)
,(0, 3, 2, 7, 1, 5, 4, 6)
,(0, 6, 4, 5, 1, 7, 2, 3)
,(0, 3, 2, 7, 1, 5, 6, 4)
,(0, 4, 6, 5, 1, 7, 2, 3)
,(0, 3, 2, 7, 6, 4, 1, 5)
,(0, 5, 1, 4, 6, 7, 2, 3)
,(0, 3, 5, 1, 2, 6, 7, 4)
,(0, 4, 7, 6, 2, 1, 5, 3)
,(0, 3, 5, 1, 2, 7, 6, 4)
,(0, 4, 6, 7, 2, 1, 5, 3)
,(0, 3, 5, 7, 6, 2, 1, 4)
,(0, 4, 1, 2, 6, 7, 5, 3)
,(0, 3, 6, 2, 1, 7, 5, 4)
,(0, 4, 5, 7, 1, 2, 6, 3)
,(0, 3, 6, 7, 5, 1, 2, 4)
,(0, 4, 2, 1, 5, 7, 6, 3)
,(0, 3, 7, 1, 2, 6, 4, 5)
,(0, 5, 4, 6, 2, 1, 7, 3)
,(0, 3, 7, 2, 1, 5, 4, 6)
,(0, 6, 4, 5, 1, 2, 7, 3)
,(0, 3, 7, 2, 1, 5, 6, 4)
,(0, 4, 6, 5, 1, 2, 7, 3)
,(0, 3, 7, 4, 5, 1, 2, 6)
,(0, 6, 2, 1, 5, 4, 7, 3)
,(0, 3, 7, 5, 4, 1, 2, 6)
,(0, 6, 2, 1, 4, 5, 7, 3)
,(0, 3, 7, 5, 6, 2, 1, 4)
,(0, 4, 1, 2, 6, 5, 7, 3)
,(0, 3, 7, 6, 4, 2, 1, 5)
,(0, 5, 1, 2, 4, 6, 7, 3)
,(0, 4, 1, 2, 6, 7, 3, 5)
,(0, 5, 3, 7, 6, 2, 1, 4)
,(0, 4, 1, 3, 2, 7, 5, 6)
,(0, 6, 5, 7, 2, 3, 1, 4)
,(0, 4, 1, 5, 3, 2, 7, 6)
,(0, 6, 7, 2, 3, 5, 1, 4)
,(0, 4, 1, 7, 3, 2, 6, 5)
,(0, 5, 6, 2, 3, 7, 1, 4)
,(0, 4, 1, 7, 6, 2, 3, 5)
,(0, 5, 3, 2, 6, 7, 1, 4)
,(0, 4, 2, 1, 3, 5, 7, 6)
,(0, 6, 7, 5, 3, 1, 2, 4)
,(0, 4, 2, 1, 3, 6, 7, 5)
,(0, 5, 7, 6, 3, 1, 2, 4)
,(0, 4, 2, 1, 3, 7, 5, 6)
,(0, 6, 5, 7, 3, 1, 2, 4)
,(0, 4, 2, 1, 5, 3, 7, 6)
,(0, 6, 7, 3, 5, 1, 2, 4)
,(0, 4, 2, 3, 1, 7, 5, 6)
,(0, 6, 5, 7, 1, 3, 2, 4)
,(0, 4, 2, 3, 5, 1, 7, 6)
,(0, 6, 7, 1, 5, 3, 2, 4)
,(0, 4, 2, 3, 6, 7, 1, 5)
,(0, 5, 1, 7, 6, 3, 2, 4)
,(0, 4, 2, 3, 7, 1, 5, 6)
,(0, 6, 5, 1, 7, 3, 2, 4)
,(0, 4, 5, 1, 2, 7, 3, 6)
,(0, 6, 3, 7, 2, 1, 5, 4)
,(0, 4, 5, 1, 7, 2, 3, 6)
,(0, 6, 3, 2, 7, 1, 5, 4)
,(0, 4, 5, 3, 7, 1, 2, 6)
,(0, 6, 2, 1, 7, 3, 5, 4)
,(0, 4, 5, 7, 2, 1, 3, 6)
,(0, 6, 3, 1, 2, 7, 5, 4)
,(0, 4, 6, 3, 2, 1, 7, 5)
,(0, 5, 7, 1, 2, 3, 6, 4)
,(0, 4, 6, 7, 2, 1, 3, 5)
,(0, 5, 3, 1, 2, 7, 6, 4)
,(0, 4, 7, 1, 3, 2, 6, 5)
,(0, 5, 6, 2, 3, 1, 7, 4)
,(0, 4, 7, 2, 3, 1, 5, 6)
,(0, 6, 5, 1, 3, 2, 7, 4)
,(0, 4, 7, 3, 1, 2, 6, 5)
,(0, 5, 6, 2, 1, 3, 7, 4)
,(0, 4, 7, 5, 1, 2, 3, 6)
,(0, 6, 3, 2, 1, 5, 7, 4)
,(0, 4, 7, 6, 2, 1, 3, 5)
,(0, 5, 3, 1, 2, 6, 7, 4)
,(0, 5, 1, 2, 3, 7, 4, 6)
,(0, 6, 4, 7, 3, 2, 1, 5)
,(0, 5, 1, 3, 2, 4, 7, 6)
,(0, 6, 7, 4, 2, 3, 1, 5)
,(0, 5, 1, 4, 2, 3, 7, 6)
,(0, 6, 7, 3, 2, 4, 1, 5)
,(0, 5, 4, 1, 7, 3, 2, 6)
,(0, 6, 2, 3, 7, 1, 4, 5)
,(0, 5, 4, 7, 1, 3, 2, 6)
,(0, 6, 2, 3, 1, 7, 4, 5)
,(0, 5, 4, 7, 3, 1, 2, 6)
,(0, 6, 2, 1, 3, 7, 4, 5)
,(0, 5, 7, 3, 2, 1, 4, 6)
,(0, 6, 4, 1, 2, 3, 7, 5)
,(0, 1, 3, 2, 6, 4, 7, 5)
,(0, 5, 7, 4, 6, 2, 3, 1)
,(0, 1, 3, 5, 7, 6, 2, 4)
,(0, 4, 2, 6, 7, 5, 3, 1)
,(0, 1, 3, 5, 7, 6, 4, 2)
,(0, 2, 4, 6, 7, 5, 3, 1)
,(0, 1, 3, 6, 2, 7, 5, 4)
,(0, 4, 5, 7, 2, 6, 3, 1)
,(0, 1, 3, 6, 4, 5, 7, 2)
,(0, 2, 7, 5, 4, 6, 3, 1)
,(0, 1, 3, 7, 2, 6, 4, 5)
,(0, 5, 4, 6, 2, 7, 3, 1)
,(0, 1, 3, 7, 5, 4, 2, 6)
,(0, 6, 2, 4, 5, 7, 3, 1)
,(0, 1, 3, 7, 5, 6, 2, 4)
,(0, 4, 2, 6, 5, 7, 3, 1)
,(0, 1, 3, 7, 5, 6, 4, 2)
,(0, 2, 4, 6, 5, 7, 3, 1)
,(0, 1, 4, 5, 7, 3, 6, 2)
,(0, 2, 6, 3, 7, 5, 4, 1)
,(0, 1, 4, 6, 2, 3, 7, 5)
,(0, 5, 7, 3, 2, 6, 4, 1)
,(0, 1, 5, 3, 7, 6, 2, 4)
,(0, 4, 2, 6, 7, 3, 5, 1)
,(0, 1, 5, 3, 7, 6, 4, 2)
,(0, 2, 4, 6, 7, 3, 5, 1)
,(0, 1, 5, 4, 6, 2, 7, 3)
,(0, 3, 7, 2, 6, 4, 5, 1)
,(0, 1, 5, 4, 6, 3, 7, 2)
,(0, 2, 7, 3, 6, 4, 5, 1)
,(0, 1, 5, 4, 7, 3, 6, 2)
,(0, 2, 6, 3, 7, 4, 5, 1)
,(0, 1, 5, 7, 2, 3, 6, 4)
,(0, 4, 6, 3, 2, 7, 5, 1)
,(0, 1, 5, 7, 3, 2, 4, 6)
,(0, 6, 4, 2, 3, 7, 5, 1)
,(0, 1, 5, 7, 4, 6, 2, 3)
,(0, 3, 2, 6, 4, 7, 5, 1)
,(0, 1, 5, 7, 4, 6, 3, 2)
,(0, 2, 3, 6, 4, 7, 5, 1)
,(0, 1, 7, 3, 5, 4, 6, 2)
,(0, 2, 6, 4, 5, 3, 7, 1)
,(0, 1, 7, 5, 3, 2, 6, 4)
,(0, 4, 6, 2, 3, 5, 7, 1)
,(0, 2, 1, 3, 5, 7, 6, 4)
,(0, 4, 6, 7, 5, 3, 1, 2)
,(0, 2, 1, 3, 7, 5, 4, 6)
,(0, 6, 4, 5, 7, 3, 1, 2)
,(0, 2, 1, 3, 7, 5, 6, 4)
,(0, 4, 6, 5, 7, 3, 1, 2)
,(0, 2, 1, 5, 3, 7, 6, 4)
,(0, 4, 6, 7, 3, 5, 1, 2)
,(0, 2, 3, 1, 4, 6, 7, 5)
,(0, 5, 7, 6, 4, 1, 3, 2)
,(0, 2, 3, 1, 7, 5, 4, 6)
,(0, 6, 4, 5, 7, 1, 3, 2)
,(0, 2, 3, 1, 7, 5, 6, 4)
,(0, 4, 6, 5, 7, 1, 3, 2)
,(0, 2, 3, 5, 1, 7, 6, 4)
,(0, 4, 6, 7, 1, 5, 3, 2)
,(0, 2, 3, 6, 7, 5, 1, 4)
,(0, 4, 1, 5, 7, 6, 3, 2)
,(0, 2, 3, 7, 1, 5, 4, 6)
,(0, 6, 4, 5, 1, 7, 3, 2)
,(0, 2, 3, 7, 1, 5, 6, 4)
,(0, 4, 6, 5, 1, 7, 3, 2)
,(0, 2, 3, 7, 6, 4, 1, 5)
,(0, 5, 1, 4, 6, 7, 3, 2)
,(0, 2, 4, 5, 1, 3, 7, 6)
,(0, 6, 7, 3, 1, 5, 4, 2)
,(0, 2, 6, 7, 1, 3, 5, 4)
,(0, 4, 5, 3, 1, 7, 6, 2)
,(0, 2, 6, 7, 3, 1, 4, 5)
,(0, 5, 4, 1, 3, 7, 6, 2)
,(0, 2, 6, 7, 4, 5, 1, 3)
,(0, 3, 1, 5, 4, 7, 6, 2)
,(0, 2, 6, 7, 5, 4, 1, 3)
,(0, 3, 1, 4, 5, 7, 6, 2)
,(0, 2, 7, 6, 3, 1, 5, 4)
,(0, 4, 5, 1, 3, 6, 7, 2)
,(0, 2, 7, 6, 4, 5, 1, 3)
,(0, 3, 1, 5, 4, 6, 7, 2)
,(0, 3, 2, 6, 7, 5, 1, 4)
,(0, 4, 1, 5, 7, 6, 2, 3)
,(0, 4, 1, 3, 2, 6, 7, 5)
,(0, 5, 7, 6, 2, 3, 1, 4)
,(0, 4, 2, 3, 1, 5, 7, 6)
,(0, 6, 7, 5, 1, 3, 2, 4)
,(0, 4, 5, 1, 7, 3, 2, 6)
,(0, 6, 2, 3, 7, 1, 5, 4)
,(0, 4, 5, 7, 1, 3, 2, 6)
,(0, 6, 2, 3, 1, 7, 5, 4)
,(0, 4, 5, 7, 3, 1, 2, 6)
,(0, 6, 2, 1, 3, 7, 5, 4)
,(0, 4, 6, 7, 2, 3, 1, 5)
,(0, 5, 1, 3, 2, 7, 6, 4)
,(0, 4, 7, 6, 2, 3, 1, 5)
,(0, 5, 1, 3, 2, 6, 7, 4)
,(0, 1, 3, 7, 5, 4, 6, 2)
,(0, 2, 6, 4, 5, 7, 3, 1)
,(0, 1, 5, 7, 3, 2, 6, 4)
,(0, 4, 6, 2, 3, 7, 5, 1)
,(0, 2, 3, 1, 5, 7, 6, 4)
,(0, 4, 6, 7, 5, 1, 3, 2)
,(0, 2, 6, 7, 3, 1, 5, 4)
,(0, 4, 5, 1, 3, 7, 6, 2)
,(0, 1, 2, 4, 7, 3, 5, 6)
,(0, 6, 5, 3, 7, 4, 2, 1)
,(0, 1, 2, 4, 7, 3, 6, 5)
,(0, 5, 6, 3, 7, 4, 2, 1)
,(0, 1, 2, 4, 7, 5, 6, 3)
,(0, 3, 6, 5, 7, 4, 2, 1)
,(0, 1, 2, 4, 7, 6, 3, 5)
,(0, 5, 3, 6, 7, 4, 2, 1)
,(0, 1, 2, 7, 4, 5, 3, 6)
,(0, 6, 3, 5, 4, 7, 2, 1)
,(0, 1, 2, 7, 4, 6, 5, 3)
,(0, 3, 5, 6, 4, 7, 2, 1)
,(0, 1, 4, 2, 7, 6, 5, 3)
,(0, 3, 5, 6, 7, 2, 4, 1)
,(0, 1, 4, 7, 2, 3, 5, 6)
,(0, 6, 5, 3, 2, 7, 4, 1)
)) #挑选后耂列表纟半爻变单环置换纟三爻元

>>> for i in range(25):(i, log(2**i,3))
...
(0, 0.0)
(1, 0.6309297535714574)
(2, 1.2618595071429148)
(3, 1.892789260714372)
(4, 2.5237190142858297)
(5, 3.154648767857287)
(6, 3.785578521428744)
(7, 4.416508275000202)
(8, 5.047438028571659)
(9, 5.678367782143116)
(10, 6.309297535714574)
(11, 6.940227289286032)
(12, 7.571157042857488)
(13, 8.202086796428945)
(14, 8.833016550000403)
(15, 9.463946303571861)
(16, 10.094876057143319)
(17, 10.725805810714775)
(18, 11.356735564286232)
(19, 11.98766531785769)
(20, 12.618595071429148)
(21, 13.249524825000606)
(22, 13.880454578572063)
(23, 14.51138433214352)
(24, 15.142314085714975)
>>> 2**8-3**5
13
>>> 2**16-3**10
6487
for i in range(25):
    zpow=2**i
    l3=log(zpow,3)
    fl3=floor(l3)
    print(f'{2**i-3**fl3}==2**{i}-3**{fl3}=={2**i}-{3**fl3}')


>>> from math import *
>>> for i in range(25):
...     zpow=2**i
...     l3=log(zpow,3)
...     fl3=floor(l3)
...     print(f'{2**i-3**fl3}==2**{i}-3**{fl3}=={2**i}-{3**fl3}')
...
0==2**0-3**0==1-1
1==2**1-3**0==2-1
1==2**2-3**1==4-3
5==2**3-3**1==8-3
7==2**4-3**2==16-9
5==2**5-3**3==32-27
37==2**6-3**3==64-27
47==2**7-3**4==128-81
13==2**8-3**5==256-243
269==2**9-3**5==512-243
295==2**10-3**6==1024-729
1319==2**11-3**6==2048-729
1909==2**12-3**7==4096-2187
1631==2**13-3**8==8192-6561
9823==2**14-3**8==16384-6561
13085==2**15-3**9==32768-19683
6487==2**16-3**10==65536-59049
72023==2**17-3**10==131072-59049
84997==2**18-3**11==262144-177147
347141==2**19-3**11==524288-177147
517135==2**20-3**12==1048576-531441
502829==2**21-3**13==2097152-1594323
2599981==2**22-3**13==4194304-1594323
3605639==2**23-3**14==8388608-4782969
2428309==2**24-3**15==16777216-14348907

即:32768bit==2**15 bit==3**9+13085 bit == 4096byte == 4KiB
即:8192bit==2**13 bit==3**8+1631 bit == 1024byte == 1KiB
即:65536bit==2**16 bit==3**10+6487 bit == 8192byte == 8KiB
即:256bit==2**8 bit==3**5+13 bit == 32byte
  最小 3bit 块 直接 使用 (1/1024 挑选后耂列表纟半爻变单环置换纟三爻元)或(1/1488 半爻变单环置换纟三爻元)
  每大块 拆分成 三小块，各自加密，再 纵向串联 3bit 序列 各自加密
  不完整部分(13bit):采用 循环CBC模式 实现 块型加密, 最后可以 CBC-尾交换
  即:
    [密文纟此块:=加密扌(密文纟前块^明文纟此块)]
      #CBC
      [密文纟前块{序号纟此块==0} := 初始值]
      [明文纟继块{序号纟此块} := 周期循环延展{明文}[3**5*(序号纟此块+1):3**5*(序号纟此块+2)]]
        #循环CBC
    CBC-尾交换:
      输入:尾交换前耂密文纟倒数第二块{len=L2}，明文纟不完整的倒数第一块{len=L1}
      [尾交换后耂密文纟不完整的倒数第一块 := 尾交换前耂密文纟倒数第二块[:L1]]
      [尾交换后耂密文纟倒数第二块 := 加密扌(尾交换前耂密文纟倒数第二块^(明文纟不完整的倒数第一块++[0]*(L2-L1)))]
          #==加密扌((尾交换前耂密文纟倒数第二块[:L1]^明文纟不完整的倒数第一块)++尾交换前耂密文纟倒数第二块[L1:])
          #vs:[密文纟此块:=加密扌(密文纟前块^明文纟此块)]

]]










